RA;DEC;NH;ENERGY_SLOPE;ENERGY_SLOPE_ERROR;EXPOSURE_TIME;nufnu_3keV(erg.s-1.cm-2);nufnu_error_3keV(erg.s-1.cm-2);nufnu_0.5keV(erg.s-1.cm-2);nufnu_error_0.5keV(erg.s-1.cm-2);upper_limit_0.5keV(erg.s-1.cm-2);nufnu_1.5keV(erg.s-1.cm-2);nufnu_error_1.5keV(erg.s-1.cm-2);upper_limit_1.5keV(erg.s-1.cm-2);nufnu_4.5keV(erg.s-1.cm-2);nufnu_error_4.5keV(erg.s-1.cm-2);upper_limit_4.5keV(erg.s-1.cm-2)
00:56:24.480;-01:16:38.317;3.54E+20;0.8;-999/-999;4572.8;7.96961e-14;2.1177e-14;2.24733e-14;1.55274e-14;-9.990E+02;1.08826e-13;4.02727e-14;-9.990E+02;9.37007e-14;4.60196e-14;-9.990E+02
00:56:19.136;-01:14:58.198;3.52E+20;0.8;-999/-999;4684.2;6.27709e-14;1.97526e-14;1.27727e-14;1.25221e-14;-9.990E+02;7.07549e-14;3.43038e-14;-9.990E+02;1.06643e-13;5.17034e-14;-9.990E+02
00:56:23.004;-01:13:39.516;3.51E+20;0.8;-999/-999;4649.6;5.50197e-14;1.97456e-14;2.23859e-14;1.75189e-14;-9.990E+02;4.65563e-14;3.00594e-14;-9.990E+02;9.35337e-14;5.22796e-14;-9.990E+02
00:56:16.418;-01:14:05.418;3.51E+20;0.8;-999/-999;4642.0;8.17327e-14;2.25664e-14;1.15106e-14;1.18772e-14;-9.990E+02;9.56891e-14;3.93635e-14;-9.990E+02;1.44238e-13;5.93351e-14;-9.990E+02
00:56:16.922;-01:13:16.401;3.50E+20;0.8;-999/-999;4587.3;7.36584e-14;2.115e-14;5.61688e-14;2.41884e-14;-9.990E+02;4.673e-14;2.64994e-14;-9.990E+02;9.39095e-14;4.60162e-14;-9.990E+02
00:56:13.359;-01:14:55.309;3.51E+20;0.8;-999/-999;4462.9;6.12255e-14;1.97456e-14;5.60294e-14;2.58716e-14;-9.990E+02;5.82222e-14;3.12153e-14;-9.990E+02;2.9263e-14;2.73049e-14;-9.990E+02
00:56:25.869;-01:21:22.204;3.57E+20;0.8;-999/-999;4736.2;4.40918e-14;1.69584e-14;4.04633e-14;2.28254e-14;-9.990E+02;4.18989e-14;-4.29374e-11;1.23047e-13;8.41558e-14;4.74725e-14;-9.990E+02
00:56:03.046;-01:14:21.755;3.50E+20;0.8;-999/-999;4647.6;4.98576e-14;1.833e-14;2.6059e-14;1.82387e-14;-9.990E+02;9.03828e-14;4.07188e-14;-9.990E+02;9.53659e-14;-7.00681e-11;1.80214e-13
23:44:40.573;-00:12:08.572;3.36E+20;0.8;-999/-999;4881.5;8.76985e-14;1.68408e-14;4.55693e-14;1.67598e-14;-9.990E+02;9.56635e-14;2.77381e-14;-9.990E+02;9.62615e-14;3.54037e-14;-9.990E+02
23:44:44.654;-00:06:45.581;3.34E+20;0.8;-999/-999;5492.7;4.826e-14;1.27627e-14;2.9237e-14;1.3706e-14;-9.990E+02;1.36567e-14;1.09317e-14;-9.990E+02;1.03054e-13;3.74739e-14;-9.990E+02
23:44:20.701;-00:07:00.412;3.34E+20;0.8;-999/-999;5133.8;2.8597e-14;1.03785e-14;3.11998e-14;1.45089e-14;-9.990E+02;1.45638e-14;1.17924e-14;-9.990E+02;2.19914e-14;1.78067e-14;-9.990E+02
23:45:02.563;-00:11:25.609;3.35E+20;0.8;-999/-999;5146.2;2.83827e-14;1.03822e-14;2.58151e-14;1.30555e-14;-9.990E+02;1.80621e-14;1.29938e-14;-9.990E+02;2.72709e-14;1.96186e-14;-9.990E+02
23:45:02.300;-00:12:01.499;3.35E+20;0.8;-999/-999;5003.4;4.3002e-14;1.2627e-14;9.7725e-15;8.26492e-15;-9.990E+02;6.84338e-14;2.57162e-14;-9.990E+02;4.13243e-14;2.49143e-14;-9.990E+02
23:44:26.306;-00:17:37.181;3.37E+20;0.8;-999/-999;5204.9;2.53404e-14;9.96769e-15;9.22027e-15;7.81258e-15;-9.990E+02;2.57942e-14;1.56087e-14;-9.990E+02;3.89367e-14;2.35616e-14;-9.990E+02
23:44:58.339;-00:01:36.185;3.32E+20;0.8;-999/-999;4826.6;5.2588e-14;1.4016e-14;7.64039e-14;2.36338e-14;-9.990E+02;2.67966e-14;1.65778e-14;-9.990E+02;8.09414e-14;-5.38711e-11;2.67738e-13
20:43:17.825;-00:43:23.131;5.31E+20;0.748;+0.04/-0.03;44772.7;8.70279e-13;1.86156e-14;4.09573e-13;1.71625e-14;-9.990E+02;9.04901e-13;2.86338e-14;-9.990E+02;9.52536e-13;3.61931e-14;-9.990E+02
20:43:15.040;-00:40:37.893;5.30E+20;0.599;+0.13/-0.12;45446.9;8.67141e-14;6.71268e-15;3.19829e-14;5.1139e-15;-9.990E+02;7.8548e-14;9.23942e-15;-9.990E+02;1.01294e-13;1.32195e-14;-9.990E+02
20:43:06.849;-00:42:28.515;5.31E+20;0.8;-999/-999;40150.7;8.96302e-15;2.68488e-15;6.8834e-15;3.37248e-15;-9.990E+02;7.32237e-15;3.88966e-15;-9.990E+02;9.02829e-15;5.31095e-15;-9.990E+02
20:43:43.454;-00:45:40.047;5.32E+20;0.8;-999/-999;45644.2;7.84046e-15;2.3872e-15;4.22377e-15;2.4703e-15;-9.990E+02;6.98681e-15;3.62137e-15;-9.990E+02;1.03376e-14;5.35811e-15;-9.990E+02
20:43:04.804;-00:38:04.695;5.29E+20;0.8;-999/-999;42129.6;2.2927e-14;3.72675e-15;1.33035e-14;4.04429e-15;-9.990E+02;2.14939e-14;5.71245e-15;-9.990E+02;2.69167e-14;7.77316e-15;-9.990E+02
20:43:42.575;-00:47:36.627;5.33E+20;0.8;-999/-999;46241.9;1.67895e-14;3.28328e-15;2.29744e-14;5.47446e-15;-9.990E+02;1.10758e-14;4.27457e-15;-9.990E+02;2.34073e-15;2.3429e-15;-9.990E+02
20:43:37.277;-00:37:15.141;5.27E+20;0.8;-999/-999;46296.4;1.01843e-14;2.53266e-15;4.46145e-15;2.40402e-15;-9.990E+02;9.71233e-15;3.90978e-15;-9.990E+02;1.43774e-14;5.78774e-15;-9.990E+02
20:43:46.177;-00:39:04.959;5.28E+20;0.8;-999/-999;45083.8;8.09978e-15;2.38448e-15;4.7909e-15;2.5865e-15;-9.990E+02;1.1917e-14;4.67763e-15;-9.990E+02;2.9399e-15;2.76951e-15;-9.990E+02
20:43:01.520;-00:37:38.729;5.29E+20;0.8;-999/-999;43326.5;9.17973e-15;2.68326e-15;6.03555e-15;3.08836e-15;-9.990E+02;7.49965e-15;3.83754e-15;-9.990E+02;1.10999e-14;5.67976e-15;-9.990E+02
20:42:53.877;-00:47:29.722;5.35E+20;0.8;-999/-999;46291.2;8.59095e-15;2.53861e-15;7.84234e-15;3.27576e-15;-9.990E+02;1.61877e-15;1.70325e-15;-9.990E+02;1.4363e-14;5.99947e-15;-9.990E+02
20:43:44.947;-00:38:08.515;5.28E+20;0.8;-999/-999;45596.3;7.68399e-15;2.23545e-15;6.9953e-15;2.9392e-15;-9.990E+02;5.79953e-15;2.9692e-15;-9.990E+02;6.43695e-15;3.71883e-15;-9.990E+02
20:43:05.197;-00:35:36.268;5.28E+20;0.8;-999/-999;43082.3;1.93143e-14;3.42769e-15;1.01549e-14;3.55937e-15;-9.990E+02;1.57834e-14;4.86766e-15;-9.990E+02;2.80359e-14;7.85957e-15;-9.990E+02
20:42:50.981;-00:38:54.986;5.30E+20;0.8;-999/-999;46909.2;7.84915e-15;2.38576e-15;5.63348e-15;2.91534e-15;-9.990E+02;5.24901e-15;3.06351e-15;-9.990E+02;1.03536e-14;5.35801e-15;-9.990E+02
20:43:17.704;-00:34:29.402;5.27E+20;1.398;+0.28/-0.21;43978.5;2.44057e-14;2.82592e-15;3.70992e-14;6.79154e-15;-9.990E+02;4.4279e-14;7.61046e-15;-9.990E+02;2.0473e-14;6.01935e-15;-9.990E+02
20:42:57.031;-00:49:49.393;5.37E+20;0.8;-999/-999;46012.2;1.44863e-14;3.13782e-15;4.41038e-15;2.44715e-15;-9.990E+02;1.22773e-14;4.42288e-15;-9.990E+02;2.62277e-14;7.92024e-15;-9.990E+02
20:42:58.057;-00:36:11.682;5.28E+20;0.8;-999/-999;44955.1;6.86879e-15;2.38448e-15;9.67585e-16;1.27914e-15;-9.990E+02;3.60982e-15;2.80658e-15;-9.990E+02;1.78071e-14;7.26996e-15;-9.990E+02
20:43:27.143;-00:34:19.642;5.26E+20;0.844;+0.23/-0.18;41125.3;3.67521e-14;4.317e-15;2.71492e-14;5.24597e-15;-9.990E+02;3.33306e-14;6.4404e-15;-9.990E+02;3.86251e-14;8.63266e-15;-9.990E+02
20:43:17.150;-00:52:21.436;5.37E+20;0.8;-999/-999;44469.7;8.99658e-15;2.68956e-15;1.61921e-14;4.85999e-15;-9.990E+02;7.89827e-15;-6.57762e-12;1.32394e-14;2.96143e-15;2.8792e-15;-9.990E+02
20:43:38.710;-00:51:44.718;5.36E+20;0.8;-999/-999;41902.7;2.83374e-14;4.18264e-15;2.37211e-14;5.36791e-15;-9.990E+02;1.60106e-14;4.98206e-15;-9.990E+02;3.5516e-14;9.00748e-15;-9.990E+02
20:43:21.276;-00:53:11.730;5.38E+20;0.8;-999/-999;45207.3;1.10571e-14;2.83974e-15;1.59253e-14;4.64736e-15;-9.990E+02;6.2454e-15;-6.94421e-12;1.62776e-14;1.09174e-14;5.36293e-15;-9.990E+02
20:43:23.345;-00:53:07.177;5.38E+20;0.8;-999/-999;45631.4;8.32044e-15;2.69028e-15;1.44186e-14;5.04697e-15;-9.990E+02;4.70143e-15;-6.57834e-12;1.68264e-14;3.76482e-15;3.43373e-15;-9.990E+02
20:42:40.170;-00:41:29.587;5.33E+20;0.8;-999/-999;46682.6;1.75357e-14;3.43252e-15;1.15536e-14;3.87577e-15;-9.990E+02;1.75078e-14;5.28744e-15;-9.990E+02;1.64831e-14;6.39956e-15;-9.990E+02
20:42:53.482;-00:35:30.418;5.28E+20;0.8;-999/-999;46664.6;1.67659e-14;3.27866e-15;1.34704e-14;4.06491e-15;-9.990E+02;1.8272e-14;5.28426e-15;-9.990E+02;9.01714e-15;4.41986e-15;-9.990E+02
20:42:39.422;-00:45:38.753;5.37E+20;0.8;-999/-999;46693.9;8.38694e-15;2.68956e-15;7.66122e-15;3.77145e-15;-9.990E+02;1.57965e-15;1.8383e-15;-9.990E+02;1.40119e-14;6.89775e-15;-9.990E+02
20:42:58.247;-00:33:44.566;5.27E+20;0.122;+0.28/-0.21;40337.2;4.32287e-14;6.40262e-15;1.08907e-14;3.45243e-15;-9.990E+02;2.04357e-14;5.69721e-15;-9.990E+02;6.14082e-14;1.27821e-14;-9.990E+02
20:43:05.879;-00:53:46.372;5.39E+20;0.8;-999/-999;42965.9;1.87635e-14;3.73775e-15;7.43808e-15;3.26731e-15;-9.990E+02;1.37805e-14;4.84478e-15;-9.990E+02;3.39592e-14;9.54883e-15;-9.990E+02
20:42:48.345;-00:51:01.494;5.41E+20;0.8;-999/-999;42726.8;9.05917e-15;2.84221e-15;7.18734e-15;3.521e-15;-9.990E+02;6.65022e-15;3.76614e-15;-9.990E+02;9.83052e-15;5.5672e-15;-9.990E+02
20:42:43.210;-00:51:26.767;5.42E+20;0.8;-999/-999;40958.2;1.34631e-14;3.44172e-15;2.37294e-14;6.44736e-15;-9.990E+02;1.82952e-15;1.96459e-15;-9.990E+02;2.70412e-15;2.90376e-15;-9.990E+02
20:42:42.650;-00:51:59.627;5.43E+20;0.8;-999/-999;39296.1;1.29189e-14;3.59232e-15;1.70923e-14;5.83406e-15;-9.990E+02;5.26804e-15;3.55437e-15;-9.990E+02;7.78571e-15;5.25305e-15;-9.990E+02
20:42:27.541;-00:44:32.038;5.39E+20;0.575;+0.20/-0.16;38587.0;7.32378e-14;7.88445e-15;2.30277e-14;5.6008e-15;-9.990E+02;6.88663e-14;1.11675e-14;-9.990E+02;8.63164e-14;1.57407e-14;-9.990E+02
01:38:46.473;-00:40:21.049;2.65E+20;0.8;-999/-999;17176.0;9.71122e-15;3.69873e-15;4.28292e-15;3.26295e-15;-9.990E+02;9.41844e-15;5.90822e-15;-9.990E+02;1.43235e-14;8.98518e-15;-9.990E+02
01:38:37.830;-00:40:07.261;2.65E+20;0.8;-999/-999;17138.0;1.43976e-14;4.38368e-15;4.61647e-15;3.28712e-15;-9.990E+02;1.69171e-14;7.65094e-15;-9.990E+02;2.0583e-14;1.03427e-14;-9.990E+02
01:39:16.720;-00:37:15.841;2.67E+20;0.8;-999/-999;15367.0;1.32104e-14;4.24948e-15;9.99991e-15;5.00359e-15;-9.990E+02;1.95108e-14;8.46753e-15;-9.990E+02;1.88707e-14;-1.66835e-11;4.91133e-14
01:38:47.065;-00:29:43.173;2.62E+20;0.8;-999/-999;15398.6;2.04713e-14;5.33676e-15;1.20276e-14;5.39408e-15;-9.990E+02;1.76615e-14;7.92077e-15;-9.990E+02;2.68679e-14;1.20496e-14;-9.990E+02
01:39:27.202;-00:35:08.307;2.67E+20;0.8;-999/-999;16277.1;1.39136e-14;4.52364e-15;8.19407e-15;-7.98105e-12;1.8085e-14;1.59856e-14;7.72352e-15;-9.990E+02;3.03827e-14;1.33328e-14;-9.990E+02
01:38:19.342;-00:40:20.971;2.63E+20;0.8;-999/-999;13686.3;2.92808e-14;6.29694e-15;1.87723e-14;6.72318e-15;-9.990E+02;4.12916e-14;1.21608e-14;-9.990E+02;1.04769e-14;7.33116e-15;-9.990E+02
01:38:18.074;-00:39:44.700;2.63E+20;0.8;-999/-999;13325.9;1.83296e-14;5.20182e-15;9.2329e-15;4.97361e-15;-9.990E+02;2.03235e-14;8.89575e-15;-9.990E+02;2.06091e-14;1.11018e-14;-9.990E+02
01:39:27.265;-00:31:05.505;2.66E+20;0.8;-999/-999;17319.7;9.87986e-15;3.97387e-15;4.98273e-15;3.79993e-15;-9.990E+02;7.29755e-15;5.56527e-15;-9.990E+02;1.66509e-14;1.04129e-14;-9.990E+02
01:39:14.551;-00:47:11.060;2.69E+20;-0.338;+0.26/-0.19;7121.0;1.28467e-13;1.8255e-14;1.1944e-14;4.59581e-15;-9.990E+02;5.01471e-14;1.38199e-14;-9.990E+02;2.20113e-13;3.8111e-14;-9.990E+02
01:39:35.834;-00:34:06.296;2.67E+20;0.8;-999/-999;16398.1;4.43043e-14;7.95064e-15;2.88305e-14;8.58864e-15;-9.990E+02;4.21959e-14;1.25702e-14;-9.990E+02;4.58272e-14;1.61718e-14;-9.990E+02
01:38:54.791;-00:26:19.630;2.63E+20;0.756;+0.15/-0.12;14973.5;1.87258e-13;1.56167e-14;1.20753e-13;1.57879e-14;-9.990E+02;1.56247e-13;2.17843e-14;-9.990E+02;2.04142e-13;3.08284e-14;-9.990E+02
01:39:43.802;-00:35:44.707;2.68E+20;0.8;-999/-999;7297.5;8.10438e-14;1.15189e-14;4.77252e-14;1.20258e-14;-9.990E+02;1.04743e-13;2.13773e-14;-9.990E+02;5.30566e-14;1.89245e-14;-9.990E+02
02:04:41.761;+00:49:56.284;2.21E+20;0.8;-999/-999;8066.5;3.05458e-14;8.0916e-15;1.44191e-14;7.25625e-15;-9.990E+02;5.80337e-14;1.80866e-14;-9.990E+02;0;-3.22657e-11;7.34241e-14
02:05:04.147;+00:52:11.997;2.26E+20;0.8;-999/-999;8128.8;1.6158e-14;6.3497e-15;5.6113e-15;4.97141e-15;-9.990E+02;1.6874e-14;1.05066e-14;-9.990E+02;2.57654e-14;1.60428e-14;-9.990E+02
02:04:45.643;+00:40:03.345;2.21E+20;0.8;-999/-999;8368.2;2.69855e-14;8.0916e-15;1.75196e-14;8.57535e-15;-9.990E+02;8.81252e-15;7.55107e-15;-9.990E+02;5.38838e-14;2.27378e-14;-9.990E+02
02:05:13.577;+00:52:21.928;2.26E+20;0.8;-999/-999;8170.4;2.12512e-14;7.2954e-15;9.21856e-15;6.4176e-15;-9.990E+02;6.93505e-15;-1.90212e-11;9.17387e-14;6.35253e-14;2.53832e-14;-9.990E+02
02:04:17.546;+00:48:30.672;2.21E+20;0.219;+0.22/-0.18;4042.5;1.94648e-13;2.60117e-14;8.87674e-14;1.69836e-14;-9.990E+02;3.97376e-14;1.56414e-14;-9.990E+02;2.65507e-13;5.07987e-14;-9.990E+02
20:35:49.962;-00:25:51.390;7.96E+20;0.8;-999/-999;5364.8;3.77667e-14;1.26637e-14;9.23447e-15;9.05811e-15;-9.990E+02;1.97469e-14;1.36588e-14;-9.990E+02;8.53383e-14;3.43309e-14;-9.990E+02
20:35:55.858;-00:23:37.746;7.86E+20;0.8;-999/-999;4599.9;3.60552e-13;3.67747e-14;1.33923e-14;1.07468e-14;-9.990E+02;1.15254e-13;3.1773e-14;-9.990E+02;1.03845e-12;1.16608e-13;-9.990E+02
20:35:53.472;-00:32:25.454;8.09E+20;0.8;-999/-999;5518.6;2.36405e-14;1.02925e-14;1.74343e-14;1.32189e-14;-9.990E+02;9.25585e-15;9.87921e-15;-9.990E+02;3.9934e-14;2.46776e-14;-9.990E+02
20:36:40.934;-00:23:22.087;7.39E+20;0.8;-999/-999;5518.6;3.01723e-14;1.26376e-14;6.48865e-14;2.71776e-14;-9.990E+02;1.19301e-14;-2.99452e-11;1.1829e-13;5.18298e-14;-4.33742e-11;1.71337e-13
23:18:56.737;+00:14:38.725;3.82E+20;0.958;+0.01/-0.01;20968.4;3.28937e-11;1.13341e-13;2.97963e-11;1.60343e-13;-9.990E+02;3.23009e-11;1.90743e-13;-9.990E+02;3.30166e-11;2.3249e-13;-9.990E+02
23:19:10.486;+00:18:58.675;3.87E+20;0.8;-999/-999;21470.0;2.94961e-14;4.7091e-15;1.61231e-14;4.70058e-15;-9.990E+02;1.3107e-14;5.05302e-15;-9.990E+02;5.90454e-14;1.28615e-14;-9.990E+02
23:18:33.200;+00:16:45.404;3.81E+20;0.8;-999/-999;21356.2;1.80459e-14;3.84561e-15;7.43677e-15;3.38827e-15;-9.990E+02;1.51732e-14;5.5737e-15;-9.990E+02;3.03942e-14;9.83279e-15;-9.990E+02
23:18:34.019;+00:13:56.631;3.79E+20;0.8;-999/-999;22111.4;1.46183e-14;3.5585e-15;1.20427e-14;4.39571e-15;-9.990E+02;1.63974e-14;5.9852e-15;-9.990E+02;6.15741e-15;4.4969e-15;-9.990E+02
23:18:39.398;+00:20:37.898;3.84E+20;0.8;-999/-999;21857.7;2.03733e-14;3.99196e-15;8.40094e-15;3.52024e-15;-9.990E+02;1.7108e-14;5.78409e-15;-9.990E+02;3.42649e-14;9.82236e-15;-9.990E+02
23:19:16.743;+00:18:03.341;3.87E+20;0.336;+0.22/-0.17;21131.0;6.12533e-14;7.60305e-15;2.7477e-14;5.55235e-15;-9.990E+02;2.45959e-14;6.52544e-15;-9.990E+02;7.96036e-14;1.52528e-14;-9.990E+02
23:18:56.535;+00:22:29.058;3.88E+20;0.8;-999/-999;22151.0;1.98422e-14;3.997e-15;5.27223e-15;2.883e-15;-9.990E+02;1.07038e-14;4.72291e-15;-9.990E+02;4.82303e-14;1.20306e-14;-9.990E+02
23:19:12.958;+00:20:51.730;3.88E+20;0.8;-999/-999;21016.8;2.87784e-14;4.71075e-15;1.91112e-14;5.22179e-15;-9.990E+02;3.10512e-14;7.7565e-15;-9.990E+02;2.33163e-14;8.22009e-15;-9.990E+02
23:19:21.250;+00:14:55.039;3.86E+20;0.8;-999/-999;21376.3;1.49793e-14;3.70916e-15;1.85522e-14;5.54792e-15;-9.990E+02;1.61739e-14;-9.33206e-12;2.77123e-14;1.88898e-14;8.21439e-15;-9.990E+02
23:18:29.060;+00:12:49.578;3.78E+20;0.8;-999/-999;21980.9;1.44851e-14;3.55725e-15;1.15018e-14;4.32931e-15;-9.990E+02;5.22345e-15;3.33367e-15;-9.990E+02;2.35553e-14;8.86629e-15;-9.990E+02
23:19:04.548;+00:23:35.280;3.90E+20;0.8;-999/-999;21170.9;2.74538e-14;4.71372e-15;1.57262e-14;4.81756e-15;-9.990E+02;3.72093e-14;8.60667e-15;-9.990E+02;1.59655e-14;6.98424e-15;-9.990E+02
23:18:21.740;+00:13:57.520;3.78E+20;0.8;-999/-999;20792.1;3.10477e-14;4.83786e-15;1.6424e-14;4.82469e-15;-9.990E+02;2.23765e-14;6.57329e-15;-9.990E+02;5.04563e-14;1.19962e-14;-9.990E+02
23:18:49.536;+00:06:36.235;3.76E+20;0.8;-999/-999;21173.6;2.00786e-14;4.1238e-15;1.85749e-14;5.53036e-15;-9.990E+02;1.90012e-14;6.50363e-15;-9.990E+02;9.52429e-15;5.47714e-15;-9.990E+02
23:18:15.763;+00:15:43.103;3.79E+20;0.926;+0.07/-0.06;13482.3;4.56064e-13;1.664e-14;3.56822e-13;2.15068e-14;-9.990E+02;4.80995e-13;2.82203e-14;-9.990E+02;4.6433e-13;3.3506e-14;-9.990E+02
23:18:43.046;+00:06:40.949;3.76E+20;0.8;-999/-999;20961.3;1.47746e-14;3.6972e-15;1.01162e-14;-6.83271e-12;1.80618e-14;1.11911e-14;5.16127e-15;-9.990E+02;3.9252e-14;1.16396e-14;-9.990E+02
23:18:58.163;+00:06:19.888;3.77E+20;1.344;+0.15/-0.12;17894.4;8.74156e-14;5.92361e-15;1.42592e-13;1.40931e-14;-9.990E+02;1.29899e-13;1.45364e-14;-9.990E+02;7.4646e-14;1.25493e-14;-9.990E+02
23:19:14.869;+00:07:15.680;3.80E+20;0.260;+0.13/-0.11;16305.1;1.87235e-13;1.45771e-14;2.97388e-14;6.27407e-15;-9.990E+02;1.43836e-13;1.73925e-14;-9.990E+02;2.50973e-13;2.89688e-14;-9.990E+02
23:19:40.168;+00:10:08.722;3.86E+20;0.883;+0.09/-0.08;12323.3;2.75396e-13;1.46487e-14;1.99294e-13;1.73826e-14;-9.990E+02;2.81178e-13;2.38353e-14;-9.990E+02;2.8577e-13;2.9437e-14;-9.990E+02
23:42:20.173;+00:15:40.706;3.38E+20;0.8;-999/-999;9190.5;3.29191e-14;8.4264e-15;2.99657e-14;1.08741e-14;-9.990E+02;3.48975e-14;1.38382e-14;-9.990E+02;1.05325e-14;9.42157e-15;-9.990E+02
23:42:24.775;+00:11:20.828;3.36E+20;0.8;-999/-999;9615.9;2.38017e-14;7.15734e-15;2.75713e-14;1.03086e-14;-9.990E+02;2.20298e-14;1.08809e-14;-9.990E+02;7.62003e-15;-2.74763e-11;5.49526e-14
23:42:28.536;+00:08:55.303;3.35E+20;0.8;-999/-999;9750.5;1.98384e-14;6.5941e-15;1.08235e-14;6.515e-15;-9.990E+02;1.51547e-14;9.12212e-15;-9.990E+02;3.05065e-14;1.59786e-14;-9.990E+02
23:41:58.175;+00:17:32.801;3.41E+20;0.8;-999/-999;9673.3;6.61288e-14;1.18087e-14;2.51084e-14;9.61488e-15;-9.990E+02;5.6045e-14;1.68135e-14;-9.990E+02;1.1628e-13;2.99005e-14;-9.990E+02
23:42:56.625;+00:14:23.124;3.36E+20;0.8;-999/-999;8565.5;3.56323e-14;8.98176e-15;5.75934e-14;1.60118e-14;-9.990E+02;1.00736e-14;8.00173e-15;-9.990E+02;6.27183e-14;-3.44816e-11;1.00414e-13
23:41:51.439;+00:13:49.300;3.40E+20;0.8;-999/-999;10049.5;2.01239e-14;6.88597e-15;3.66678e-15;3.9126e-15;-9.990E+02;4.09557e-14;1.56282e-14;-9.990E+02;7.72306e-15;8.24081e-15;-9.990E+02
21:30:47.503;-00:14:41.396;3.53E+20;0.8;-999/-999;18847.9;2.18187e-14;5.50407e-15;4.70393e-15;3.5092e-15;-9.990E+02;2.92974e-14;1.00152e-14;-9.990E+02;2.94313e-14;1.23476e-14;-9.990E+02
21:31:01.735;-00:16:42.143;3.52E+20;0.8;-999/-999;11753.3;2.60734e-14;6.20796e-15;2.38762e-14;8.12151e-15;-9.990E+02;2.64552e-14;1.01247e-14;-9.990E+02;9.96848e-15;7.6274e-15;-9.990E+02
21:30:41.338;-00:20:58.929;3.53E+20;0.8;-999/-999;16981.3;1.78953e-14;5.22181e-15;2.2687e-14;8.04505e-15;-9.990E+02;1.04697e-14;6.32122e-15;-9.990E+02;5.25998e-15;5.44285e-15;-9.990E+02
21:30:56.261;-00:12:12.243;3.53E+20;0.8;-999/-999;19003.0;2.94256e-14;6.06859e-15;7.352e-15;4.07295e-15;-9.990E+02;3.05287e-14;9.75387e-15;-9.990E+02;5.1138e-14;1.56812e-14;-9.990E+02
21:31:01.578;-00:21:39.687;3.52E+20;1.884;+0.22/-0.17;4568.4;5.69139e-14;5.18184e-15;3.57518e-13;3.47137e-14;-9.990E+02;1.72652e-13;-3.84064e-11;3.0991e-13;5.48561e-14;1.46733e-14;-9.990E+02
21:30:24.529;-00:13:53.463;3.54E+20;0.803;+0.20/-0.16;17956.2;1.07419e-13;1.15489e-14;7.22471e-14;1.28828e-14;-9.990E+02;9.65229e-14;1.74758e-14;-9.990E+02;1.15346e-13;2.33387e-14;-9.990E+02
21:30:22.720;-00:25:52.419;3.54E+20;0.720;+0.12/-0.10;10993.3;2.91946e-13;1.95533e-14;1.64495e-13;1.92576e-14;-9.990E+02;2.54213e-13;2.75544e-14;-9.990E+02;3.23833e-13;3.95937e-14;-9.990E+02
21:30:04.071;-00:21:05.632;3.54E+20;0.8;-999/-999;18753.3;5.19119e-14;8.75316e-15;2.71988e-14;8.63841e-15;-9.990E+02;8.14762e-14;1.73585e-14;-9.990E+02;1.88912e-14;1.02925e-14;-9.990E+02
21:30:01.133;-00:16:40.228;3.55E+20;0.8;-999/-999;18791.1;1.86141e-14;5.93166e-15;2.19494e-14;8.83674e-15;-9.990E+02;1.01105e-14;7.04941e-15;-9.990E+02;1.01578e-14;8.49634e-15;-9.990E+02
21:30:02.399;-00:20:59.346;3.54E+20;0.8;-999/-999;18007.3;2.03158e-14;6.21192e-15;2.23362e-14;8.88685e-15;-9.990E+02;1.02991e-14;6.91617e-15;-9.990E+02;1.55197e-14;1.0422e-14;-9.990E+02
21:42:37.706;+00:28:11.462;4.37E+20;0.8;-999/-999;2822.2;5.88329e-14;2.02972e-14;4.46763e-14;2.40861e-14;-9.990E+02;0;-5.05766e-11;1.93702e-13;1.31524e-13;6.14139e-14;-9.990E+02
21:41:56.963;+00:20:38.445;4.38E+20;0.8;-999/-999;2346.2;6.69122e-14;2.32032e-14;1.27102e-13;4.40752e-14;-9.990E+02;0;-5.77789e-11;5.51033e-13;1.49514e-13;-8.6316e-11;8.23189e-13
21:42:43.973;+00:36:51.541;4.37E+20;0.8;-999/-999;3021.1;7.88256e-14;2.46466e-14;2.99494e-14;2.03452e-14;-9.990E+02;7.86306e-14;4.00926e-14;-9.990E+02;1.1748e-13;5.99015e-14;-9.990E+02
21:42:25.126;+00:16:39.889;4.35E+20;0.8;-999/-999;2913.8;5.49278e-14;2.17335e-14;6.25009e-14;3.22674e-14;-9.990E+02;2.7408e-14;2.35731e-14;-9.990E+02;4.09581e-14;3.52273e-14;-9.990E+02
02:28:07.876;-01:15:39.431;2.62E+20;0.587;+0.27/-0.20;7630.8;1.23595e-13;1.77672e-14;5.88388e-14;1.48608e-14;-9.990E+02;9.18666e-14;2.32025e-14;-9.990E+02;1.45004e-13;3.66233e-14;-9.990E+02
02:28:28.034;-01:10:42.058;2.60E+20;0.8;-999/-999;8319.3;3.122e-14;8.88875e-15;5.49632e-15;4.97871e-15;-9.990E+02;4.8498e-14;1.77814e-14;-9.990E+02;3.69022e-14;1.90948e-14;-9.990E+02
02:27:43.032;-01:14:59.887;2.74E+20;0.8;-999/-999;8251.0;3.67599e-14;9.6194e-15;4.55888e-14;1.42511e-14;-9.990E+02;9.48528e-15;7.89672e-15;-9.990E+02;2.88231e-14;1.67982e-14;-9.990E+02
02:28:16.160;-01:06:35.723;2.61E+20;0.8;-999/-999;8319.9;2.91636e-14;8.75456e-15;3.08403e-14;1.20566e-14;-9.990E+02;1.50998e-14;1.0299e-14;-9.990E+02;2.2973e-14;1.5669e-14;-9.990E+02
02:27:37.885;-01:14:02.660;2.74E+20;0.8;-999/-999;8309.1;2.30041e-14;7.83294e-15;1.16394e-14;7.37989e-15;-9.990E+02;1.69565e-14;1.07512e-14;-9.990E+02;3.86607e-14;1.99284e-14;-9.990E+02
02:27:37.335;-01:09:18.761;2.74E+20;0.8;-999/-999;8057.4;7.04552e-14;1.31923e-14;1.7829e-14;8.67964e-15;-9.990E+02;7.79034e-14;2.16406e-14;-9.990E+02;1.18363e-13;3.28799e-14;-9.990E+02
02:28:07.417;-01:26:02.295;2.72E+20;0.8;-999/-999;7579.6;3.5305e-14;1.0711e-14;8.92612e-15;-1.89361e-11;8.26754e-14;5.47009e-14;2.18449e-14;-9.990E+02;5.53825e-14;2.68939e-14;-9.990E+02
02:27:19.009;-01:18:13.291;2.76E+20;0.8;-999/-999;7978.5;2.51231e-14;9.48819e-15;1.11354e-14;8.31499e-15;-9.990E+02;1.62013e-14;1.20978e-14;-9.990E+02;4.9222e-14;2.63135e-14;-9.990E+02
21:54:29.997;+00:38:13.869;5.34E+20;0.8;-999/-999;4613.0;6.91511e-14;1.64219e-14;1.70874e-14;1.1488e-14;-9.990E+02;1.0587e-13;3.09455e-14;-9.990E+02;6.26443e-14;2.97534e-14;-9.990E+02
21:54:27.355;+00:38:39.429;5.35E+20;0.8;-999/-999;4635.8;5.99112e-14;1.64263e-14;2.37042e-14;1.44027e-14;-9.990E+02;8.80702e-14;3.11062e-14;-9.990E+02;4.34136e-14;2.63782e-14;-9.990E+02
21:54:36.006;+00:41:04.796;5.31E+20;0.665;+0.27/-0.20;4852.1;2.08118e-13;2.9637e-14;1.10092e-13;2.76212e-14;-9.990E+02;1.68654e-13;3.83489e-14;-9.990E+02;2.35997e-13;5.81311e-14;-9.990E+02
21:54:28.070;+00:37:59.411;5.35E+20;0.8;-999/-999;4659.2;3.51224e-14;1.2693e-14;2.12319e-14;-2.50807e-11;7.64443e-14;7.1685e-14;2.82607e-14;-9.990E+02;2.12064e-14;1.92318e-14;-9.990E+02
21:54:29.425;+00:37:13.372;5.34E+20;0.8;-999/-999;4588.7;7.00021e-14;1.64219e-14;2.30675e-14;1.27159e-14;-9.990E+02;8.57567e-14;2.74897e-14;-9.990E+02;8.45536e-14;3.32264e-14;-9.990E+02
21:54:25.401;+00:43:13.045;5.36E+20;0.8;-999/-999;4272.8;1.0352e-13;2.09132e-14;1.86222e-14;1.24148e-14;-9.990E+02;1.38232e-13;3.75666e-14;-9.990E+02;1.36275e-13;4.59463e-14;-9.990E+02
21:54:23.363;+00:46:55.174;5.37E+20;0.8;-999/-999;4681.2;5.10269e-14;1.4942e-14;9.18459e-15;-2.95504e-11;1.33435e-13;7.49586e-14;2.87433e-14;-9.990E+02;7.39006e-14;3.36177e-14;-9.990E+02
21:54:19.609;+00:48:27.744;5.38E+20;0.8;-999/-999;4576.2;3.80974e-14;1.36009e-14;6.85855e-15;-2.69103e-11;1.6618e-13;9.32603e-14;3.32942e-14;-9.990E+02;5.51279e-14;-4.91823e-11;3.03717e-13
21:55:16.139;+00:32:51.832;5.11E+20;0.8;-999/-999;2409.5;2.96412e-13;4.00356e-14;2.63761e-13;5.38964e-14;-9.990E+02;3.97534e-13;7.38538e-14;-9.990E+02;4.32183e-13;-1.45846e-10;6.48924e-13
23:43:43.578;+00:19:37.821;3.35E+20;0.8;-999/-999;7301.5;2.14799e-14;7.8568e-15;5.58137e-15;5.45127e-15;-9.990E+02;7.81488e-15;7.63272e-15;-9.990E+02;5.89961e-14;2.5432e-14;-9.990E+02
23:43:41.886;+00:18:56.778;3.35E+20;0.8;-999/-999;6821.1;3.69129e-14;1.01016e-14;8.38991e-15;6.45888e-15;-9.990E+02;3.5242e-14;1.5544e-14;-9.990E+02;7.09679e-14;2.73086e-14;-9.990E+02
23:43:39.380;+00:19:18.625;3.35E+20;0.8;-999/-999;7026.6;2.9e-14;9.1195e-15;1.05505e-14;7.42312e-15;-9.990E+02;2.95415e-14;1.45547e-14;-9.990E+02;4.4603e-14;2.19753e-14;-9.990E+02
23:43:38.713;+00:18:27.285;3.35E+20;0.8;-999/-999;7468.8;4.08554e-14;1.05225e-14;1.2377e-14;7.76239e-15;-9.990E+02;3.46669e-14;1.55298e-14;-9.990E+02;7.85177e-14;2.87215e-14;-9.990E+02
23:43:44.845;+00:16:36.813;3.35E+20;0.8;-999/-999;7558.1;2.47068e-14;8.418e-15;6.41806e-15;5.86962e-15;-9.990E+02;2.69592e-14;1.40904e-14;-9.990E+02;4.07041e-14;2.12742e-14;-9.990E+02
23:43:35.410;+00:19:48.541;3.35E+20;0.8;-999/-999;7523.0;2.04277e-14;7.7165e-15;3.09424e-14;1.28106e-14;-9.990E+02;2.22874e-14;-1.96229e-11;5.71829e-14;1.30881e-14;1.20365e-14;-9.990E+02
23:43:34.467;+00:19:19.074;3.35E+20;0.8;-999/-999;7411.2;2.11572e-14;7.7165e-15;1.92414e-14;9.75974e-15;-9.990E+02;8.97925e-15;7.97203e-15;-9.990E+02;2.71145e-14;1.71919e-14;-9.990E+02
23:43:37.073;+00:17:20.718;3.35E+20;0.8;-999/-999;7565.2;2.53803e-14;8.418e-15;1.15377e-14;7.6527e-15;-9.990E+02;1.61548e-14;1.07151e-14;-9.990E+02;4.87878e-14;2.28165e-14;-9.990E+02
23:43:47.170;+00:15:37.880;3.35E+20;0.8;-999/-999;7536.0;1.99647e-14;7.7165e-15;7.26241e-15;6.20889e-15;-9.990E+02;2.03337e-14;1.25581e-14;-9.990E+02;3.07006e-14;1.89607e-14;-9.990E+02
23:44:02.768;+00:17:29.852;3.35E+20;0.8;-999/-999;7604.6;1.9642e-14;7.5762e-15;1.78563e-14;9.71383e-15;-9.990E+02;1.25045e-14;9.64359e-15;-9.990E+02;1.88798e-14;1.45603e-14;-9.990E+02
23:43:43.326;+00:15:09.865;3.35E+20;0.8;-999/-999;7456.0;4.42226e-14;1.08031e-14;2.67844e-14;1.11908e-14;-9.990E+02;3.75028e-14;1.5669e-14;-9.990E+02;5.66233e-14;2.36578e-14;-9.990E+02
23:44:04.615;+00:22:53.814;3.35E+20;0.8;-999/-999;7571.1;1.64853e-14;7.015e-15;2.99731e-14;1.27545e-14;-9.990E+02;1.39903e-14;-1.78406e-11;3.95744e-14;2.11232e-14;-2.69365e-11;5.97511e-14
23:44:06.991;+00:23:11.800;3.35E+20;0.8;-999/-999;7577.4;5.44925e-14;1.22061e-14;2.28688e-14;1.04612e-14;-9.990E+02;5.33612e-14;1.88657e-14;-9.990E+02;8.05669e-14;2.84842e-14;-9.990E+02
23:43:26.760;+00:14:29.812;3.35E+20;0.8;-999/-999;7249.8;2.29531e-14;8.418e-15;6.95886e-15;6.18338e-15;-9.990E+02;3.89672e-14;1.75335e-14;-9.990E+02;1.47113e-14;1.30719e-14;-9.990E+02
23:43:52.401;+00:10:45.911;3.34E+20;0.8;-999/-999;7583.7;3.84005e-14;1.07992e-14;3.75723e-14;1.40195e-14;-9.990E+02;2.25635e-14;1.35531e-14;-9.990E+02;3.40711e-14;2.04653e-14;-9.990E+02
02:43:02.933;+00:46:27.436;3.19E+20;1.238;+0.11/-0.10;16559.5;1.96906e-13;1.10725e-14;2.5592e-13;2.11879e-14;-9.990E+02;2.82962e-13;2.4942e-14;-9.990E+02;1.75778e-13;2.31088e-14;-9.990E+02
02:43:00.663;+00:41:57.929;3.18E+20;0.8;-999/-999;14841.0;3.33823e-14;6.417e-15;3.21284e-14;8.49288e-15;-9.990E+02;1.70633e-14;7.43198e-15;-9.990E+02;3.44073e-14;1.2896e-14;-9.990E+02
02:43:38.256;+00:44:33.726;3.33E+20;0.8;-999/-999;15101.3;3.98448e-14;7.1502e-15;3.16605e-14;8.6041e-15;-9.990E+02;3.80658e-14;1.11162e-14;-9.990E+02;2.87318e-14;1.17882e-14;-9.990E+02
02:42:35.394;+00:46:04.531;3.17E+20;0.8;-999/-999;13406.0;4.27554e-14;7.5303e-15;1.65301e-14;6.21955e-15;-9.990E+02;5.46377e-14;1.36826e-14;-9.990E+02;4.72269e-14;1.5435e-14;-9.990E+02
02:43:28.057;+00:55:52.294;3.32E+20;0.8;-999/-999;10275.0;6.86223e-14;9.8112e-15;6.22786e-14;1.312e-14;-9.990E+02;3.74545e-14;1.20433e-14;-9.990E+02;7.54411e-14;2.09337e-14;-9.990E+02
02:43:55.900;+00:42:56.746;3.34E+20;0.364;+0.13/-0.11;9611.8;1.69806e-13;1.76486e-14;1.03085e-13;-2.1412e-11;7.55909e-14;1.28384e-13;2.18106e-14;-9.990E+02;3.26953e-13;4.36834e-14;-9.990E+02
02:42:40.426;+00:57:25.063;3.18E+20;1.015;+0.04/-0.04;4770.1;1.91349e-12;4.6136e-14;1.94591e-12;7.00274e-14;-9.990E+02;1.91624e-12;8.0855e-14;-9.990E+02;1.88065e-12;9.47428e-14;-9.990E+02
02:43:36.868;+00:31:30.610;3.16E+20;0.8;-999/-999;4029.5;4.74133e-13;3.20643e-14;2.56438e-13;3.21302e-14;-9.990E+02;8.48517e-13;6.98129e-14;-9.990E+02;4.094e-13;-1.23887e-10;1.21084e-12
22:17:37.627;+00:39:50.256;4.00E+20;0.8;-999/-999;6245.3;3.82324e-14;1.10341e-14;8.93548e-15;7.23999e-15;-9.990E+02;6.0038e-14;2.18196e-14;-9.990E+02;3.60121e-14;2.07835e-14;-9.990E+02
22:17:52.751;+00:34:31.371;4.12E+20;0.8;-999/-999;5807.6;4.56292e-14;1.23711e-14;4.28601e-14;1.63901e-14;-9.990E+02;7.14772e-14;-3.09663e-11;1.88732e-13;8.56329e-14;3.27468e-14;-9.990E+02
22:17:08.724;+00:27:15.684;4.10E+20;0.8;-999/-999;6393.4;2.41517e-14;1.00632e-14;9.06662e-15;8.75631e-15;-9.990E+02;3.63253e-14;2.04114e-14;-9.990E+02;1.8141e-14;1.75201e-14;-9.990E+02
22:17:14.950;+00:26:16.948;4.12E+20;0.8;-999/-999;6174.1;8.9935e-14;1.87005e-14;6.49927e-14;2.03383e-14;-9.990E+02;1.0399e-13;3.2062e-14;-9.990E+02;5.19143e-14;2.69695e-14;-9.990E+02
02:28:07.876;-01:15:39.431;2.62E+20;0.587;+0.27/-0.20;7630.8;1.23595e-13;1.77672e-14;5.88388e-14;1.48608e-14;-9.990E+02;9.18666e-14;2.32025e-14;-9.990E+02;1.45004e-13;3.66233e-14;-9.990E+02
02:28:28.034;-01:10:42.058;2.60E+20;0.8;-999/-999;8319.3;3.122e-14;8.88875e-15;5.49632e-15;4.97871e-15;-9.990E+02;4.8498e-14;1.77814e-14;-9.990E+02;3.69022e-14;1.90948e-14;-9.990E+02
02:27:43.032;-01:14:59.887;2.74E+20;0.8;-999/-999;8251.0;3.67599e-14;9.6194e-15;4.55888e-14;1.42511e-14;-9.990E+02;9.48528e-15;7.89672e-15;-9.990E+02;2.88231e-14;1.67982e-14;-9.990E+02
02:28:16.160;-01:06:35.723;2.61E+20;0.8;-999/-999;8319.9;2.91636e-14;8.75456e-15;3.08403e-14;1.20566e-14;-9.990E+02;1.50998e-14;1.0299e-14;-9.990E+02;2.2973e-14;1.5669e-14;-9.990E+02
02:27:37.885;-01:14:02.660;2.74E+20;0.8;-999/-999;8309.1;2.30041e-14;7.83294e-15;1.16394e-14;7.37989e-15;-9.990E+02;1.69565e-14;1.07512e-14;-9.990E+02;3.86607e-14;1.99284e-14;-9.990E+02
02:27:37.335;-01:09:18.761;2.74E+20;0.8;-999/-999;8057.4;7.04552e-14;1.31923e-14;1.7829e-14;8.67964e-15;-9.990E+02;7.79034e-14;2.16406e-14;-9.990E+02;1.18363e-13;3.28799e-14;-9.990E+02
02:28:07.417;-01:26:02.295;2.72E+20;0.8;-999/-999;7579.6;3.5305e-14;1.0711e-14;8.92612e-15;-1.89361e-11;8.26754e-14;5.47009e-14;2.18449e-14;-9.990E+02;5.53825e-14;2.68939e-14;-9.990E+02
02:27:19.009;-01:18:13.291;2.76E+20;0.8;-999/-999;7978.5;2.51231e-14;9.48819e-15;1.11354e-14;8.31499e-15;-9.990E+02;1.62013e-14;1.20978e-14;-9.990E+02;4.9222e-14;2.63135e-14;-9.990E+02
23:35:17.708;+01:03:07.056;3.97E+20;0.8;-999/-999;3575.9;3.06076e-13;3.72216e-14;1.38997e-13;3.37537e-14;-9.990E+02;4.78187e-13;7.48405e-14;-9.990E+02;1.55948e-13;5.21285e-14;-9.990E+02
23:35:21.678;+00:57:52.502;3.91E+20;0.8;-999/-999;4034.4;3.5008e-14;1.37174e-14;1.58519e-14;-2.55152e-11;8.61236e-14;5.28553e-14;2.58883e-14;-9.990E+02;5.28901e-14;3.2385e-14;-9.990E+02
20:48:58.573;+00:27:19.946;6.94E+20;0.8;-999/-999;3971.9;7.48235e-14;2.02943e-14;5.74597e-14;2.49981e-14;-9.990E+02;1.13677e-13;3.83519e-14;-9.990E+02;0;-7.04487e-11;1.56191e-13
20:47:50.241;+00:26:11.141;6.70E+20;0.8;-999/-999;3690.7;9.30195e-14;2.79198e-14;3.24081e-14;2.46985e-14;-9.990E+02;7.42868e-14;3.85742e-14;-9.990E+02;1.62585e-13;7.12901e-14;-9.990E+02
01:25:28.956;-00:05:54.410;3.14E+20;0.648;+0.12/-0.10;4196.2;8.23986e-13;5.64804e-14;3.43859e-13;4.58317e-14;-9.990E+02;7.79004e-13;8.34544e-14;-9.990E+02;9.39448e-13;1.15301e-13;-9.990E+02
01:25:11.830;-00:01:28.435;3.16E+20;0.8;-999/-999;4555.7;2.55957e-14;1.07346e-14;1.24398e-14;-1.93385e-11;5.08351e-14;3.27112e-14;2.02062e-14;-9.990E+02;4.94849e-14;3.05675e-14;-9.990E+02
01:25:23.415;-00:10:55.873;3.19E+20;0.8;-999/-999;4645.7;3.19011e-14;1.18617e-14;1.1521e-14;9.4849e-15;-9.990E+02;1.62987e-14;1.34183e-14;-9.990E+02;7.39161e-14;3.60092e-14;-9.990E+02
01:24:47.386;-00:02:49.459;3.26E+20;0.8;-999/-999;4695.5;5.0105e-14;1.53868e-14;1.29639e-14;1.04912e-14;-9.990E+02;1.82569e-14;1.47747e-14;-9.990E+02;1.37981e-13;4.88461e-14;-9.990E+02
01:25:44.339;-00:15:43.126;3.16E+20;0.8;-999/-999;4336.4;3.67067e-14;1.3941e-14;3.78372e-14;1.91549e-14;-9.990E+02;4.01985e-14;2.37592e-14;-9.990E+02;1.01407e-13;-5.38571e-11;1.34023e-13
22:33:05.117;+00:44:20.212;5.54E+20;0.8;-999/-999;3977.8;2.89959e-14;1.27636e-14;9.63437e-15;1.03739e-14;-9.990E+02;2.35888e-14;1.79766e-14;-9.990E+02;5.22525e-14;3.25496e-14;-9.990E+02
22:33:31.547;+00:43:09.569;5.53E+20;0.8;-999/-999;3910.8;2.7487e-14;1.246e-14;4.11073e-14;2.25971e-14;-9.990E+02;2.2376e-14;-3.03918e-11;1.11019e-13;2.47783e-14;2.33552e-14;-9.990E+02
22:33:47.997;+00:43:34.236;5.53E+20;0.8;-999/-999;3801.4;4.19585e-14;1.5012e-14;4.17954e-14;2.09426e-14;-9.990E+02;5.12028e-14;2.56564e-14;-9.990E+02;3.78142e-14;-5.40589e-11;1.6656e-13
01:10:59.361;+00:26:01.241;2.89E+20;0.8;-999/-999;13505.0;3.25296e-14;6.63024e-15;0;-1.18072e-11;2.1216e-14;2.78812e-14;9.77921e-15;-9.990E+02;8.46042e-14;2.13019e-14;-9.990E+02
01:10:38.988;+00:22:05.402;2.89E+20;0.8;-999/-999;14745.7;1.56916e-14;4.69642e-15;2.48702e-14;7.97325e-15;-9.990E+02;4.48288e-15;4.02464e-15;-9.990E+02;4.07878e-14;-1.83058e-11;4.4948e-14
01:10:29.962;+00:26:22.434;2.86E+20;0.8;-999/-999;15127.6;1.09302e-14;4.00171e-15;1.66785e-14;6.56676e-15;-9.990E+02;3.12701e-15;-1.02872e-11;2.65792e-14;6.0999e-15;5.81969e-15;-9.990E+02
01:10:42.960;+00:20:10.609;2.90E+20;0.8;-999/-999;14200.1;2.27168e-14;5.5272e-15;3.64716e-14;9.26084e-15;-9.990E+02;6.49434e-15;-1.41966e-11;3.85468e-14;8.85935e-15;6.86007e-15;-9.990E+02
01:10:28.435;+00:27:07.261;2.86E+20;0.8;-999/-999;15167.4;2.25062e-14;5.5196e-15;3.55976e-14;9.14875e-15;-9.990E+02;6.43796e-15;-1.41898e-11;4.2541e-14;9.76414e-15;7.05907e-15;-9.990E+02
01:10:33.628;+00:29:31.844;2.85E+20;0.8;-999/-999;14298.9;1.07152e-14;4.1382e-15;6.35793e-15;4.20753e-15;-9.990E+02;4.5979e-15;4.34581e-15;-9.990E+02;2.09343e-14;1.12189e-14;-9.990E+02
01:11:12.615;+00:29:10.746;2.88E+20;0.8;-999/-999;13282.0;1.75638e-14;5.10896e-15;3.47669e-15;3.08055e-15;-9.990E+02;1.00409e-14;6.26893e-15;-9.990E+02;4.5707e-14;1.62577e-14;-9.990E+02
01:10:27.268;+00:27:41.094;2.86E+20;0.8;-999/-999;14956.6;1.44614e-14;4.55367e-15;2.57462e-14;8.10711e-15;-9.990E+02;8.26673e-15;-1.17076e-11;4.10141e-14;3.7634e-14;-1.77662e-11;6.22383e-14
01:11:19.807;+00:25:26.002;2.89E+20;0.8;-999/-999;13456.0;2.39656e-14;5.80146e-15;1.16545e-14;5.39019e-15;-9.990E+02;2.80055e-14;1.00847e-14;-9.990E+02;2.55052e-14;1.17961e-14;-9.990E+02
01:11:19.817;+00:26:51.461;2.89E+20;0.8;-999/-999;13215.2;3.46844e-14;6.9065e-15;5.09224e-14;1.12187e-14;-9.990E+02;1.04932e-14;6.11689e-15;-9.990E+02;7.95926e-15;6.58511e-15;-9.990E+02
01:11:14.086;+00:19:56.418;2.90E+20;0.8;-999/-999;14077.9;3.00127e-14;6.49446e-15;2.67623e-14;8.27266e-15;-9.990E+02;3.30508e-14;1.10596e-14;-9.990E+02;8.35818e-15;6.90857e-15;-9.990E+02
01:11:24.463;+00:26:43.626;2.89E+20;0.8;-999/-999;13287.5;3.78476e-14;7.32089e-15;2.62492e-14;8.1924e-15;-9.990E+02;3.24351e-14;1.10154e-14;-9.990E+02;4.10303e-14;1.5191e-14;-9.990E+02
01:11:30.155;+00:25:05.328;2.89E+20;0.8;-999/-999;13288.1;2.26809e-14;5.93959e-15;5.05284e-15;3.74777e-15;-9.990E+02;2.91565e-14;1.08093e-14;-9.990E+02;3.31735e-14;1.42588e-14;-9.990E+02
01:11:16.637;+00:32:51.792;2.87E+20;0.8;-999/-999;12322.7;2.65018e-14;6.48741e-15;1.18013e-14;5.77771e-15;-9.990E+02;2.2729e-14;9.51065e-15;-9.990E+02;4.3088e-14;1.61984e-14;-9.990E+02
01:11:28.972;+00:33:08.514;2.88E+20;0.8;-999/-999;9003.5;6.47871e-14;1.04941e-14;6.92877e-14;1.44185e-14;-9.990E+02;6.66673e-14;1.72369e-14;-9.990E+02;1.05295e-13;-4.0911e-11;3.34207e-13
01:11:29.901;+00:34:30.592;2.87E+20;0.553;+0.14/-0.12;7234.4;3.31201e-13;2.6656e-14;1.75864e-13;2.35745e-14;-9.990E+02;1.98576e-13;3.01883e-14;-9.990E+02;3.92979e-13;5.30946e-14;-9.990E+02
21:11:18.574;-01:13:50.673;4.78E+20;0.8;-999/-999;4222.1;6.62599e-14;1.76184e-14;9.59952e-14;2.9777e-14;-9.990E+02;4.10143e-14;2.17968e-14;-9.990E+02;0;-6.48048e-11;4.03584e-13
21:11:25.778;-01:04:00.924;5.06E+20;0.8;-999/-999;4617.1;3.9606e-14;1.40657e-14;2.57984e-14;1.63107e-14;-9.990E+02;1.62526e-14;1.45432e-14;-9.990E+02;7.22956e-14;3.76727e-14;-9.990E+02
21:11:23.058;-01:20:59.584;4.61E+20;0.8;-999/-999;4790.8;4.27956e-14;1.4606e-14;3.51843e-14;1.81272e-14;-9.990E+02;6.07271e-14;2.77242e-14;-9.990E+02;7.91613e-14;-5.3981e-11;1.49461e-13
21:11:56.765;-01:15:47.143;4.68E+20;0.8;-999/-999;3705.2;5.29713e-14;1.75644e-14;4.36966e-14;-3.37578e-11;2.24508e-13;1.31315e-13;4.3542e-14;-9.990E+02;9.78142e-14;-6.47952e-11;4.30923e-13
23:56:03.843;-00:23:52.873;3.22E+20;0.8;-999/-999;8788.8;1.41925e-13;1.53659e-14;1.25452e-13;1.8521e-14;-9.990E+02;1.69074e-13;2.61509e-14;-9.990E+02;2.43485e-14;1.22551e-14;-9.990E+02
23:55:33.620;-00:28:12.112;3.19E+20;0.8;-999/-999;7256.9;4.07067e-14;9.34985e-15;2.75677e-14;1.07449e-14;-9.990E+02;5.20119e-14;1.75892e-14;-9.990E+02;1.96624e-14;1.31335e-14;-9.990E+02
23:56:26.599;-00:23:33.580;3.23E+20;0.8;-999/-999;9222.9;1.78156e-14;6.42758e-15;1.61116e-14;8.30602e-15;-9.990E+02;2.27335e-14;1.17198e-14;-9.990E+02;8.59437e-15;-2.47749e-11;1.13765e-13
23:56:30.208;-00:24:57.979;3.23E+20;0.8;-999/-999;9359.8;2.00513e-14;6.84677e-15;2.17559e-14;9.59515e-15;-9.990E+02;2.04616e-14;1.10779e-14;-9.990E+02;9.66732e-15;-2.63924e-11;1.02334e-13
23:56:05.029;-00:34:47.735;3.19E+20;0.8;-999/-999;9516.8;7.53151e-14;1.31177e-14;3.54802e-14;1.16949e-14;-9.990E+02;1.00388e-13;2.30399e-14;-9.990E+02;6.32411e-14;2.31237e-14;-9.990E+02
23:56:26.712;-00:37:29.957;3.20E+20;0.8;-999/-999;8191.0;3.87502e-14;1.18651e-14;3.50026e-14;1.52468e-14;-9.990E+02;4.94878e-14;2.15564e-14;-9.990E+02;3.25377e-14;-4.57792e-11;2.47416e-13
23:56:07.682;-00:39:54.050;3.19E+20;0.8;-999/-999;8434.2;5.2708e-14;1.38155e-14;3.56818e-14;1.56813e-14;-9.990E+02;5.0479e-14;2.21844e-14;-9.990E+02;5.08894e-14;2.74476e-14;-9.990E+02
23:56:21.643;-00:38:41.855;3.19E+20;0.8;-999/-999;8100.6;3.19151e-14;1.13035e-14;1.92016e-14;1.13043e-14;-9.990E+02;4.07468e-14;1.97674e-14;-9.990E+02;2.05466e-14;1.71339e-14;-9.990E+02
23:56:35.827;-00:40:15.020;3.20E+20;0.8;-999/-999;7871.1;5.0057e-14;1.67508e-14;3.61878e-14;1.88101e-14;-9.990E+02;2.55746e-14;1.96596e-14;-9.990E+02;7.7368e-14;4.02152e-14;-9.990E+02
00:22:40.187;+01:18:16.671;2.79E+20;0.8;-999/-999;13456.2;4.15152e-14;8.12135e-15;5.60272e-14;1.24076e-14;-9.990E+02;2.56875e-14;1.00692e-14;-9.990E+02;0;-3.17569e-11;4.30286e-14
00:22:37.076;+01:15:35.687;2.79E+20;0.8;-999/-999;13484.3;1.33383e-14;4.9554e-15;1.79981e-14;-8.78647e-12;2.23522e-14;1.47348e-14;8.41231e-15;-9.990E+02;2.98387e-14;1.46661e-14;-9.990E+02
00:22:35.661;+01:22:04.215;2.81E+20;0.744;+0.20/-0.16;13475.7;1.17603e-13;1.29789e-14;7.8416e-14;1.34282e-14;-9.990E+02;9.10603e-14;1.76487e-14;-9.990E+02;1.28885e-13;2.58372e-14;-9.990E+02
00:22:15.884;+01:17:14.101;2.81E+20;0.8;-999/-999;13484.3;2.24533e-14;6.061e-15;1.74485e-14;7.12135e-15;-9.990E+02;2.16873e-14;9.57138e-15;-9.990E+02;1.6466e-14;1.03236e-14;-9.990E+02
00:22:30.657;+01:22:24.681;2.82E+20;0.8;-999/-999;13484.3;2.93514e-14;7.0278e-15;1.56497e-14;6.88197e-15;-9.990E+02;1.512e-14;8.1279e-15;-9.990E+02;5.73843e-14;1.96292e-14;-9.990E+02
00:22:27.753;+01:24:13.247;2.83E+20;0.8;-999/-999;13484.3;3.22546e-14;7.30552e-15;1.27452e-14;6.1373e-15;-9.990E+02;3.23023e-14;1.1785e-14;-9.990E+02;4.90335e-14;1.78892e-14;-9.990E+02
00:22:56.997;+01:21:28.419;2.79E+20;0.8;-999/-999;13484.3;6.27684e-14;9.6355e-15;4.33215e-14;1.06581e-14;-9.990E+02;6.7412e-14;1.60476e-14;-9.990E+02;4.77646e-14;1.65358e-14;-9.990E+02
00:22:21.046;+01:24:41.533;2.84E+20;0.8;-999/-999;13249.1;1.75396e-14;5.65349e-15;1.56053e-14;7.13794e-15;-9.990E+02;1.12929e-14;7.2777e-15;-9.990E+02;1.71405e-14;1.10462e-14;-9.990E+02
00:22:03.266;+01:19:35.139;2.83E+20;0.8;-999/-999;13484.3;1.90219e-14;5.78928e-15;2.81865e-15;2.98042e-15;-9.990E+02;2.85715e-14;1.13768e-14;-9.990E+02;2.47862e-14;1.31043e-14;-9.990E+02
00:23:03.278;+01:15:32.299;2.75E+20;1.056;+0.17/-0.13;13484.3;1.4052e-13;1.19823e-14;1.63175e-13;1.94671e-14;-9.990E+02;1.32069e-13;2.04328e-14;-9.990E+02;1.35401e-13;2.4796e-14;-9.990E+02
00:22:31.574;+01:09:07.321;2.70E+20;0.8;-999/-999;13484.3;1.32966e-14;5.07714e-15;1.16419e-14;-8.96797e-12;1.94816e-14;1.28761e-14;7.91065e-15;-9.990E+02;3.26357e-14;1.58222e-14;-9.990E+02
00:22:36.692;+01:08:50.593;2.70E+20;0.8;-999/-999;13484.3;4.07543e-14;8.2332e-15;5.40602e-14;1.25202e-14;-9.990E+02;2.10525e-14;9.56934e-15;-9.990E+02;7.99999e-15;7.1111e-15;-9.990E+02
00:22:31.271;+01:08:12.098;2.70E+20;0.8;-999/-999;13445.7;2.80752e-14;6.99822e-15;2.29173e-14;8.45115e-15;-9.990E+02;2.78929e-14;1.12422e-14;-9.990E+02;1.69589e-14;1.07205e-14;-9.990E+02
00:22:52.757;+01:27:17.105;2.83E+20;0.8;-999/-999;13464.1;6.43299e-14;1.04758e-14;3.26718e-14;1.02452e-14;-9.990E+02;7.0994e-14;1.821e-14;-9.990E+02;7.1826e-14;2.25231e-14;-9.990E+02
01:34:40.772;+00:37:00.592;2.54E+20;0.584;+0.17/-0.15;12351.9;1.42725e-13;1.48571e-14;7.04315e-14;1.18799e-14;-9.990E+02;1.01409e-13;1.80578e-14;-9.990E+02;1.67554e-13;2.90176e-14;-9.990E+02
01:34:24.565;+00:37:30.690;2.52E+20;0.8;-999/-999;13006.6;9.35702e-14;1.14542e-14;8.52448e-14;1.49818e-14;-9.990E+02;8.39942e-14;1.80932e-14;-9.990E+02;4.97693e-14;1.72719e-14;-9.990E+02
01:34:50.274;+00:35:32.984;2.56E+20;0.8;-999/-999;13071.3;3.74557e-14;7.6468e-15;3.2904e-14;9.4872e-15;-9.990E+02;2.15659e-14;9.32342e-15;-9.990E+02;4.10359e-14;1.59695e-14;-9.990E+02
01:34:18.127;+00:34:48.303;2.49E+20;0.8;-999/-999;12832.4;3.41231e-14;7.08344e-15;2.24202e-14;7.52351e-15;-9.990E+02;2.76716e-14;1.03057e-14;-9.990E+02;4.21515e-14;1.56984e-14;-9.990E+02
01:34:53.298;+00:33:32.011;2.56E+20;0.8;-999/-999;12949.6;1.4843e-14;5.05235e-15;9.7848e-15;-8.8704e-12;2.4552e-14;1.64849e-14;8.43177e-15;-9.990E+02;3.34578e-14;1.486e-14;-9.990E+02
01:34:16.659;+00:32:56.062;2.49E+20;0.8;-999/-999;13275.5;1.30689e-14;4.7677e-15;4.58285e-15;3.74982e-15;-9.990E+02;2.03568e-14;9.59508e-15;-9.990E+02;1.034e-14;8.46046e-15;-9.990E+02
01:34:58.324;+00:36:06.077;2.57E+20;0.8;-999/-999;12172.8;2.50388e-14;6.4202e-15;4.89027e-15;3.70853e-15;-9.990E+02;2.88298e-14;1.0931e-14;-9.990E+02;4.38806e-14;1.66377e-14;-9.990E+02
01:34:57.561;+00:39:42.107;2.57E+20;0.8;-999/-999;13128.6;1.19388e-14;4.6444e-15;5.24815e-15;4.08323e-15;-9.990E+02;1.54641e-14;8.53888e-15;-9.990E+02;1.17686e-14;9.15637e-15;-9.990E+02
01:34:41.679;+00:43:29.198;2.54E+20;0.8;-999/-999;11797.2;1.70575e-14;5.4584e-15;3.74286e-15;3.32832e-15;-9.990E+02;1.65767e-14;8.64565e-15;-9.990E+02;3.36673e-14;1.52583e-14;-9.990E+02
01:35:04.927;+00:40:57.110;2.58E+20;0.8;-999/-999;13246.4;2.04155e-14;6.0126e-15;6.52872e-15;4.51193e-15;-9.990E+02;3.36436e-14;1.2458e-14;-9.990E+02;1.46289e-14;1.01099e-14;-9.990E+02
01:34:36.014;+00:26:21.334;2.51E+20;0.8;-999/-999;12188.0;2.30228e-14;6.67919e-15;1.21132e-14;6.47614e-15;-9.990E+02;2.98526e-14;1.22317e-14;-9.990E+02;1.81926e-14;1.17998e-14;-9.990E+02
01:34:57.604;+00:27:39.987;2.54E+20;0.8;-999/-999;11778.8;2.10831e-14;6.41362e-15;1.85082e-14;7.93142e-15;-9.990E+02;2.73236e-14;1.17091e-14;-9.990E+02;1.6637e-14;-2.52868e-11;9.15064e-14
01:34:31.881;+00:25:45.503;2.51E+20;0.8;-999/-999;11229.5;2.35407e-14;6.8155e-15;2.06404e-14;8.45555e-15;-9.990E+02;2.28969e-14;1.07819e-14;-9.990E+02;1.16221e-14;9.52174e-15;-9.990E+02
01:35:11.575;+00:43:40.582;2.58E+20;0.8;-999/-999;12769.2;1.88987e-14;6.2859e-15;1.66271e-14;-1.10455e-11;4.38453e-14;3.91789e-14;1.43479e-14;-9.990E+02;1.49036e-14;1.09178e-14;-9.990E+02
00:50:30.704;+00:11:26.289;2.42E+20;0.8;-999/-999;4313.5;5.28573e-14;1.49468e-14;5.27458e-14;2.05168e-14;-9.990E+02;1.96295e-14;1.47089e-14;-9.990E+02;5.98251e-14;3.17326e-14;-9.990E+02
00:50:22.520;+00:09:26.822;2.43E+20;0.754;+0.21/-0.16;4589.7;2.84599e-13;3.24852e-14;2.06157e-13;3.48186e-14;-9.990E+02;2.01932e-13;4.27341e-14;-9.990E+02;3.10363e-13;6.56809e-14;-9.990E+02
00:51:15.484;+00:07:19.819;2.62E+20;0.8;-999/-999;4660.9;2.71491e-14;1.13577e-14;2.86945e-14;1.6011e-14;-9.990E+02;1.98533e-14;-2.93603e-11;9.27336e-14;4.27365e-14;2.83168e-14;-9.990E+02
03:03:40.071;-01:02:13.924;6.14E+20;0.8;-999/-999;41759.1;6.41966e-15;1.98562e-15;1.45748e-15;1.37975e-15;-9.990E+02;5.17207e-15;2.84741e-15;-9.990E+02;1.26475e-14;5.16355e-15;-9.990E+02
03:03:36.504;-01:01:57.588;6.17E+20;0.8;-999/-999;45029.5;1.02683e-14;2.44592e-15;6.1778e-15;2.63409e-15;-9.990E+02;1.16736e-14;4.04384e-15;-9.990E+02;8.56396e-15;4.24244e-15;-9.990E+02
03:03:49.102;-01:06:13.181;6.03E+20;-0.530;+0.10/-0.09;43404.4;2.27841e-13;1.25229e-14;1.37149e-14;2.72279e-15;-9.990E+02;8.06684e-14;9.25268e-15;-9.990E+02;4.22714e-13;2.80403e-14;-9.990E+02
03:03:41.468;-01:00:54.561;6.17E+20;0.8;-999/-999;42179.8;5.78613e-15;1.98731e-15;4.93286e-15;2.63127e-15;-9.990E+02;5.82386e-15;3.10655e-15;-9.990E+02;3.41529e-15;2.94078e-15;-9.990E+02
03:03:29.231;-01:05:06.376;6.14E+20;0.8;-999/-999;46083.8;1.74887e-14;2.90206e-15;7.94135e-15;2.8366e-15;-9.990E+02;2.03487e-14;4.88043e-15;-9.990E+02;1.83728e-14;5.81732e-15;-9.990E+02
03:03:42.647;-01:08:09.957;6.03E+20;0.8;-999/-999;44530.2;5.28225e-15;1.82724e-15;4.29989e-15;2.3544e-15;-9.990E+02;3.83806e-15;2.41861e-15;-9.990E+02;5.63764e-15;3.55263e-15;-9.990E+02
03:03:26.080;-01:03:01.853;6.19E+20;0.8;-999/-999;43802.2;7.35126e-15;2.14144e-15;4.10645e-15;2.24743e-15;-9.990E+02;6.45694e-15;3.07037e-15;-9.990E+02;9.46874e-15;4.50253e-15;-9.990E+02
03:03:25.813;-01:05:14.806;6.15E+20;0.8;-999/-999;44831.3;8.11262e-15;2.13892e-15;3.82966e-15;2.08382e-15;-9.990E+02;7.54316e-15;3.04053e-15;-9.990E+02;1.10661e-14;4.46057e-15;-9.990E+02
03:04:00.599;-01:06:52.196;5.96E+20;0.8;-999/-999;43139.8;1.37457e-14;2.73546e-15;7.74758e-15;2.97294e-15;-9.990E+02;1.4813e-14;4.49804e-15;-9.990E+02;1.36079e-14;5.22168e-15;-9.990E+02
03:03:57.306;-01:09:06.844;5.93E+20;1.044;+0.28/-0.21;43095.2;2.59871e-14;3.35718e-15;2.75511e-14;5.59621e-15;-9.990E+02;2.693e-14;5.75396e-15;-9.990E+02;2.51497e-14;6.82317e-15;-9.990E+02
03:03:18.539;-01:03:47.523;6.21E+20;0.8;-999/-999;38137.8;6.87456e-15;2.14256e-15;8.80472e-15;3.55388e-15;-9.990E+02;2.07426e-15;1.87216e-15;-9.990E+02;6.0834e-15;3.97236e-15;-9.990E+02
03:03:33.138;-00:57:58.548;6.29E+20;0.8;-999/-999;35453.8;8.74419e-15;2.45408e-15;2.56822e-15;1.88099e-15;-9.990E+02;1.80699e-14;5.38103e-15;-9.990E+02;7.72036e-15;-8.65764e-12;2.91749e-14
03:03:17.118;-01:03:51.550;6.22E+20;0.8;-999/-999;37772.0;1.19356e-14;2.60236e-15;3.49662e-15;-5.32968e-12;2.02358e-14;1.44076e-14;4.28274e-15;-9.990E+02;2.11217e-14;6.27853e-15;-9.990E+02
03:03:56.924;-00:58:30.502;6.03E+20;0.8;-999/-999;43379.6;6.92981e-15;2.13178e-15;4.69951e-15;2.60224e-15;-9.990E+02;7.4586e-15;3.35508e-15;-9.990E+02;5.48059e-15;3.60137e-15;-9.990E+02
03:04:04.852;-00:59:21.312;6.00E+20;0.8;-999/-999;45138.4;5.14385e-15;1.82568e-15;2.32295e-15;1.70651e-15;-9.990E+02;2.76936e-15;2.03445e-15;-9.990E+02;1.01753e-14;4.87377e-15;-9.990E+02
03:03:54.789;-00:57:15.036;6.06E+20;0.8;-999/-999;42886.8;7.28167e-15;2.1336e-15;1.85426e-15;1.55561e-15;-9.990E+02;6.60557e-15;3.26111e-15;-9.990E+02;1.29383e-14;5.58911e-15;-9.990E+02
03:03:49.207;-00:56:19.605;6.10E+20;0.8;-999/-999;40959.3;2.25956e-14;3.66168e-15;8.53896e-15;3.23129e-15;-9.990E+02;3.03539e-14;6.70104e-15;-9.990E+02;2.07982e-14;6.67276e-15;-9.990E+02
03:03:40.100;-01:11:33.156;5.97E+20;0.8;-999/-999;45796.3;5.25229e-15;1.82424e-15;2.66429e-15;1.87173e-15;-9.990E+02;3.18176e-15;2.23526e-15;-9.990E+02;9.35188e-15;4.69327e-15;-9.990E+02
03:03:40.637;-01:12:01.343;5.96E+20;0.8;-999/-999;45785.2;4.70955e-15;1.82364e-15;1.36484e-15;1.41448e-15;-9.990E+02;6.52419e-15;3.38035e-15;-9.990E+02;4.79336e-15;3.5165e-15;-9.990E+02
03:04:17.825;-01:05:42.212;5.92E+20;0.8;-999/-999;40884.0;2.2178e-14;3.4914e-15;7.18795e-15;2.86657e-15;-9.990E+02;1.72143e-14;4.80527e-15;-9.990E+02;4.11347e-14;9.0857e-15;-9.990E+02
03:03:25.627;-01:12:14.249;6.03E+20;0.8;-999/-999;36874.6;8.51951e-15;2.43632e-15;7.70138e-15;3.37052e-15;-9.990E+02;4.58282e-15;2.83154e-15;-9.990E+02;1.01001e-14;4.85238e-15;-9.990E+02
03:03:17.444;-01:11:09.681;6.09E+20;0.8;-999/-999;30982.8;2.78062e-14;4.11831e-15;2.33559e-14;5.32569e-15;-9.990E+02;3.5612e-14;7.29065e-15;-9.990E+02;5.80606e-15;3.5313e-15;-9.990E+02
03:03:52.743;-01:14:07.258;5.86E+20;0.8;-999/-999;40964.9;1.25536e-14;2.87926e-15;7.60808e-15;3.15039e-15;-9.990E+02;1.21902e-14;4.36757e-15;-9.990E+02;1.3454e-14;5.57111e-15;-9.990E+02
03:03:18.154;-00:55:12.747;6.43E+20;0.327;+0.12/-0.11;21589.9;1.51328e-13;1.07047e-14;1.71298e-14;4.08878e-15;-9.990E+02;1.32978e-13;1.36922e-14;-9.990E+02;1.97567e-13;2.11359e-14;-9.990E+02
03:04:04.360;-01:13:26.108;5.85E+20;0.8;-999/-999;42869.6;8.3128e-15;2.424e-15;5.03594e-15;2.76671e-15;-9.990E+02;6.0558e-15;3.32701e-15;-9.990E+02;1.18839e-14;5.64691e-15;-9.990E+02
03:04:28.268;-01:00:54.836;5.96E+20;0.8;-999/-999;31981.8;2.57285e-14;4.25516e-15;2.43526e-14;5.82687e-15;-9.990E+02;1.247e-14;4.64171e-15;-9.990E+02;3.05514e-14;8.71815e-15;-9.990E+02
03:04:36.253;-01:04:06.546;5.92E+20;0.8;-999/-999;27749.4;2.36201e-14;4.4022e-15;2.86934e-14;6.95737e-15;-9.990E+02;1.71848e-14;5.99094e-15;-9.990E+02;8.42512e-15;4.97872e-15;-9.990E+02
03:04:41.982;-01:03:13.684;5.92E+20;-1.300;+0.24/-0.24;20165.5;2.26678e-13;1.67479e-14;4.48261e-15;1.93001e-15;-9.990E+02;4.74975e-14;1.02194e-14;-9.990E+02;5.69332e-13;4.55011e-14;-9.990E+02
03:04:33.492;-00:54:08.012;6.02E+20;0.635;+0.01/-0.01;797.3;4.64653e-11;2.22404e-13;2.80376e-11;2.25583e-13;-9.990E+02;3.08665e-11;2.65093e-13;-9.990E+02;5.33482e-11;4.29225e-13;-9.990E+02
03:04:23.327;-01:16:51.606;5.77E+20;-0.422;+0.10/-0.08;12477.7;5.62966e-13;3.04032e-14;3.90561e-14;7.23519e-15;-9.990E+02;2.18866e-13;2.36484e-14;-9.990E+02;9.99038e-13;6.36052e-14;-9.990E+02
01:06:48.360;-01:08:13.606;4.71E+20;0.8;-999/-999;2059.3;5.2696e-14;2.344e-14;3.3831e-14;2.60462e-14;-9.990E+02;4.35213e-14;3.35067e-14;-9.990E+02;6.47976e-14;4.98871e-14;-9.990E+02
01:06:48.643;-01:19:59.317;4.90E+20;0.8;-999/-999;2028.6;8.21329e-14;2.79965e-14;5.31767e-14;-5.42923e-11;2.10704e-13;4.05637e-14;3.12177e-14;-9.990E+02;2.41049e-13;9.27652e-14;-9.990E+02
01:06:41.861;-01:20:56.564;4.90E+20;0.8;-999/-999;1999.7;8.02763e-14;2.79965e-14;1.03893e-13;4.49099e-14;-9.990E+02;3.96178e-14;-6.90492e-11;4.36196e-13;9.81711e-14;5.80594e-14;-9.990E+02
01:06:38.950;-01:06:32.161;4.65E+20;0.8;-999/-999;1959.0;8.55504e-14;2.9248e-14;1.09567e-13;4.61023e-14;-9.990E+02;3.53625e-14;2.9762e-14;-9.990E+02;5.26816e-14;4.43382e-14;-9.990E+02
01:06:34.156;-01:06:09.765;4.63E+20;0.8;-999/-999;1877.8;8.25894e-14;2.923e-14;1.58528e-13;5.6106e-14;-9.990E+02;3.41498e-14;-7.24555e-11;2.24909e-13;5.08857e-14;-1.07964e-10;3.35131e-13
01:07:10.878;-01:22:51.096;5.02E+20;0.8;-999/-999;1427.1;1.94166e-13;4.58428e-14;3.78827e-13;8.94412e-14;-9.990E+02;7.97132e-14;-1.1283e-10;3.52115e-13;1.18305e-13;-1.67455e-10;5.22587e-13
01:12:39.677;+00:19:41.187;2.92E+20;0.831;+0.16/-0.13;20389.0;1.10538e-13;9.29568e-15;9.1219e-14;1.14887e-14;-9.990E+02;8.30854e-14;1.30619e-14;-9.990E+02;1.16933e-13;1.88547e-14;-9.990E+02
01:12:14.533;+00:17:14.937;2.92E+20;0.8;-999/-999;19859.1;2.01183e-14;4.56291e-15;4.49194e-15;2.90989e-15;-9.990E+02;6.46737e-15;4.18958e-15;-9.990E+02;5.8849e-14;1.56661e-14;-9.990E+02
01:12:42.377;+00:21:13.095;2.92E+20;0.8;-999/-999;21617.8;9.17283e-15;3.18021e-15;5.45697e-15;3.327e-15;-9.990E+02;1.04757e-14;5.35512e-15;-9.990E+02;7.94353e-15;5.9819e-15;-9.990E+02
01:12:36.078;+00:12:19.726;2.93E+20;0.8;-999/-999;21538.6;2.19376e-14;4.70288e-15;1.67843e-14;5.50832e-15;-9.990E+02;8.04958e-15;4.5561e-15;-9.990E+02;3.66196e-14;1.20179e-14;-9.990E+02
01:12:39.851;+00:24:16.376;2.91E+20;0.8;-999/-999;21818.0;1.14999e-14;3.59372e-15;1.28218e-14;5.06311e-15;-9.990E+02;3.69522e-15;3.16048e-15;-9.990E+02;1.12091e-14;7.0057e-15;-9.990E+02
01:12:48.840;+00:23:07.911;2.91E+20;0.8;-999/-999;21581.3;3.02978e-14;5.39058e-15;1.80156e-14;5.53662e-15;-9.990E+02;2.92029e-14;8.39953e-15;-9.990E+02;3.44465e-14;1.11445e-14;-9.990E+02
01:12:52.011;+00:23:40.818;2.91E+20;0.8;-999/-999;21431.2;1.42643e-14;4.00838e-15;1.15665e-14;4.81895e-15;-9.990E+02;9.99842e-15;5.37584e-15;-9.990E+02;1.51646e-14;8.15356e-15;-9.990E+02
01:12:48.149;+00:24:44.410;2.91E+20;0.8;-999/-999;21671.4;9.17504e-15;3.31728e-15;7.44053e-15;-5.91395e-12;1.80353e-14;7.85946e-15;4.76471e-15;-9.990E+02;2.38517e-14;1.02714e-14;-9.990E+02
01:13:03.914;+00:19:15.582;2.92E+20;-0.105;+0.26/-0.20;21896.2;8.41252e-14;1.1985e-14;5.99639e-15;3.00017e-15;-9.990E+02;4.97176e-14;1.17202e-14;-9.990E+02;1.31224e-13;2.50407e-14;-9.990E+02
01:13:04.724;+00:14:43.900;2.93E+20;0.8;-999/-999;21888.4;9.92169e-15;3.458e-15;2.95177e-15;2.54173e-15;-9.990E+02;1.69947e-14;7.31748e-15;-9.990E+02;6.44009e-15;5.54549e-15;-9.990E+02
01:11:53.261;+00:13:30.143;2.92E+20;0.898;+0.24/-0.18;11971.3;7.39214e-14;8.6428e-15;3.65855e-14;8.89728e-15;-9.990E+02;1.02481e-13;1.74936e-14;-9.990E+02;7.62827e-14;1.85513e-14;-9.990E+02
01:12:23.422;+00:06:16.998;2.93E+20;0.8;-999/-999;12620.0;4.41517e-14;7.6076e-15;9.8557e-15;4.87598e-15;-9.990E+02;5.67202e-14;1.3782e-14;-9.990E+02;6.45087e-14;1.82424e-14;-9.990E+02
01:13:15.688;+00:14:02.488;2.93E+20;0.8;-999/-999;21346.4;2.38325e-14;5.5328e-15;8.51443e-15;4.4363e-15;-9.990E+02;3.0624e-14;1.01535e-14;-9.990E+02;2.78676e-14;1.18778e-14;-9.990E+02
01:12:54.739;+00:03:15.059;2.93E+20;1.011;+0.03/-0.03;1075.0;4.94929e-12;9.05498e-14;4.93509e-12;1.34654e-13;-9.990E+02;5.02125e-12;1.60268e-13;-9.990E+02;4.87333e-12;1.91256e-13;-9.990E+02
01:07:30.024;-00:48:06.049;4.21E+20;0.8;-999/-999;1822.2;6.35033e-14;2.74094e-14;4.79062e-14;3.21279e-14;-9.990E+02;6.35439e-14;4.26152e-14;-9.990E+02;4.75425e-14;4.71429e-14;-9.990E+02
01:07:14.270;-00:50:00.220;4.22E+20;0.8;-999/-999;1844.5;6.66666e-14;2.886e-14;6.28874e-14;3.91209e-14;-9.990E+02;4.16816e-14;3.6088e-14;-9.990E+02;6.23723e-14;5.4002e-14;-9.990E+02
02:14:33.449;-00:46:00.122;2.65E+20;0.721;+0.01/-0.01;126368.0;3.79302e-12;2.04554e-14;2.07351e-12;1.88702e-14;-9.990E+02;3.42304e-12;2.96169e-14;-9.990E+02;4.20594e-12;4.1064e-14;-9.990E+02
02:14:34.795;-00:42:42.833;2.66E+20;0.991;+0.06/-0.06;127186.0;8.80415e-14;3.11958e-15;8.2283e-14;4.59301e-15;-9.990E+02;9.157e-14;5.71093e-15;-9.990E+02;8.74181e-14;6.40317e-15;-9.990E+02
02:14:48.869;-00:47:28.225;2.66E+20;0.8;-999/-999;128414.0;6.59388e-15;1.19216e-15;2.55425e-15;1.03113e-15;-9.990E+02;7.06729e-15;2.09574e-15;-9.990E+02;9.48094e-15;2.95256e-15;-9.990E+02
02:14:39.377;-00:50:21.761;2.64E+20;0.324;+0.26/-0.20;125036.0;1.28035e-14;1.8913e-15;2.13115e-15;8.01542e-16;-9.990E+02;1.07951e-14;2.34468e-15;-9.990E+02;1.67326e-14;3.7391e-15;-9.990E+02
02:14:55.272;-00:47:03.703;2.67E+20;0.8;-999/-999;132987.0;7.83412e-15;1.26114e-15;2.8298e-15;1.04671e-15;-9.990E+02;7.36215e-15;2.05346e-15;-9.990E+02;1.32951e-14;3.37011e-15;-9.990E+02
02:14:55.543;-00:44:30.179;2.68E+20;0.8;-999/-999;132266.0;7.44067e-15;1.24788e-15;4.80886e-15;1.32274e-15;-9.990E+02;6.09819e-15;1.7965e-15;-9.990E+02;9.27103e-15;2.73121e-15;-9.990E+02
02:14:32.181;-00:50:48.628;2.63E+20;0.8;-999/-999;131537.0;3.07318e-15;9.30852e-16;1.04202e-15;7.30958e-16;-9.990E+02;2.44633e-15;1.35738e-15;-9.990E+02;6.04915e-15;2.63082e-15;-9.990E+02
02:14:19.442;-00:42:15.220;2.65E+20;0.750;+0.17/-0.14;128743.0;2.12269e-14;1.9985e-15;1.28493e-14;2.00995e-15;-9.990E+02;1.86595e-14;2.95472e-15;-9.990E+02;2.31814e-14;4.07571e-15;-9.990E+02
02:14:14.660;-00:46:50.888;2.63E+20;0.8;-999/-999;128791.0;4.59129e-15;1.05405e-15;1.75874e-15;8.4462e-16;-9.990E+02;2.5809e-15;1.23945e-15;-9.990E+02;1.0213e-14;3.0542e-15;-9.990E+02
02:14:48.924;-00:50:41.113;2.65E+20;0.832;+0.19/-0.15;133016.0;1.54773e-14;1.59972e-15;1.3056e-14;1.91803e-15;-9.990E+02;1.12276e-14;2.15012e-15;-9.990E+02;1.63847e-14;3.2043e-15;-9.990E+02
02:14:59.993;-00:47:19.741;2.67E+20;0.8;-999/-999;132550.0;3.23783e-15;9.45852e-16;9.52788e-16;6.52863e-16;-9.990E+02;2.09208e-15;1.17801e-15;-9.990E+02;7.42329e-15;2.73713e-15;-9.990E+02
02:14:14.911;-00:48:58.063;2.62E+20;0.8;-999/-999;129931.0;6.59432e-15;1.20419e-15;4.13056e-15;1.25894e-15;-9.990E+02;6.44426e-15;1.91097e-15;-9.990E+02;6.92165e-15;2.43308e-15;-9.990E+02
02:15:01.316;-00:44:57.024;2.68E+20;0.8;-999/-999;133997.0;8.7297e-15;1.31645e-15;1.7135e-15;7.97278e-16;-9.990E+02;7.01593e-15;1.968e-15;-9.990E+02;1.98134e-14;4.06341e-15;-9.990E+02
02:14:58.450;-00:48:44.745;2.67E+20;1.449;+0.17/-0.13;131290.0;1.49159e-14;1.0639e-15;2.48872e-14;2.6908e-15;-9.990E+02;3.00287e-14;3.3306e-15;-9.990E+02;1.21765e-14;2.3494e-15;-9.990E+02
02:14:36.821;-00:39:51.511;2.68E+20;0.8;-999/-999;129276.0;7.11979e-15;1.20674e-15;4.4382e-15;1.26266e-15;-9.990E+02;7.03365e-15;1.91875e-15;-9.990E+02;7.40174e-15;2.40691e-15;-9.990E+02
02:14:26.666;-00:51:44.197;2.62E+20;0.8;-999/-999;132236.0;3.01322e-15;9.16828e-16;1.44774e-15;8.72408e-16;-9.990E+02;1.41774e-15;1.04383e-15;-9.990E+02;6.46919e-15;2.74281e-15;-9.990E+02
02:14:22.134;-00:40:54.403;2.66E+20;0.8;-999/-999;128506.0;3.9355e-15;1.00032e-15;2.02599e-15;9.4696e-16;-9.990E+02;4.66193e-15;1.7631e-15;-9.990E+02;3.86941e-15;1.96622e-15;-9.990E+02
02:14:38.598;-00:52:35.276;2.63E+20;0.249;+0.27/-0.20;126815.0;1.35224e-14;1.988e-15;1.35843e-15;6.55463e-16;-9.990E+02;1.17526e-14;2.49539e-15;-9.990E+02;1.81816e-14;3.99433e-15;-9.990E+02
02:14:56.166;-00:40:42.612;2.69E+20;0.8;-999/-999;133618.0;4.00017e-15;9.73978e-16;1.84456e-15;9.12339e-16;-9.990E+02;3.14406e-15;1.45934e-15;-9.990E+02;6.83084e-15;2.63914e-15;-9.990E+02
02:14:43.454;-00:53:18.201;2.63E+20;0.8;-999/-999;126966.0;3.53724e-15;9.5823e-16;1.70106e-15;8.60064e-16;-9.990E+02;2.49626e-15;1.26212e-15;-9.990E+02;6.32925e-15;2.50208e-15;-9.990E+02
02:14:25.549;-00:38:57.440;2.67E+20;0.571;+0.22/-0.17;127265.0;1.51117e-14;1.7996e-15;7.49973e-15;1.50133e-15;-9.990E+02;1.03216e-14;2.21585e-15;-9.990E+02;1.78144e-14;3.6616e-15;-9.990E+02
02:14:22.203;-00:52:58.989;2.50E+20;0.8;-999/-999;129277.0;6.12397e-15;1.1583e-15;2.86166e-15;1.0152e-15;-9.990E+02;5.29663e-15;1.66465e-15;-9.990E+02;9.68313e-15;2.78161e-15;-9.990E+02
02:14:54.361;-00:39:42.928;2.70E+20;0.8;-999/-999;133402.0;5.38588e-15;1.08404e-15;3.66386e-15;1.21975e-15;-9.990E+02;5.35174e-15;1.78167e-15;-9.990E+02;4.87973e-15;2.08916e-15;-9.990E+02
02:14:05.504;-00:45:04.460;2.62E+20;0.8;-999/-999;130748.0;5.0795e-15;1.08104e-15;2.23769e-15;9.37755e-16;-9.990E+02;3.28586e-15;1.37702e-15;-9.990E+02;9.99734e-15;2.97873e-15;-9.990E+02
02:14:31.346;-00:53:41.346;2.61E+20;0.8;-999/-999;131313.0;2.97655e-15;9.16493e-16;9.83035e-16;6.99449e-16;-9.990E+02;3.37011e-15;1.55494e-15;-9.990E+02;4.39476e-15;2.20519e-15;-9.990E+02
02:14:06.400;-00:42:33.496;2.63E+20;0.8;-999/-999;129972.0;4.29013e-15;1.02667e-15;3.1999e-15;1.14627e-15;-9.990E+02;3.84231e-15;1.50505e-15;-9.990E+02;3.89451e-15;1.88531e-15;-9.990E+02
02:14:34.056;-00:54:26.292;2.61E+20;0.8;-999/-999;129786.0;3.3281e-15;9.30172e-16;8.37507e-16;6.09578e-16;-9.990E+02;3.07767e-15;1.42784e-15;-9.990E+02;6.55525e-15;2.59786e-15;-9.990E+02
02:15:02.658;-00:51:43.797;2.66E+20;0.8;-999/-999;112049.0;5.61686e-15;1.17846e-15;2.60989e-15;1.04008e-15;-9.990E+02;5.34918e-15;1.80242e-15;-9.990E+02;8.13422e-15;2.74085e-15;-9.990E+02
02:14:16.733;-00:52:30.505;2.50E+20;1.163;+0.24/-0.18;131801.0;1.14267e-14;1.25675e-15;1.21088e-14;2.08772e-15;-9.990E+02;1.67404e-14;2.84026e-15;-9.990E+02;1.05322e-14;2.71298e-15;-9.990E+02
02:14:15.843;-00:52:48.152;2.50E+20;0.8;-999/-999;130392.0;7.85733e-15;1.29457e-15;4.45493e-15;1.32668e-15;-9.990E+02;7.79644e-15;2.11865e-15;-9.990E+02;9.13381e-15;2.83385e-15;-9.990E+02
02:15:10.648;-00:48:01.767;2.68E+20;0.8;-999/-999;106799.0;5.33573e-15;1.16561e-15;4.1911e-15;1.35569e-15;-9.990E+02;3.83042e-15;1.58142e-15;-9.990E+02;5.82335e-15;2.40422e-15;-9.990E+02
02:14:48.018;-00:54:20.726;2.63E+20;0.8;-999/-999;112755.0;4.81305e-15;1.09512e-15;3.63669e-15;1.27417e-15;-9.990E+02;3.55901e-15;1.52984e-15;-9.990E+02;5.41353e-15;2.32701e-15;-9.990E+02
02:14:49.020;-00:37:46.635;2.70E+20;0.8;-999/-999;124648.0;4.9358e-15;1.07032e-15;3.17373e-15;1.13556e-15;-9.990E+02;5.79477e-15;1.86602e-15;-9.990E+02;3.52377e-15;1.78586e-15;-9.990E+02
02:14:47.867;-00:37:20.761;2.70E+20;0.8;-999/-999;121250.0;9.003e-15;1.35848e-15;4.82368e-15;1.35539e-15;-9.990E+02;9.15821e-15;2.25553e-15;-9.990E+02;1.07098e-14;3.00929e-15;-9.990E+02
02:14:29.817;-00:54:54.338;2.49E+20;0.8;-999/-999;124639.0;6.46909e-15;1.21236e-15;3.94316e-15;1.20371e-15;-9.990E+02;5.10865e-15;1.67825e-15;-9.990E+02;8.89668e-15;2.71586e-15;-9.990E+02
02:15:08.624;-00:41:30.777;2.71E+20;0.537;+0.18/-0.14;100873.0;2.52206e-14;2.51535e-15;1.04684e-14;1.89436e-15;-9.990E+02;1.89723e-14;3.31717e-15;-9.990E+02;3.01572e-14;5.27277e-15;-9.990E+02
02:15:12.327;-00:47:08.624;2.69E+20;0.8;-999/-999;104072.0;8.99078e-15;1.3718e-15;3.97376e-15;1.22728e-15;-9.990E+02;9.43714e-15;2.21487e-15;-9.990E+02;1.21371e-14;3.19832e-15;-9.990E+02
02:14:53.416;-00:37:56.896;2.70E+20;0.8;-999/-999;123281.0;5.03597e-15;1.08404e-15;2.8122e-15;1.04554e-15;-9.990E+02;4.79176e-15;1.62891e-15;-9.990E+02;6.24376e-15;2.32134e-15;-9.990E+02
02:14:02.584;-00:49:39.566;2.50E+20;0.8;-999/-999;131310.0;3.17782e-15;9.40263e-16;1.17261e-15;7.58173e-16;-9.990E+02;3.47216e-15;1.58581e-15;-9.990E+02;4.62614e-15;2.26676e-15;-9.990E+02
02:14:00.341;-00:45:51.545;2.51E+20;0.8;-999/-999;132076.0;4.92352e-15;1.07685e-15;2.77549e-15;1.08581e-15;-9.990E+02;5.01787e-15;1.76916e-15;-9.990E+02;5.55794e-15;2.3045e-15;-9.990E+02
02:15:07.831;-00:51:26.417;2.67E+20;0.8;-999/-999;91384.5;7.1967e-15;1.31597e-15;4.08372e-15;-2.32145e-12;5.24082e-15;1.27899e-14;2.8779e-15;-9.990E+02;8.84007e-15;2.944e-15;-9.990E+02
02:15:04.197;-00:52:39.772;2.66E+20;0.8;-999/-999;92834.1;7.62709e-15;1.3703e-15;5.38425e-15;1.50715e-15;-9.990E+02;6.57134e-15;2.01639e-15;-9.990E+02;7.99416e-15;2.73493e-15;-9.990E+02
02:14:16.892;-00:37:58.043;2.66E+20;-0.326;+0.17/-0.14;115574.0;3.18836e-14;3.15679e-15;2.57435e-15;7.63053e-16;-9.990E+02;1.34792e-14;2.52754e-15;-9.990E+02;5.43857e-14;6.62478e-15;-9.990E+02
02:14:25.650;-00:37:05.830;2.67E+20;0.8;-999/-999;118141.0;8.2481e-15;1.3708e-15;3.09123e-15;1.0973e-15;-9.990E+02;6.46225e-15;1.91317e-15;-9.990E+02;1.57139e-14;3.59151e-15;-9.990E+02
02:14:51.074;-00:37:12.791;2.70E+20;0.8;-999/-999;115476.0;3.70357e-15;9.74262e-16;2.01513e-15;9.51149e-16;-9.990E+02;3.67888e-15;1.54669e-15;-9.990E+02;4.47407e-15;2.11178e-15;-9.990E+02
02:14:02.407;-00:50:40.234;2.50E+20;0.8;-999/-999;130348.0;4.08674e-15;1.02202e-15;2.28025e-15;1.0097e-15;-9.990E+02;4.8193e-15;1.78381e-15;-9.990E+02;3.67076e-15;1.94632e-15;-9.990E+02
02:14:02.259;-00:50:57.209;2.50E+20;0.8;-999/-999;130049.0;4.18213e-15;1.04928e-15;1.83261e-15;9.29443e-16;-9.990E+02;2.03485e-15;1.17495e-15;-9.990E+02;9.29537e-15;3.09936e-15;-9.990E+02
02:14:54.976;-00:55:07.070;2.63E+20;0.917;+0.24/-0.19;85580.3;1.46454e-14;1.73026e-15;1.418e-14;2.53443e-15;-9.990E+02;1.13314e-14;2.65054e-15;-9.990E+02;1.49853e-14;3.69964e-15;-9.990E+02
02:14:48.082;-00:36:12.344;2.70E+20;0.8;-999/-999;108963.0;8.1591e-15;1.33103e-15;4.12245e-15;1.26731e-15;-9.990E+02;8.02761e-15;2.14211e-15;-9.990E+02;1.06774e-14;3.05508e-15;-9.990E+02
02:14:03.013;-00:51:33.471;2.50E+20;0.8;-999/-999;127171.0;6.0354e-15;1.19918e-15;4.40715e-15;1.3489e-15;-9.990E+02;4.56825e-15;1.68552e-15;-9.990E+02;6.95807e-15;2.56727e-15;-9.990E+02
02:13:56.672;-00:47:26.690;2.51E+20;0.8;-999/-999;129713.0;3.62039e-15;9.81432e-16;3.46398e-15;1.26941e-15;-9.990E+02;2.56162e-15;1.33668e-15;-9.990E+02;2.60071e-15;1.64799e-15;-9.990E+02
02:14:40.571;-00:35:44.542;2.70E+20;0.8;-999/-999;111694.0;9.42153e-15;1.3722e-15;1.23407e-14;2.10296e-15;-9.990E+02;5.40845e-15;1.63033e-15;-9.990E+02;1.36996e-15;1.00579e-15;-9.990E+02
02:14:02.255;-00:39:51.710;2.64E+20;0.394;+0.15/-0.13;112224.0;2.99407e-14;2.7519e-15;1.03078e-14;1.71929e-15;-9.990E+02;1.91704e-14;3.01306e-15;-9.990E+02;3.8069e-14;5.45276e-15;-9.990E+02
02:14:16.838;-00:55:13.096;2.49E+20;0.8;-999/-999;119330.0;3.99533e-15;1.06252e-15;4.66639e-15;1.51783e-15;-9.990E+02;2.59145e-15;1.37881e-15;-9.990E+02;1.31565e-15;1.18694e-15;-9.990E+02
02:14:12.370;-00:37:10.901;2.66E+20;0.8;-999/-999;106336.0;5.67167e-15;1.20586e-15;3.53387e-15;1.27713e-15;-9.990E+02;4.31122e-15;1.71457e-15;-9.990E+02;7.87026e-15;2.84428e-15;-9.990E+02
02:13:58.155;-00:40:22.405;2.63E+20;0.8;-999/-999;101684.0;5.00607e-15;1.19094e-15;1.60454e-15;8.58858e-16;-9.990E+02;3.8069e-15;-3.07774e-12;7.7944e-15;1.61167e-14;4.04749e-15;-9.990E+02
02:14:50.797;-00:35:05.696;2.71E+20;0.8;-999/-999;69860.2;9.07904e-15;1.64724e-15;7.3019e-15;1.82122e-15;-9.990E+02;8.52476e-15;2.49894e-15;-9.990E+02;6.48092e-15;2.66671e-15;-9.990E+02
02:13:51.429;-00:48:45.657;2.50E+20;0.8;-999/-999;100065.0;6.90616e-15;1.3627e-15;4.03451e-15;1.43322e-15;-9.990E+02;7.46407e-15;2.34636e-15;-9.990E+02;6.82343e-15;2.79077e-15;-9.990E+02
02:15:14.561;-00:39:06.050;2.72E+20;0.622;+0.10/-0.09;43058.3;7.77223e-14;4.58026e-15;4.74663e-14;4.32044e-15;-9.990E+02;4.68572e-14;5.37257e-15;-9.990E+02;8.98054e-14;9.41462e-15;-9.990E+02
02:15:10.074;-00:36:40.364;2.82E+20;1.143;+0.12/-0.10;30680.9;5.57735e-14;3.2048e-15;5.52945e-14;5.26875e-15;-9.990E+02;8.21285e-14;7.24562e-15;-9.990E+02;5.17535e-14;6.98501e-15;-9.990E+02
02:14:06.834;-00:56:25.603;2.48E+20;1.929;+0.14/-0.12;65225.2;2.46094e-14;1.20819e-15;1.26699e-13;7.4328e-15;-9.990E+02;4.70746e-14;4.89287e-15;-9.990E+02;1.65056e-14;3.11239e-15;-9.990E+02
01:06:40.960;-00:51:46.181;4.18E+20;0.8;-999/-999;1864.4;1.73665e-13;3.45888e-14;1.6357e-13;4.65248e-14;-9.990E+02;1.08682e-13;4.41509e-14;-9.990E+02;1.62696e-13;6.60936e-14;-9.990E+02
01:05:47.485;-00:44:51.382;3.90E+20;0.8;-999/-999;2556.6;6.10212e-14;2.1426e-14;1.1358e-13;3.98805e-14;-9.990E+02;3.83957e-14;-5.38546e-11;3.38263e-13;5.76442e-14;-8.08531e-11;5.07841e-13
21:33:27.525;-00:48:57.657;3.71E+20;0.8;-999/-999;66246.2;7.71749e-15;1.84561e-15;8.3826e-15;2.6212e-15;-9.990E+02;3.44101e-15;2.00872e-15;-9.990E+02;6.90123e-15;3.45331e-15;-9.990E+02
21:33:27.432;-00:48:35.874;3.71E+20;0.761;+0.27/-0.20;66313.1;1.76631e-14;2.48982e-15;6.87748e-15;2.01984e-15;-9.990E+02;2.11634e-14;4.07721e-15;-9.990E+02;1.9239e-14;4.85474e-15;-9.990E+02
21:33:27.137;-00:49:29.802;3.72E+20;0.419;+0.22/-0.18;66067.5;2.85006e-14;3.52317e-15;1.00559e-14;2.3994e-15;-9.990E+02;1.89116e-14;4.06065e-15;-9.990E+02;3.58038e-14;7.09572e-15;-9.990E+02
21:33:26.485;-00:50:34.125;3.73E+20;0.8;-999/-999;66755.5;6.1924e-15;1.70472e-15;3.81427e-15;1.80423e-15;-9.990E+02;5.21322e-15;2.46596e-15;-9.990E+02;7.84039e-15;3.70867e-15;-9.990E+02
21:33:26.020;-00:46:54.022;3.69E+20;0.8;-999/-999;66156.4;4.83385e-15;1.56068e-15;5.09588e-15;2.15927e-15;-9.990E+02;3.49045e-15;2.10402e-15;-9.990E+02;2.62658e-15;2.22568e-15;-9.990E+02
21:33:26.191;-00:45:26.923;3.68E+20;0.8;-999/-999;67196.6;5.91289e-15;1.56013e-15;3.89418e-15;1.65418e-15;-9.990E+02;4.27427e-15;2.03781e-15;-9.990E+02;8.03405e-15;3.41272e-15;-9.990E+02
21:33:43.678;-00:46:59.252;3.71E+20;0.8;-999/-999;69874.6;9.77463e-15;1.84561e-15;8.09164e-15;2.34257e-15;-9.990E+02;7.66542e-15;2.62281e-15;-9.990E+02;8.96782e-15;3.46356e-15;-9.990E+02
21:33:42.503;-00:51:57.394;3.75E+20;0.8;-999/-999;69291.1;4.27019e-15;1.4215e-15;3.64393e-15;1.7686e-15;-9.990E+02;3.31704e-15;1.95764e-15;-9.990E+02;3.74011e-15;2.55078e-15;-9.990E+02
21:33:44.450;-00:46:20.656;3.70E+20;0.8;-999/-999;69857.6;9.71584e-15;1.84496e-15;4.18548e-15;1.70248e-15;-9.990E+02;7.36688e-15;2.62252e-15;-9.990E+02;1.72393e-14;4.82214e-15;-9.990E+02
21:33:16.793;-00:53:06.703;3.74E+20;0.8;-999/-999;67275.1;6.9975e-15;1.70532e-15;4.31107e-15;1.75149e-15;-9.990E+02;4.90879e-15;2.27247e-15;-9.990E+02;1.03335e-14;3.95696e-15;-9.990E+02
21:33:24.811;-00:54:30.911;3.76E+20;0.8;-999/-999;68587.0;1.01829e-14;1.9908e-15;6.90638e-15;2.24214e-15;-9.990E+02;8.56742e-15;2.84013e-15;-9.990E+02;1.1591e-14;4.27001e-15;-9.990E+02
21:33:05.192;-00:49:32.725;3.70E+20;0.8;-999/-999;68248.9;5.24111e-15;1.56112e-15;7.44115e-16;8.06714e-16;-9.990E+02;3.05578e-15;1.91991e-15;-9.990E+02;1.37968e-14;5.14372e-15;-9.990E+02
21:33:53.533;-00:49:05.341;3.73E+20;0.8;-999/-999;71004.6;9.79788e-15;1.98884e-15;1.39288e-15;9.97538e-16;-9.990E+02;1.04695e-14;3.10963e-15;-9.990E+02;1.86108e-14;5.396e-15;-9.990E+02
21:33:03.591;-00:49:58.851;3.70E+20;0.8;-999/-999;68770.5;1.41636e-14;2.27072e-15;1.17654e-14;2.79469e-15;-9.990E+02;1.25316e-14;3.40046e-15;-9.990E+02;1.07752e-14;3.83688e-15;-9.990E+02
21:33:18.066;-00:54:40.868;3.75E+20;0.8;-999/-999;67028.7;5.14725e-15;1.56365e-15;3.17332e-15;1.65002e-15;-9.990E+02;3.46453e-15;2.02008e-15;-9.990E+02;7.8137e-15;3.84102e-15;-9.990E+02
21:33:02.229;-00:46:37.301;3.67E+20;0.8;-999/-999;68598.1;7.88864e-15;1.84314e-15;6.36077e-15;2.19831e-15;-9.990E+02;4.98715e-15;2.33044e-15;-9.990E+02;9.38277e-15;3.91983e-15;-9.990E+02
21:33:00.744;-00:51:05.798;3.71E+20;0.8;-999/-999;70733.3;6.51926e-15;1.70364e-15;6.01828e-15;2.27179e-15;-9.990E+02;3.29502e-15;1.96101e-15;-9.990E+02;7.43002e-15;3.59738e-15;-9.990E+02
21:33:13.705;-00:55:24.163;3.76E+20;0.8;-999/-999;67657.4;4.81347e-15;1.5642e-15;1.48441e-15;1.17685e-15;-9.990E+02;4.04862e-15;2.26371e-15;-9.990E+02;9.13577e-15;4.35311e-15;-9.990E+02
21:33:57.541;-00:52:24.101;3.76E+20;0.8;-999/-999;69507.0;4.61155e-15;1.422e-15;1.00373e-15;9.2848e-16;-9.990E+02;4.10963e-15;2.11117e-15;-9.990E+02;9.26528e-15;4.12647e-15;-9.990E+02
21:33:18.848;-00:56:37.712;3.77E+20;0.891;+0.22/-0.17;68442.4;2.59481e-14;2.9007e-15;2.21672e-14;3.93743e-15;-9.990E+02;2.25001e-14;4.57056e-15;-9.990E+02;2.68512e-14;5.79029e-15;-9.990E+02
21:32:55.350;-00:48:58.029;3.68E+20;0.8;-999/-999;69791.0;1.16357e-14;2.12745e-15;9.44385e-15;2.6153e-15;-9.990E+02;9.41631e-15;3.07339e-15;-9.990E+02;1.06293e-14;3.85408e-15;-9.990E+02
21:33:48.414;-00:41:50.931;3.66E+20;0.761;+0.25/-0.19;68139.3;2.38062e-14;3.07083e-15;1.23208e-14;2.96498e-15;-9.990E+02;2.43189e-14;4.80479e-15;-9.990E+02;2.59373e-14;6.24174e-15;-9.990E+02
21:32:55.610;-00:52:28.288;3.72E+20;0.8;-999/-999;69951.8;7.96818e-15;1.84613e-15;6.05959e-15;2.08387e-15;-9.990E+02;3.55234e-15;1.94335e-15;-9.990E+02;1.24645e-14;4.2865e-15;-9.990E+02
21:34:03.981;-00:47:05.742;3.72E+20;0.8;-999/-999;62426.3;5.86501e-15;1.70412e-15;2.49965e-15;1.53693e-15;-9.990E+02;3.41853e-15;2.10192e-15;-9.990E+02;1.20005e-14;4.95128e-15;-9.990E+02
21:33:21.809;-00:39:56.452;3.62E+20;0.8;-999/-999;65050.3;7.30256e-15;1.84015e-15;4.47802e-15;1.93414e-15;-9.990E+02;5.28164e-15;2.44016e-15;-9.990E+02;1.06012e-14;4.3419e-15;-9.990E+02
21:33:51.945;-00:56:15.347;3.79E+20;0.8;-999/-999;67908.6;6.14339e-15;1.70808e-15;5.69307e-15;2.17544e-15;-9.990E+02;1.29147e-15;1.21176e-15;-9.990E+02;9.7083e-15;4.04737e-15;-9.990E+02
21:33:33.439;-00:58:20.866;3.80E+20;1.141;+0.12/-0.10;66744.1;6.37326e-14;3.76992e-15;7.54103e-14;6.84368e-15;-9.990E+02;7.67591e-14;7.6794e-15;-9.990E+02;5.92559e-14;7.90079e-15;-9.990E+02
21:33:42.044;-00:58:06.686;3.80E+20;0.8;-999/-999;63633.4;6.13943e-15;1.70856e-15;3.7921e-15;1.77334e-15;-9.990E+02;5.16012e-15;2.41308e-15;-9.990E+02;7.75491e-15;3.62652e-15;-9.990E+02
21:33:27.856;-00:38:59.204;3.62E+20;0.8;-999/-999;57131.9;1.3276e-14;2.40635e-15;5.42569e-15;2.11665e-15;-9.990E+02;1.30679e-14;3.70861e-15;-9.990E+02;1.96756e-14;5.58382e-15;-9.990E+02
21:34:06.419;-00:52:45.397;3.77E+20;0.8;-999/-999;51735.3;7.3467e-15;1.99136e-15;2.47318e-15;1.56664e-15;-9.990E+02;6.74127e-15;3.01526e-15;-9.990E+02;1.26651e-14;4.91063e-15;-9.990E+02
21:32:56.691;-00:55:16.062;3.74E+20;0.8;-999/-999;69868.1;7.10408e-15;1.84743e-15;5.05191e-15;2.13452e-15;-9.990E+02;8.27821e-15;3.20686e-15;-9.990E+02;4.15014e-15;2.76226e-15;-9.990E+02
21:32:48.414;-00:51:25.162;3.70E+20;0.8;-999/-999;64915.9;5.40006e-15;1.70304e-15;6.22846e-16;7.94141e-16;-9.990E+02;1.10898e-14;3.85201e-15;-9.990E+02;2.56673e-15;2.35145e-15;-9.990E+02
21:33:57.893;-00:56:34.352;3.80E+20;0.8;-999/-999;50371.0;1.39447e-14;2.56284e-15;1.10755e-14;3.09807e-15;-9.990E+02;1.2561e-14;3.93563e-15;-9.990E+02;1.13275e-14;4.64593e-15;-9.990E+02
21:33:41.330;-00:38:57.524;3.62E+20;0.399;+0.28/-0.21;50732.9;2.36221e-14;3.7436e-15;1.19678e-14;2.84496e-15;-9.990E+02;9.31937e-15;3.24922e-15;-9.990E+02;2.99715e-14;7.12476e-15;-9.990E+02
21:34:09.784;-00:46:17.519;3.72E+20;0.8;-999/-999;42486.6;1.56921e-14;2.69819e-15;1.08732e-14;2.99045e-15;-9.990E+02;1.48702e-14;4.08975e-15;-9.990E+02;1.49089e-14;5.12611e-15;-9.990E+02
21:33:42.547;-00:39:12.111;3.63E+20;0.8;-999/-999;52993.2;1.02759e-14;2.2656e-15;3.15265e-15;1.73005e-15;-9.990E+02;1.5173e-14;4.58701e-15;-9.990E+02;9.78671e-15;4.31608e-15;-9.990E+02
21:32:49.379;-00:52:57.939;3.71E+20;1.839;+0.20/-0.15;65851.0;2.10655e-14;1.48512e-15;7.71569e-14;7.30732e-15;-9.990E+02;5.36627e-14;6.39625e-15;-9.990E+02;1.46386e-14;3.48906e-15;-9.990E+02
21:33:40.165;-00:38:37.701;3.62E+20;1.000;+0.23/-0.18;48652.5;2.60729e-14;2.975e-15;2.0569e-14;4.0677e-15;-9.990E+02;3.26526e-14;5.63584e-15;-9.990E+02;2.57963e-14;6.12132e-15;-9.990E+02
21:33:38.551;-00:38:23.844;3.62E+20;0.8;-999/-999;48147.4;2.26622e-14;3.1141e-15;1.04166e-14;2.73888e-15;-9.990E+02;3.82327e-14;6.51067e-15;-9.990E+02;7.19693e-15;3.40586e-15;-9.990E+02
21:33:41.830;-00:38:29.186;3.62E+20;0.707;+0.27/-0.20;46465.7;2.28725e-14;3.19788e-15;5.89605e-15;2.05737e-15;-9.990E+02;2.91913e-14;5.45847e-15;-9.990E+02;2.55472e-14;6.5001e-15;-9.990E+02
21:33:10.334;-00:38:50.921;3.61E+20;0.8;-999/-999;40544.5;1.34236e-14;2.54718e-15;1.51933e-14;3.55379e-15;-9.990E+02;5.23089e-15;2.44634e-15;-9.990E+02;1.18151e-14;4.68825e-15;-9.990E+02
21:33:39.336;-00:38:02.366;3.61E+20;0.8;-999/-999;41080.8;1.66982e-14;2.8302e-15;7.67472e-15;2.6016e-15;-9.990E+02;2.11349e-14;5.21297e-15;-9.990E+02;1.59153e-14;5.395e-15;-9.990E+02
21:34:05.900;-00:56:41.438;3.81E+20;0.8;-999/-999;36895.7;1.76328e-14;2.99103e-15;2.33376e-15;1.48445e-15;-9.990E+02;1.26952e-14;3.99353e-15;-9.990E+02;4.29254e-14;9.0017e-15;-9.990E+02
22:11:09.856;-00:23:29.755;4.75E+20;0.8;-999/-999;7811.7;1.48293e-13;1.76016e-14;1.52158e-13;2.45259e-14;-9.990E+02;1.17155e-13;2.42119e-14;-9.990E+02;8.13948e-14;2.55804e-14;-9.990E+02
22:10:49.973;-00:22:48.325;4.70E+20;0.8;-999/-999;7863.0;3.25727e-14;9.5199e-15;1.39373e-14;8.49827e-15;-9.990E+02;3.58802e-14;1.54431e-14;-9.990E+02;4.00775e-14;2.01198e-14;-9.990E+02
22:10:50.236;-00:17:41.404;4.58E+20;0.8;-999/-999;6924.0;2.52004e-14;8.7552e-15;2.89862e-14;1.28747e-14;-9.990E+02;2.78266e-14;-2.17235e-11;8.2813e-14;3.73415e-14;2.03052e-14;-9.990E+02
22:11:19.247;-00:31:27.328;4.92E+20;0.8;-999/-999;7342.9;2.0214e-14;7.96176e-15;9.81412e-15;7.73442e-15;-9.990E+02;2.21682e-14;-1.96319e-11;8.23483e-14;5.55747e-14;2.53708e-14;-9.990E+02
22:10:43.380;-00:27:39.320;4.78E+20;0.8;-999/-999;8246.3;2.98191e-14;9.5433e-15;1.64539e-14;9.86893e-15;-9.990E+02;5.26756e-14;1.97951e-14;-9.990E+02;8.23166e-14;-3.5094e-11;1.03558e-13
22:11:53.978;-00:19:23.002;4.74E+20;0.8;-999/-999;7557.8;3.3126e-14;9.82488e-15;1.41979e-14;9.15609e-15;-9.990E+02;2.73458e-14;1.43937e-14;-9.990E+02;5.42622e-14;2.4445e-14;-9.990E+02
22:11:57.719;-00:22:20.977;4.81E+20;0.8;-999/-999;7513.6;5.34016e-14;1.21969e-14;8.60588e-14;2.19041e-14;-9.990E+02;2.20117e-14;1.24977e-14;-9.990E+02;8.7294e-14;-4.48199e-11;1.0805e-13
22:10:47.950;-00:31:18.176;4.86E+20;0.8;-999/-999;7746.6;2.64906e-14;9.41888e-15;4.27845e-14;-1.82376e-11;6.79418e-14;2.61777e-14;1.4607e-14;-9.990E+02;5.83805e-14;2.68658e-14;-9.990E+02
21:49:32.594;+00:22:35.295;6.61E+20;0.8;-999/-999;4654.9;4.73783e-14;1.50088e-14;4.93533e-14;2.25845e-14;-9.990E+02;1.42107e-14;1.26033e-14;-9.990E+02;6.22273e-14;3.21327e-14;-9.990E+02
21:49:07.467;+00:33:09.453;6.52E+20;0.8;-999/-999;4273.3;2.12077e-13;3.087e-14;1.86179e-13;4.16507e-14;-9.990E+02;1.95909e-13;4.63538e-14;-9.990E+02;1.43137e-13;4.60683e-14;-9.990E+02
21:49:24.770;+00:17:41.037;6.65E+20;0.8;-999/-999;4553.4;2.96324e-14;1.25469e-14;2.61598e-14;-2.61566e-11;5.84418e-14;4.0594e-14;2.33982e-14;-9.990E+02;4.44514e-14;2.92729e-14;-9.990E+02
23:40:10.531;+00:10:21.517;3.48E+20;0.8;-999/-999;762.2;6.81533e-13;1.21174e-13;3.1172e-13;1.10777e-13;-9.990E+02;4.32841e-13;1.5382e-13;-9.990E+02;1.30478e-12;3.24713e-13;-9.990E+02
23:01:42.562;-01:06:02.555;4.32E+20;0.8;-999/-999;4686.0;4.98085e-14;1.4475e-14;2.8329e-14;1.48885e-14;-9.990E+02;4.97163e-14;2.27119e-14;-9.990E+02;5.57923e-14;2.9322e-14;-9.990E+02
23:01:30.622;-01:09:56.907;4.34E+20;0.8;-999/-999;4875.6;4.95063e-14;1.4484e-14;5.63033e-14;2.11261e-14;-9.990E+02;2.47089e-14;1.66786e-14;-9.990E+02;3.6928e-14;2.49265e-14;-9.990E+02
23:01:28.799;-01:10:31.676;4.34E+20;0.8;-999/-999;4872.4;4.00772e-14;1.33253e-14;7.59957e-14;2.52678e-14;-9.990E+02;1.99963e-14;-3.32163e-11;9.42531e-14;2.98848e-14;-4.96424e-11;1.40863e-13
23:01:21.709;-01:03:17.142;4.31E+20;0.8;-999/-999;4874.8;2.95353e-14;1.18662e-14;5.59316e-14;-2.24494e-11;7.39086e-14;5.89954e-14;2.53937e-14;-9.990E+02;2.20465e-14;1.92974e-14;-9.990E+02
23:02:12.401;-01:12:15.399;4.31E+20;0.8;-999/-999;4633.2;2.92459e-14;1.21556e-14;4.42849e-14;1.99501e-14;-9.990E+02;5.84174e-14;-3.03178e-11;9.65313e-14;2.1825e-14;1.96593e-14;-9.990E+02
23:02:08.309;-00:58:13.168;4.27E+20;0.8;-999/-999;4470.3;3.12185e-14;1.25741e-14;2.36161e-14;1.45801e-14;-9.990E+02;3.12099e-14;1.92683e-14;-9.990E+02;2.33306e-14;2.03603e-14;-9.990E+02
23:01:26.950;-00:54:51.448;4.26E+20;0.8;-999/-999;3926.7;6.20397e-14;1.87824e-14;1.17243e-13;3.54952e-14;-9.990E+02;6.20284e-14;-4.69004e-11;1.70777e-13;4.63795e-14;-7.01525e-11;2.55444e-13
21:11:18.574;-01:13:50.673;4.78E+20;0.8;-999/-999;4222.1;6.62599e-14;1.76184e-14;9.59952e-14;2.9777e-14;-9.990E+02;4.10143e-14;2.17968e-14;-9.990E+02;0;-6.48048e-11;4.03584e-13
21:11:25.778;-01:04:00.924;5.06E+20;0.8;-999/-999;4617.1;3.9606e-14;1.40657e-14;2.57984e-14;1.63107e-14;-9.990E+02;1.62526e-14;1.45432e-14;-9.990E+02;7.22956e-14;3.76727e-14;-9.990E+02
21:11:23.058;-01:20:59.584;4.61E+20;0.8;-999/-999;4790.8;4.27956e-14;1.4606e-14;3.51843e-14;1.81272e-14;-9.990E+02;6.07271e-14;2.77242e-14;-9.990E+02;7.91613e-14;-5.3981e-11;1.49461e-13
21:11:56.765;-01:15:47.143;4.68E+20;0.8;-999/-999;3705.2;5.29713e-14;1.75644e-14;4.36966e-14;-3.37578e-11;2.24508e-13;1.31315e-13;4.3542e-14;-9.990E+02;9.78142e-14;-6.47952e-11;4.30923e-13
01:10:12.341;-00:07:58.058;3.07E+20;0.8;-999/-999;3971.8;1.2258e-13;2.22368e-14;0;-3.98989e-11;2.08058e-13;1.79419e-13;4.33952e-14;-9.990E+02;2.03757e-13;5.75156e-14;-9.990E+02
01:10:26.030;+00:07:11.498;2.93E+20;0.8;-999/-999;5116.9;2.77193e-14;1.0789e-14;4.95008e-14;1.92668e-14;-9.990E+02;4.06922e-14;-2.7692e-11;6.72398e-14;4.62878e-14;-4.19926e-11;1.01964e-13
02:42:40.740;-00:00:46.739;2.92E+20;1.818;+0.01/-0.01;37614.1;3.14125e-12;1.94743e-14;1.34782e-11;1.03216e-13;-9.990E+02;5.31864e-12;6.7284e-14;-9.990E+02;2.20711e-12;4.99434e-14;-9.990E+02
02:43:04.734;+00:00:03.614;2.93E+20;0.396;+0.27/-0.20;39860.7;3.2994e-14;4.79778e-15;9.55571e-15;2.93397e-15;-9.990E+02;2.41304e-14;5.95384e-15;-9.990E+02;4.18795e-14;9.64486e-15;-9.990E+02
02:42:47.603;+00:05:01.094;2.93E+20;0.8;-999/-999;38321.3;7.16359e-15;2.21312e-15;4.56969e-15;2.25841e-15;-9.990E+02;9.20105e-15;4.06211e-15;-9.990E+02;3.98855e-15;3.2028e-15;-9.990E+02
02:43:08.153;-00:01:26.601;2.94E+20;0.8;-999/-999;39691.4;1.38923e-14;2.90577e-15;8.27378e-15;2.98865e-15;-9.990E+02;1.01976e-14;4.06979e-15;-9.990E+02;2.06141e-14;7.2001e-15;-9.990E+02
02:43:00.121;-00:03:57.914;2.93E+20;0.8;-999/-999;38077.3;1.5644e-14;3.18136e-15;1.07474e-14;3.49519e-15;-9.990E+02;1.7009e-14;5.23845e-15;-9.990E+02;1.17269e-14;5.40537e-15;-9.990E+02
02:42:28.011;+00:04:06.991;2.91E+20;0.8;-999/-999;38254.6;7.91309e-15;2.34974e-15;2.56731e-15;1.84472e-15;-9.990E+02;3.69878e-15;2.65772e-15;-9.990E+02;1.96321e-14;7.32904e-15;-9.990E+02
02:42:52.047;-00:06:13.142;2.92E+20;0.8;-999/-999;38384.1;1.03108e-14;2.62713e-15;5.25705e-15;2.42565e-15;-9.990E+02;9.46297e-15;3.9586e-15;-9.990E+02;1.43512e-14;6.00346e-15;-9.990E+02
02:42:44.404;-00:06:34.329;2.92E+20;1.990;+0.17/-0.15;38245.4;3.57438e-14;2.11332e-15;1.80005e-13;1.35833e-14;-9.990E+02;9.84704e-14;1.05403e-14;-9.990E+02;2.3441e-14;5.28758e-15;-9.990E+02
02:42:50.983;+00:10:11.554;2.94E+20;0.8;-999/-999;28590.7;2.31908e-14;3.73599e-15;1.46219e-14;3.94284e-15;-9.990E+02;2.45254e-14;6.10646e-15;-9.990E+02;2.125e-14;6.94681e-15;-9.990E+02
02:42:14.028;-00:01:38.162;2.88E+20;0.8;-999/-999;33994.7;1.3605e-14;3.17584e-15;6.92631e-15;2.99689e-15;-9.990E+02;7.5014e-15;3.84305e-15;-9.990E+02;2.65501e-14;8.75125e-15;-9.990E+02
02:42:11.821;+00:01:50.999;2.87E+20;0.8;-999/-999;37287.7;2.116e-14;3.72681e-15;1.8855e-14;4.67626e-15;-9.990E+02;1.55587e-14;5.01103e-15;-9.990E+02;1.77073e-14;6.61193e-15;-9.990E+02
02:42:20.422;-00:05:02.357;2.89E+20;0.8;-999/-999;32681.7;1.03114e-14;2.90073e-15;2.04256e-15;1.75446e-15;-9.990E+02;1.17862e-14;5.06189e-15;-9.990E+02;1.788e-14;7.67904e-15;-9.990E+02
02:42:47.908;-00:08:43.925;2.90E+20;0.8;-999/-999;38036.7;8.3516e-15;2.48724e-15;1.48942e-15;1.39898e-15;-9.990E+02;1.28821e-14;4.92049e-15;-9.990E+02;9.77008e-15;5.22292e-15;-9.990E+02
02:43:30.785;-00:01:03.745;2.97E+20;0.8;-999/-999;27391.6;1.03412e-14;2.7702e-15;6.93756e-15;3.09713e-15;-9.990E+02;1.32766e-14;5.1094e-15;-9.990E+02;5.02948e-15;3.70528e-15;-9.990E+02
02:42:11.269;-00:01:37.252;2.88E+20;0.8;-999/-999;33347.3;1.28193e-14;3.17584e-15;1.14192e-14;4.0426e-15;-9.990E+02;1.41291e-14;5.36677e-15;-9.990E+02;3.57271e-15;3.3286e-15;-9.990E+02
02:43:25.522;-00:04:13.875;2.97E+20;0.925;+0.15/-0.12;30984.6;7.89802e-14;6.215e-15;3.27049e-14;5.75383e-15;-9.990E+02;1.2383e-13;1.31921e-14;-9.990E+02;8.05002e-14;1.30175e-14;-9.990E+02
02:42:08.759;+00:02:03.660;2.87E+20;0.8;-999/-999;34451.7;3.03252e-14;4.41696e-15;1.35051e-14;3.85263e-15;-9.990E+02;4.46056e-14;8.58018e-15;-9.990E+02;2.11453e-14;7.38791e-15;-9.990E+02
02:43:16.531;-00:07:27.623;2.96E+20;0.8;-999/-999;25222.5;1.75706e-14;3.59996e-15;1.14283e-14;3.83254e-15;-9.990E+02;2.46126e-14;6.82243e-15;-9.990E+02;6.21937e-15;4.33739e-15;-9.990E+02
02:42:07.309;+00:00:40.177;2.87E+20;0.987;+0.23/-0.18;34723.3;3.56611e-14;4.21056e-15;3.88601e-14;6.52339e-15;-9.990E+02;2.90638e-14;6.42988e-15;-9.990E+02;3.54451e-14;8.59152e-15;-9.990E+02
02:43:21.601;-00:07:42.129;2.96E+20;0.8;-999/-999;20192.8;2.92566e-14;4.70764e-15;2.09329e-14;5.34278e-15;-9.990E+02;3.00592e-14;7.67212e-15;-9.990E+02;2.27864e-14;8.10566e-15;-9.990E+02
02:42:00.909;+00:00:20.562;2.87E+20;0.926;+0.10/-0.09;24323.4;1.82487e-13;1.00213e-14;1.48637e-13;1.2858e-14;-9.990E+02;1.85472e-13;1.70751e-14;-9.990E+02;1.8586e-13;2.06575e-14;-9.990E+02
02:42:51.011;-00:11:13.657;2.90E+20;0.426;+0.28/-0.21;26412.8;4.13972e-14;6.33815e-15;1.59589e-14;4.39182e-15;-9.990E+02;2.57129e-14;7.07608e-15;-9.990E+02;5.18609e-14;1.27382e-14;-9.990E+02
02:41:57.530;+00:09:41.105;2.88E+20;0.8;-999/-999;3400.6;1.31425e-12;3.59008e-14;1.63943e-12;5.3319e-14;-9.990E+02;1.01439e-12;5.2318e-14;-9.990E+02;1.9728e-12;-1.39945e-10;3.38734e-12
01:10:24.520;-00:15:42.029;3.09E+20;0.8;-999/-999;12627.9;2.13349e-14;5.84136e-15;2.09184e-14;7.87721e-15;-9.990E+02;1.9858e-14;9.07979e-15;-9.990E+02;7.51436e-15;6.87289e-15;-9.990E+02
01:10:31.793;-00:16:13.200;3.08E+20;0.8;-999/-999;13185.9;1.33761e-14;4.72702e-15;1.06869e-14;5.54711e-15;-9.990E+02;1.52274e-14;7.90387e-15;-9.990E+02;5.76234e-15;5.98334e-15;-9.990E+02
01:10:14.959;-00:10:38.017;3.08E+20;0.8;-999/-999;13038.3;1.36166e-14;4.72702e-15;4.08038e-15;3.39823e-15;-9.990E+02;1.74383e-14;8.58388e-15;-9.990E+02;1.75997e-14;1.06622e-14;-9.990E+02
01:10:25.492;-00:23:29.774;3.11E+20;0.8;-999/-999;13520.6;1.54618e-14;5.01012e-15;1.3905e-14;6.35642e-15;-9.990E+02;9.88316e-15;6.30385e-15;-9.990E+02;1.49592e-14;9.54154e-15;-9.990E+02
01:10:49.343;-00:11:03.011;3.06E+20;0.8;-999/-999;13987.7;1.93807e-14;5.69613e-15;4.34861e-15;3.58018e-15;-9.990E+02;3.10095e-14;1.16748e-14;-9.990E+02;1.87906e-14;1.10501e-14;-9.990E+02
01:10:29.342;-00:25:18.209;3.20E+20;0.8;-999/-999;11352.0;2.12316e-14;6.14196e-15;6.39276e-15;4.57959e-15;-9.990E+02;9.03829e-15;6.47477e-15;-9.990E+02;5.46698e-14;1.95819e-14;-9.990E+02
01:10:40.030;-00:24:35.052;3.10E+20;0.8;-999/-999;11457.7;5.92929e-14;9.46016e-15;4.79999e-14;1.16021e-14;-9.990E+02;5.31316e-14;1.47501e-14;-9.990E+02;4.5971e-14;1.66623e-14;-9.990E+02
01:10:11.999;-00:07:57.713;3.07E+20;0.005;+0.26/-0.20;12087.2;1.20546e-13;1.69343e-14;4.83447e-15;3.25243e-15;-9.990E+02;8.84116e-14;1.90387e-14;-9.990E+02;1.79913e-13;3.55173e-14;-9.990E+02
01:10:35.709;-00:07:49.101;3.05E+20;0.8;-999/-999;13343.3;2.35141e-14;6.38894e-15;1.20586e-14;6.10286e-15;-9.990E+02;3.44333e-14;1.24102e-14;-9.990E+02;1.30389e-14;9.19568e-15;-9.990E+02
01:10:24.984;-00:07:26.140;3.06E+20;0.8;-999/-999;13442.5;1.36485e-14;5.00148e-15;2.45099e-14;8.98164e-15;-9.990E+02;1.99789e-14;-1.27996e-11;7.68474e-14;7.56798e-15;-1.93835e-11;1.16377e-13
01:10:17.488;-00:25:58.283;3.23E+20;0.8;-999/-999;10717.7;2.94551e-14;7.12623e-15;3.19754e-14;9.91617e-15;-9.990E+02;1.50439e-14;8.11402e-15;-9.990E+02;2.27314e-14;1.22661e-14;-9.990E+02
01:10:59.887;-00:12:41.118;3.05E+20;0.8;-999/-999;13799.0;1.35737e-14;5.00004e-15;2.7074e-15;2.9916e-15;-9.990E+02;7.72659e-15;6.01827e-15;-9.990E+02;3.51118e-14;1.58741e-14;-9.990E+02
01:11:04.917;-00:16:28.007;3.06E+20;0.8;-999/-999;12167.2;2.43544e-14;6.52971e-15;4.86007e-15;-1.17136e-11;3.60763e-14;1.55973e-14;8.25425e-15;-9.990E+02;7.08285e-14;2.19547e-14;-9.990E+02
03:53:20.170;-00:01:29.837;1.12E+21;0.8;-999/-999;100152.0;4.27779e-15;1.27902e-15;1.12574e-15;1.04237e-15;-9.990E+02;4.08245e-15;1.89078e-15;-9.990E+02;6.39889e-15;2.76648e-15;-9.990E+02
03:53:25.604;+00:02:21.426;1.12E+21;0.8;-999/-999;93033.2;2.11038e-14;2.41976e-15;2.44026e-14;4.03167e-15;-9.990E+02;1.99891e-14;3.65658e-15;-9.990E+02;7.96039e-15;2.70096e-15;-9.990E+02
03:53:26.676;-00:01:24.913;1.12E+21;0.8;-999/-999;100281.0;4.40915e-15;1.2963e-15;1.4696e-15;1.20004e-15;-9.990E+02;2.66535e-15;1.52367e-15;-9.990E+02;8.35895e-15;3.1847e-15;-9.990E+02
03:53:29.560;-00:01:08.611;1.13E+21;0.659;+0.21/-0.17;101343.0;2.41539e-14;2.6439e-15;8.07958e-15;2.32865e-15;-9.990E+02;2.37403e-14;3.69773e-15;-9.990E+02;2.75005e-14;4.96525e-15;-9.990E+02
03:53:33.685;-00:00:01.492;1.13E+21;0.8;-999/-999;104689.0;9.36893e-15;1.66282e-15;6.40991e-15;2.27541e-15;-9.990E+02;9.64518e-15;2.63585e-15;-9.990E+02;8.05439e-15;2.85917e-15;-9.990E+02
03:53:28.626;+00:02:59.904;1.13E+21;0.8;-999/-999;89792.0;5.19976e-15;1.403e-15;1.08729e-15;1.01211e-15;-9.990E+02;7.84872e-15;2.62095e-15;-9.990E+02;4.09818e-15;2.21154e-15;-9.990E+02
03:53:35.166;+00:01:38.123;1.13E+21;0.8;-999/-999;101811.0;7.09988e-15;1.54157e-15;4.29877e-15;1.89864e-15;-9.990E+02;5.54235e-15;2.06279e-15;-9.990E+02;9.26118e-15;3.13711e-15;-9.990E+02
03:53:22.736;+00:04:13.577;1.12E+21;0.044;+0.21/-0.17;73810.0;1.80204e-14;2.69181e-15;5.95597e-15;-3.68352e-12;7.10896e-15;9.18967e-15;2.41654e-15;-9.990E+02;3.27892e-14;5.53187e-15;-9.990E+02
03:53:17.648;+00:04:22.651;1.12E+21;2.333;+0.12/-0.10;59321.1;3.20978e-14;1.18231e-15;3.2302e-13;1.50851e-14;-9.990E+02;8.89564e-14;5.82217e-15;-9.990E+02;1.814e-14;2.62019e-15;-9.990E+02
03:53:29.483;+00:04:20.103;1.13E+21;0.8;-999/-999;73220.0;1.4392e-14;2.07852e-15;8.20468e-15;2.56744e-15;-9.990E+02;1.33322e-14;3.1136e-15;-9.990E+02;1.65019e-14;4.08289e-15;-9.990E+02
03:53:14.154;+00:04:41.658;1.12E+21;1.031;+0.20/-0.16;51143.0;2.62109e-14;2.49628e-15;2.313e-14;4.32531e-15;-9.990E+02;3.02205e-14;4.25127e-15;-9.990E+02;2.55925e-14;4.7858e-15;-9.990E+02
03:53:01.285;-00:03:00.266;1.10E+21;0.8;-999/-999;74429.5;9.15003e-15;1.7209e-15;3.02566e-15;1.56511e-15;-9.990E+02;2.77088e-15;1.43332e-15;-9.990E+02;2.12807e-14;4.73045e-15;-9.990E+02
03:53:44.036;-00:00:43.697;1.14E+21;0.8;-999/-999;102538.0;4.38984e-15;1.31921e-15;1.84228e-15;1.35657e-15;-9.990E+02;2.75793e-15;1.56687e-15;-9.990E+02;7.67341e-15;3.07865e-15;-9.990E+02
03:52:55.551;-00:01:01.222;1.10E+21;0.880;+0.08/-0.08;52376.1;1.1153e-13;5.21856e-15;8.33759e-14;7.19648e-15;-9.990E+02;1.07295e-13;7.81213e-15;-9.990E+02;1.15968e-13;9.27853e-15;-9.990E+02
03:53:25.416;-00:05:58.428;1.12E+21;0.8;-999/-999;104513.0;1.18292e-14;1.90124e-15;8.95927e-15;2.61348e-15;-9.990E+02;9.75165e-15;2.58581e-15;-9.990E+02;1.24593e-14;3.45332e-15;-9.990E+02
03:52:58.830;-00:03:13.259;1.09E+21;0.8;-999/-999;66016.9;1.49087e-14;2.06064e-15;8.76925e-15;2.49459e-15;-9.990E+02;1.45275e-14;3.04528e-15;-9.990E+02;1.57931e-14;3.92918e-15;-9.990E+02
03:53:46.620;-00:01:52.774;1.14E+21;0.8;-999/-999;103625.0;5.42958e-15;1.406e-15;6.8375e-16;8.2627e-16;-9.990E+02;6.75444e-15;2.43867e-15;-9.990E+02;6.83234e-15;2.91262e-15;-9.990E+02
03:53:01.991;-00:05:20.006;1.10E+21;0.8;-999/-999;72421.1;1.09983e-14;1.89299e-15;5.45463e-15;2.05381e-15;-9.990E+02;6.66433e-15;2.14978e-15;-9.990E+02;1.86009e-14;4.12789e-15;-9.990E+02
03:53:48.984;+00:03:24.329;1.14E+21;0.8;-999/-999;103283.0;5.63788e-15;1.406e-15;3.34006e-15;1.68227e-15;-9.990E+02;6.00438e-15;2.12058e-15;-9.990E+02;5.21737e-15;2.32278e-15;-9.990E+02
03:53:46.783;+00:04:32.311;1.14E+21;0.870;+0.27/-0.21;91698.9;1.46711e-14;1.9884e-15;6.37773e-15;2.11385e-15;-9.990E+02;1.78504e-14;3.38533e-15;-9.990E+02;1.53076e-14;3.57338e-15;-9.990E+02
03:52:57.056;+00:05:27.889;1.11E+21;0.697;+0.10/-0.09;27048.4;1.02092e-13;5.33455e-15;6.07674e-14;6.23895e-15;-9.990E+02;8.06282e-14;7.09686e-15;-9.990E+02;1.14626e-13;1.00894e-14;-9.990E+02
03:53:26.796;-00:07:25.424;1.11E+21;0.8;-999/-999;103990.0;3.97888e-15;1.25903e-15;2.64204e-15;1.62438e-15;-9.990E+02;2.40785e-15;1.4804e-15;-9.990E+02;5.87924e-15;2.71689e-15;-9.990E+02
03:53:48.630;+00:04:10.925;1.14E+21;0.8;-999/-999;95014.1;5.50596e-15;1.406e-15;9.24199e-16;9.15018e-16;-9.990E+02;4.15084e-15;1.85551e-15;-9.990E+02;1.03932e-14;3.42818e-15;-9.990E+02
03:53:50.579;+00:04:23.340;1.14E+21;0.8;-999/-999;91839.1;5.61011e-15;1.45807e-15;1.08683e-15;1.00989e-15;-9.990E+02;4.88126e-15;2.0067e-15;-9.990E+02;9.50301e-15;3.28782e-15;-9.990E+02
03:53:54.979;+00:01:39.106;1.15E+21;0.8;-999/-999;103188.0;4.58184e-15;1.3742e-15;1.44779e-15;1.18699e-15;-9.990E+02;1.94142e-15;1.29428e-15;-9.990E+02;9.89223e-15;3.45217e-15;-9.990E+02
03:53:52.465;-00:03:45.775;1.14E+21;0.8;-999/-999;102985.0;4.54259e-15;1.33657e-15;1.27132e-15;1.10956e-15;-9.990E+02;2.28394e-15;1.40901e-15;-9.990E+02;9.53032e-15;3.44074e-15;-9.990E+02
03:52:58.146;-00:07:07.362;1.10E+21;0.007;+0.28/-0.21;53570.3;2.44415e-14;3.45184e-15;4.63628e-15;1.7449e-15;-9.990E+02;1.16072e-14;3.0055e-15;-9.990E+02;3.64478e-14;6.86615e-15;-9.990E+02
03:53:27.111;-00:09:34.761;1.11E+21;0.8;-999/-999;93133.4;6.21237e-15;1.56948e-15;2.2105e-15;-3.90358e-12;8.50622e-15;8.22184e-15;2.67083e-15;-9.990E+02;8.19381e-15;3.14596e-15;-9.990E+02
03:54:02.556;+00:02:50.467;1.15E+21;0.8;-999/-999;92507.1;1.32793e-14;2.0874e-15;1.24329e-15;9.97004e-16;-9.990E+02;1.11146e-14;2.88304e-15;-9.990E+02;2.47114e-14;5.09796e-15;-9.990E+02
03:53:07.690;-00:10:07.848;1.10E+21;0.8;-999/-999;65886.1;1.19706e-14;2.06508e-15;8.09659e-15;2.65689e-15;-9.990E+02;7.4148e-15;2.43317e-15;-9.990E+02;1.72527e-14;4.50285e-15;-9.990E+02
03:54:05.466;+00:00:14.337;1.16E+21;0.8;-999/-999;92069.9;1.55232e-14;2.26616e-15;1.2706e-14;3.16323e-15;-9.990E+02;1.24345e-14;3.07024e-15;-9.990E+02;1.56903e-14;3.90619e-15;-9.990E+02
03:53:04.749;-00:10:28.448;1.10E+21;0.452;+0.23/-0.18;49330.5;2.98637e-14;3.56269e-15;1.361e-14;3.12741e-15;-9.990E+02;1.78187e-14;3.77987e-15;-9.990E+02;3.69845e-14;6.72175e-15;-9.990E+02
03:53:35.029;-00:10:46.658;1.12E+21;0.8;-999/-999;94095.8;8.94101e-15;1.90124e-15;5.5855e-15;-4.74746e-12;8.7044e-15;5.95913e-15;2.26964e-15;-9.990E+02;1.99392e-14;4.80462e-15;-9.990E+02
03:54:02.627;-00:05:14.828;1.15E+21;0.8;-999/-999;85851.3;1.22113e-14;2.0874e-15;4.41109e-15;1.96454e-15;-9.990E+02;1.44604e-14;3.40752e-15;-9.990E+02;1.27818e-14;3.64172e-15;-9.990E+02
03:53:27.452;-00:11:24.263;1.11E+21;0.8;-999/-999;80899.6;9.86701e-15;2.06964e-15;5.45755e-15;2.48531e-15;-9.990E+02;1.24365e-15;1.13251e-15;-9.990E+02;2.25562e-14;5.78098e-15;-9.990E+02
03:53:33.606;-00:11:17.403;1.12E+21;0.8;-999/-999;86145.9;7.8262e-15;1.90124e-15;1.50459e-15;1.32359e-15;-9.990E+02;4.09421e-15;2.09333e-15;-9.990E+02;1.71165e-14;5.14805e-15;-9.990E+02
03:53:27.079;-00:12:27.942;1.12E+21;0.8;-999/-999;73076.0;1.35282e-14;2.41976e-15;6.76049e-15;2.64199e-15;-9.990E+02;1.4316e-14;3.75296e-15;-9.990E+02;1.42501e-14;4.42517e-15;-9.990E+02
03:53:59.265;-00:08:45.413;1.15E+21;0.8;-999/-999;81540.7;1.86822e-14;2.7832e-15;1.85547e-14;4.3979e-15;-9.990E+02;1.96069e-14;4.19502e-15;-9.990E+02;8.38463e-15;3.24078e-15;-9.990E+02
03:53:18.707;-00:13:05.614;1.11E+21;0.8;-999/-999;63053.0;2.07826e-14;2.93199e-15;2.72276e-15;1.69351e-15;-9.990E+02;9.92804e-15;3.19325e-15;-9.990E+02;4.84641e-14;8.16651e-15;-9.990E+02
03:53:51.762;-00:11:15.956;1.14E+21;0.8;-999/-999;79495.3;9.80727e-15;2.25654e-15;8.23647e-15;3.20934e-15;-9.990E+02;3.69845e-15;2.04204e-15;-9.990E+02;1.54287e-14;5.01147e-15;-9.990E+02
03:53:56.246;-00:10:41.853;1.15E+21;0.8;-999/-999;79534.5;1.14407e-14;2.4353e-15;4.13183e-15;2.32605e-15;-9.990E+02;1.2931e-14;3.97485e-15;-9.990E+02;1.28309e-14;4.67354e-15;-9.990E+02
03:54:17.836;-00:00:50.548;1.16E+21;0.8;-999/-999;69375.6;1.40589e-14;2.6148e-15;7.92799e-15;3.12297e-15;-9.990E+02;1.05844e-14;3.36899e-15;-9.990E+02;1.95801e-14;5.30258e-15;-9.990E+02
03:54:17.413;-00:03:00.736;1.16E+21;0.581;+0.19/-0.15;75410.7;4.27556e-14;4.36282e-15;4.2373e-15;1.95485e-15;-9.990E+02;4.72046e-14;6.42718e-15;-9.990E+02;5.03434e-14;7.81082e-15;-9.990E+02
03:54:06.266;-00:08:50.357;1.16E+21;0.8;-999/-999;80388.8;1.05289e-14;2.44048e-15;7.636e-15;3.25968e-15;-9.990E+02;1.01908e-14;3.48039e-15;-9.990E+02;9.42948e-15;4.02529e-15;-9.990E+02
03:54:13.523;-00:08:24.981;1.17E+21;0.8;-999/-999;72748.1;1.47168e-14;2.96956e-15;2.86746e-14;6.39982e-15;-9.990E+02;7.81067e-15;3.09195e-15;-9.990E+02;1.31573e-14;-9.27787e-12;1.78891e-14
03:54:20.556;-00:04:37.944;1.17E+21;0.8;-999/-999;70613.0;1.58103e-14;3.14424e-15;6.19955e-15;3.09977e-15;-9.990E+02;1.64607e-14;4.6265e-15;-9.990E+02;1.90202e-14;5.98854e-15;-9.990E+02
03:54:11.808;-00:10:31.685;1.17E+21;0.8;-999/-999;66961.0;1.75903e-14;3.4936e-15;6.40427e-15;3.33787e-15;-9.990E+02;1.13377e-14;4.33488e-15;-9.990E+02;3.14508e-14;8.196e-15;-9.990E+02
03:54:13.180;-00:10:10.844;1.17E+21;0.8;-999/-999;68739.2;2.36342e-14;3.84296e-15;1.72145e-14;4.89555e-15;-9.990E+02;2.28566e-14;5.63534e-15;-9.990E+02;2.11348e-14;6.0104e-15;-9.990E+02
03:54:14.387;-00:10:07.129;1.17E+21;0.8;-999/-999;68631.6;2.57304e-14;4.01764e-15;1.51272e-14;4.82434e-15;-9.990E+02;2.23246e-14;5.6117e-15;-9.990E+02;3.09536e-14;7.78074e-15;-9.990E+02
03:54:17.718;-00:09:33.523;1.17E+21;0.8;-999/-999;66326.5;2.99576e-14;4.54168e-15;1.17404e-14;4.62852e-15;-9.990E+02;2.59856e-14;6.52202e-15;-9.990E+02;4.32421e-14;9.68767e-15;-9.990E+02
03:54:16.986;-00:10:01.803;1.17E+21;1.171;+0.24/-0.18;64011.0;4.07212e-14;4.39725e-15;3.16217e-14;7.68318e-15;-9.990E+02;6.32922e-14;9.46514e-15;-9.990E+02;3.75135e-14;8.10067e-15;-9.990E+02
03:54:22.281;-00:08:17.727;1.17E+21;0.258;+0.28/-0.21;60251.4;4.85987e-14;6.66681e-15;2.18292e-14;5.75097e-15;-9.990E+02;1.91696e-14;5.51956e-15;-9.990E+02;6.52645e-14;1.31332e-14;-9.990E+02
03:54:17.160;-00:10:37.493;1.17E+21;0.444;+0.26/-0.19;59455.9;5.12631e-14;6.80672e-15;2.6545e-14;6.48956e-15;-9.990E+02;2.70264e-14;6.60726e-15;-9.990E+02;6.37116e-14;1.23973e-14;-9.990E+02
03:54:17.903;-00:11:02.506;1.18E+21;0.771;+0.10/-0.09;56321.8;2.14839e-13;1.15888e-14;6.68565e-14;1.02969e-14;-9.990E+02;2.49135e-13;1.87257e-14;-9.990E+02;2.33806e-13;2.14753e-14;-9.990E+02
02:00:02.033;+01:20:42.825;2.33E+20;0.8;-999/-999;2119.8;1.30862e-13;3.25056e-14;8.2825e-14;3.5355e-14;-9.990E+02;1.85993e-13;6.35148e-14;-9.990E+02;4.72939e-14;3.95731e-14;-9.990E+02
02:00:04.069;+01:25:13.475;2.35E+20;0.8;-999/-999;1557.5;1.15548e-13;3.11742e-14;5.03301e-14;2.78327e-14;-9.990E+02;1.50427e-13;5.8272e-14;-9.990E+02;1.14791e-13;6.34797e-14;-9.990E+02
02:00:18.981;+01:27:41.987;2.36E+20;0.8;-999/-999;2131.2;4.56938e-14;2.03385e-14;1.99096e-14;-3.53917e-11;1.75447e-13;7.93169e-14;4.19352e-14;-9.990E+02;6.04657e-14;4.71126e-14;-9.990E+02
20:10:00.327;-00:43:42.246;9.45E+20;0.8;-999/-999;32764.2;5.8652e-14;6.3156e-15;5.39722e-14;9.45192e-15;-9.990E+02;6.77513e-14;1.04717e-14;-9.990E+02;2.03853e-14;6.89856e-15;-9.990E+02
20:10:15.099;-00:41:18.552;9.41E+20;0.8;-999/-999;37398.7;1.07312e-14;2.98872e-15;1.17738e-14;4.84574e-15;-9.990E+02;5.83577e-15;3.3031e-15;-9.990E+02;1.03498e-14;5.11284e-15;-9.990E+02
20:10:28.317;-00:44:51.707;9.46E+20;0.8;-999/-999;37396.1;8.5331e-15;2.82608e-15;4.60088e-15;3.06454e-15;-9.990E+02;7.58222e-15;3.96195e-15;-9.990E+02;1.07537e-14;5.61914e-15;-9.990E+02
20:10:28.503;-00:45:21.712;9.47E+20;0.8;-999/-999;37395.1;1.34928e-14;3.3254e-15;8.29448e-15;3.885e-15;-9.990E+02;9.8368e-15;4.29256e-15;-9.990E+02;1.86001e-14;7.04583e-15;-9.990E+02
20:10:02.259;-00:50:19.789;9.46E+20;0.839;+0.13/-0.11;34481.8;1.24148e-13;8.57646e-15;9.92151e-14;1.19828e-14;-9.990E+02;1.03761e-13;1.19874e-14;-9.990E+02;1.31154e-13;1.60089e-14;-9.990E+02
20:10:26.557;-00:47:02.432;9.47E+20;0.8;-999/-999;37415.7;1.74583e-14;3.65794e-15;2.39976e-14;6.67832e-15;-9.990E+02;1.18564e-14;4.48838e-15;-9.990E+02;6.72457e-15;4.11805e-15;-9.990E+02
20:10:28.542;-00:47:30.741;9.47E+20;0.8;-999/-999;37418.7;2.37766e-14;4.32302e-15;1.85159e-14;5.91297e-15;-9.990E+02;2.44e-14;6.57322e-15;-9.990E+02;1.72988e-14;6.56122e-15;-9.990E+02
20:09:40.779;-00:37:42.039;9.37E+20;0.8;-999/-999;35971.3;7.59279e-15;2.65424e-15;7.06894e-15;3.80125e-15;-9.990E+02;5.26546e-15;3.30385e-15;-9.990E+02;7.47475e-15;4.69009e-15;-9.990E+02
20:10:06.628;-00:34:46.557;9.29E+20;0.8;-999/-999;34665.1;1.48516e-14;3.64254e-15;1.32567e-14;5.17821e-15;-9.990E+02;1.32222e-14;5.16473e-15;-9.990E+02;1.12733e-14;5.79722e-15;-9.990E+02
20:09:26.962;-00:45:05.825;9.47E+20;0.8;-999/-999;36156.4;1.34911e-14;3.49167e-15;6.30535e-15;3.82439e-15;-9.990E+02;1.45402e-14;5.54424e-15;-9.990E+02;1.47287e-14;6.78991e-15;-9.990E+02
20:09:25.062;-00:44:28.903;9.47E+20;0.8;-999/-999;35958.0;8.75578e-15;2.99286e-15;1.53419e-14;6.11888e-15;-9.990E+02;5.05278e-15;3.45555e-15;-9.990E+02;9.55597e-15;-9.79011e-12;2.36803e-14
20:09:58.782;-00:33:39.129;9.27E+20;0.954;+0.20/-0.16;33137.4;6.67158e-14;6.51464e-15;4.38569e-14;8.65524e-15;-9.990E+02;8.037e-14;1.13933e-14;-9.990E+02;6.71492e-14;1.24855e-14;-9.990E+02
20:10:42.198;-00:46:14.300;9.49E+20;0.8;-999/-999;28943.6;1.85148e-14;4.15875e-15;2.40551e-14;7.29356e-15;-9.990E+02;9.49731e-15;4.50095e-15;-9.990E+02;1.34657e-14;6.38166e-15;-9.990E+02
20:09:23.600;-00:47:47.623;9.50E+20;0.8;-999/-999;37169.8;7.28622e-15;2.82863e-15;9.46997e-15;-6.60913e-12;1.25254e-14;7.47439e-15;4.27108e-15;-9.990E+02;1.32482e-14;6.76294e-15;-9.990E+02
20:09:21.888;-00:38:06.076;9.39E+20;0.8;-999/-999;32630.5;1.48833e-14;3.81708e-15;4.33334e-15;3.14351e-15;-9.990E+02;8.59625e-15;4.41129e-15;-9.990E+02;3.05099e-14;9.83785e-15;-9.990E+02
20:09:26.081;-00:50:28.212;9.50E+20;0.8;-999/-999;37412.9;1.55774e-14;3.82697e-15;1.2144e-14;5.26628e-15;-9.990E+02;9.58689e-15;4.67822e-15;-9.990E+02;2.03923e-14;8.10246e-15;-9.990E+02
20:09:43.389;-00:54:05.144;9.45E+20;0.8;-999/-999;34912.6;4.79155e-14;6.1494e-15;5.03249e-14;9.68085e-15;-9.990E+02;5.25888e-14;9.90743e-15;-9.990E+02;1.17717e-14;5.62448e-15;-9.990E+02
20:09:25.661;-00:51:42.882;9.50E+20;0.8;-999/-999;36641.2;9.34613e-15;3.16141e-15;1.53006e-14;6.16151e-15;-9.990E+02;4.31333e-15;3.16221e-15;-9.990E+02;3.05857e-15;3.20722e-15;-9.990E+02
20:09:14.299;-00:51:40.517;9.51E+20;0.216;+0.15/-0.13;8174.3;2.54357e-13;2.13098e-14;6.06628e-14;1.21974e-14;-9.990E+02;1.49201e-13;2.12569e-14;-9.990E+02;3.4805e-13;4.0823e-14;-9.990E+02
02:43:02.960;+00:46:27.942;3.19E+20;1.125;+0.08/-0.07;15380.3;2.94941e-13;1.24404e-14;3.40054e-13;2.00978e-14;-9.990E+02;3.50526e-13;2.41593e-14;-9.990E+02;2.7673e-13;2.54005e-14;-9.990E+02
02:43:00.662;+00:41:57.913;3.18E+20;0.8;-999/-999;19803.4;2.47194e-14;5.022e-15;2.50934e-14;6.72028e-15;-9.990E+02;1.18448e-14;5.5321e-15;-9.990E+02;2.38835e-14;9.70434e-15;-9.990E+02
02:43:38.247;+00:44:33.774;3.33E+20;0.8;-999/-999;20412.0;3.58491e-14;6.0286e-15;2.54965e-14;6.88481e-15;-9.990E+02;3.97084e-14;1.00914e-14;-9.990E+02;2.39809e-14;9.60422e-15;-9.990E+02
02:42:35.288;+00:46:04.517;3.17E+20;0.8;-999/-999;10533.5;5.84993e-14;8.0881e-15;3.16513e-14;8.03359e-15;-9.990E+02;7.47392e-14;1.46342e-14;-9.990E+02;4.52322e-14;1.40549e-14;-9.990E+02
02:43:28.057;+00:55:52.294;3.32E+20;0.775;+0.24/-0.18;10275.0;8.41361e-14;1.00128e-14;7.44349e-14;1.30514e-14;-9.990E+02;4.50815e-14;1.20683e-14;-9.990E+02;9.11971e-14;2.1073e-14;-9.990E+02
02:43:55.877;+00:42:56.763;3.34E+20;-0.468;+0.22/-0.18;16015.1;1.41154e-13;1.69374e-14;7.58369e-15;3.23905e-15;-9.990E+02;5.65168e-14;1.30808e-14;-9.990E+02;2.55113e-13;3.67341e-14;-9.990E+02
02:42:40.438;+00:57:27.306;3.18E+20;1.408;+0.04/-0.04;1774.9;1.73582e-12;3.67046e-14;3.62991e-12;1.00193e-13;-9.990E+02;2.18398e-12;8.49082e-14;-9.990E+02;1.45059e-12;8.00667e-14;-9.990E+02
02:43:36.898;+00:31:31.234;3.16E+20;1.376;+0.18/-0.15;10115.9;1.44332e-13;1.18824e-14;1.68924e-13;2.31749e-14;-9.990E+02;3.19054e-13;3.65762e-14;-9.990E+02;1.22057e-13;2.60032e-14;-9.990E+02
22:48:06.906;-00:36:53.376;5.67E+20;0.8;-999/-999;9460.8;2.3859e-14;7.536e-15;1.59464e-14;8.84939e-15;-9.990E+02;2.58349e-14;1.23246e-14;-9.990E+02;1.90466e-14;1.27573e-14;-9.990E+02
22:48:04.147;-00:35:44.988;5.68E+20;0.8;-999/-999;9552.2;2.53595e-14;7.68927e-15;1.69552e-14;-1.54042e-11;4.19648e-14;2.74533e-14;-1.87073e-11;5.09632e-14;9.10399e-14;2.76043e-14;-9.990E+02
22:48:19.515;-00:36:41.778;5.70E+20;1.027;+0.18/-0.14;8974.9;1.97863e-13;1.75322e-14;2.30883e-13;3.15354e-14;-9.990E+02;1.71503e-13;2.78908e-14;-9.990E+02;1.93366e-13;3.51289e-14;-9.990E+02
22:47:54.365;-00:35:12.718;5.65E+20;0.8;-999/-999;9460.4;2.22646e-14;7.23072e-15;2.67617e-14;1.11633e-14;-9.990E+02;1.08534e-14;8.07488e-15;-9.990E+02;1.60042e-14;1.19071e-14;-9.990E+02
22:48:20.836;-00:32:21.960;5.76E+20;1.376;+0.27/-0.20;9247.1;8.56221e-14;9.85501e-15;1.33159e-13;2.39095e-14;-9.990E+02;1.42885e-13;2.62537e-14;-9.990E+02;7.23795e-14;2.05189e-14;-9.990E+02
22:48:40.748;-00:33:02.434;5.79E+20;0.8;-999/-999;9868.8;3.11554e-14;8.77192e-15;1.25555e-14;7.99759e-15;-9.990E+02;4.54415e-14;1.66104e-14;-9.990E+02;2.2309e-14;1.42104e-14;-9.990E+02
22:48:52.490;-00:36:58.014;5.74E+20;0.775;+0.14/-0.12;9909.4;3.77338e-13;2.92391e-14;2.06675e-13;2.98139e-14;-9.990E+02;3.74061e-13;4.47695e-14;-9.990E+02;4.09274e-13;5.79774e-14;-9.990E+02
20:10:00.327;-00:43:42.246;9.45E+20;0.8;-999/-999;32764.2;5.8652e-14;6.3156e-15;5.39722e-14;9.45192e-15;-9.990E+02;6.77513e-14;1.04717e-14;-9.990E+02;2.03853e-14;6.89856e-15;-9.990E+02
20:10:15.099;-00:41:18.552;9.41E+20;0.8;-999/-999;37398.7;1.07312e-14;2.98872e-15;1.17738e-14;4.84574e-15;-9.990E+02;5.83577e-15;3.3031e-15;-9.990E+02;1.03498e-14;5.11284e-15;-9.990E+02
20:10:28.317;-00:44:51.707;9.46E+20;0.8;-999/-999;37396.1;8.5331e-15;2.82608e-15;4.60088e-15;3.06454e-15;-9.990E+02;7.58222e-15;3.96195e-15;-9.990E+02;1.07537e-14;5.61914e-15;-9.990E+02
20:10:28.503;-00:45:21.712;9.47E+20;0.8;-999/-999;37395.1;1.34928e-14;3.3254e-15;8.29448e-15;3.885e-15;-9.990E+02;9.8368e-15;4.29256e-15;-9.990E+02;1.86001e-14;7.04583e-15;-9.990E+02
20:10:02.259;-00:50:19.789;9.46E+20;0.839;+0.13/-0.11;34481.8;1.24148e-13;8.57646e-15;9.92151e-14;1.19828e-14;-9.990E+02;1.03761e-13;1.19874e-14;-9.990E+02;1.31154e-13;1.60089e-14;-9.990E+02
20:10:26.557;-00:47:02.432;9.47E+20;0.8;-999/-999;37415.7;1.74583e-14;3.65794e-15;2.39976e-14;6.67832e-15;-9.990E+02;1.18564e-14;4.48838e-15;-9.990E+02;6.72457e-15;4.11805e-15;-9.990E+02
20:10:28.542;-00:47:30.741;9.47E+20;0.8;-999/-999;37418.7;2.37766e-14;4.32302e-15;1.85159e-14;5.91297e-15;-9.990E+02;2.44e-14;6.57322e-15;-9.990E+02;1.72988e-14;6.56122e-15;-9.990E+02
20:09:40.779;-00:37:42.039;9.37E+20;0.8;-999/-999;35971.3;7.59279e-15;2.65424e-15;7.06894e-15;3.80125e-15;-9.990E+02;5.26546e-15;3.30385e-15;-9.990E+02;7.47475e-15;4.69009e-15;-9.990E+02
20:10:06.628;-00:34:46.557;9.29E+20;0.8;-999/-999;34665.1;1.48516e-14;3.64254e-15;1.32567e-14;5.17821e-15;-9.990E+02;1.32222e-14;5.16473e-15;-9.990E+02;1.12733e-14;5.79722e-15;-9.990E+02
20:09:26.962;-00:45:05.825;9.47E+20;0.8;-999/-999;36156.4;1.34911e-14;3.49167e-15;6.30535e-15;3.82439e-15;-9.990E+02;1.45402e-14;5.54424e-15;-9.990E+02;1.47287e-14;6.78991e-15;-9.990E+02
20:09:25.062;-00:44:28.903;9.47E+20;0.8;-999/-999;35958.0;8.75578e-15;2.99286e-15;1.53419e-14;6.11888e-15;-9.990E+02;5.05278e-15;3.45555e-15;-9.990E+02;9.55597e-15;-9.79011e-12;2.36803e-14
20:09:58.782;-00:33:39.129;9.27E+20;0.954;+0.20/-0.16;33137.4;6.67158e-14;6.51464e-15;4.38569e-14;8.65524e-15;-9.990E+02;8.037e-14;1.13933e-14;-9.990E+02;6.71492e-14;1.24855e-14;-9.990E+02
20:10:42.198;-00:46:14.300;9.49E+20;0.8;-999/-999;28943.6;1.85148e-14;4.15875e-15;2.40551e-14;7.29356e-15;-9.990E+02;9.49731e-15;4.50095e-15;-9.990E+02;1.34657e-14;6.38166e-15;-9.990E+02
20:09:23.600;-00:47:47.623;9.50E+20;0.8;-999/-999;37169.8;7.28622e-15;2.82863e-15;9.46997e-15;-6.60913e-12;1.25254e-14;7.47439e-15;4.27108e-15;-9.990E+02;1.32482e-14;6.76294e-15;-9.990E+02
20:09:21.888;-00:38:06.076;9.39E+20;0.8;-999/-999;32630.5;1.48833e-14;3.81708e-15;4.33334e-15;3.14351e-15;-9.990E+02;8.59625e-15;4.41129e-15;-9.990E+02;3.05099e-14;9.83785e-15;-9.990E+02
20:09:26.081;-00:50:28.212;9.50E+20;0.8;-999/-999;37412.9;1.55774e-14;3.82697e-15;1.2144e-14;5.26628e-15;-9.990E+02;9.58689e-15;4.67822e-15;-9.990E+02;2.03923e-14;8.10246e-15;-9.990E+02
20:09:43.389;-00:54:05.144;9.45E+20;0.8;-999/-999;34912.6;4.79155e-14;6.1494e-15;5.03249e-14;9.68085e-15;-9.990E+02;5.25888e-14;9.90743e-15;-9.990E+02;1.17717e-14;5.62448e-15;-9.990E+02
20:09:25.661;-00:51:42.882;9.50E+20;0.8;-999/-999;36641.2;9.34613e-15;3.16141e-15;1.53006e-14;6.16151e-15;-9.990E+02;4.31333e-15;3.16221e-15;-9.990E+02;3.05857e-15;3.20722e-15;-9.990E+02
20:09:14.299;-00:51:40.517;9.51E+20;0.216;+0.15/-0.13;8174.3;2.54357e-13;2.13098e-14;6.06628e-14;1.21974e-14;-9.990E+02;1.49201e-13;2.12569e-14;-9.990E+02;3.4805e-13;4.0823e-14;-9.990E+02
01:48:33.809;+01:29:00.908;2.33E+20;1.179;+0.27/-0.20;4806.5;1.54369e-13;1.886e-14;2.32215e-13;3.69039e-14;-9.990E+02;1.43131e-13;3.4095e-14;-9.990E+02;1.41573e-13;4.17637e-14;-9.990E+02
01:48:31.803;+01:22:56.674;2.34E+20;0.8;-999/-999;5178.0;2.53231e-14;9.89077e-15;4.4086e-14;1.72192e-14;-9.990E+02;1.6911e-14;-2.5737e-11;5.4523e-14;1.80586e-14;-3.9267e-11;8.31859e-14
01:49:04.318;+01:24:29.684;2.36E+20;0.8;-999/-999;5164.3;4.81751e-14;1.32878e-14;1.8648e-14;1.06766e-14;-9.990E+02;4.1794e-14;1.92168e-14;-9.990E+02;8.50181e-14;3.51756e-14;-9.990E+02
01:47:56.929;+01:32:10.953;2.31E+20;0.140;+0.16/-0.13;2518.2;7.82624e-13;7.0788e-14;8.96011e-14;2.38437e-14;-9.990E+02;5.72404e-13;7.97964e-14;-9.990E+02;1.1018e-12;1.46617e-13;-9.990E+02
03:49:00.557;-00:54:47.012;9.74E+20;0.664;+0.17/-0.14;77517.1;4.54392e-14;4.19888e-15;2.34203e-14;4.17406e-15;-9.990E+02;3.71728e-14;5.446e-15;-9.990E+02;5.16465e-14;7.8953e-15;-9.990E+02
03:49:03.825;-00:53:49.550;9.75E+20;0.8;-999/-999;74029.8;5.65677e-15;1.50624e-15;3.56487e-15;1.87594e-15;-9.990E+02;2.60402e-15;1.57589e-15;-9.990E+02;9.82166e-15;3.65466e-15;-9.990E+02
03:48:56.017;-00:54:40.045;9.73E+20;0.8;-999/-999;79637.3;5.0184e-15;1.47206e-15;2.08994e-15;1.45305e-15;-9.990E+02;7.47518e-15;2.71124e-15;-9.990E+02;2.8832e-15;2.00457e-15;-9.990E+02
03:48:59.585;-00:57:34.175;9.71E+20;0.8;-999/-999;77760.4;4.00946e-15;1.38776e-15;1.71941e-15;1.39761e-15;-9.990E+02;2.5181e-15;1.68759e-15;-9.990E+02;7.12468e-15;3.35263e-15;-9.990E+02
03:48:51.632;-00:54:12.157;9.72E+20;0.8;-999/-999;78867.1;5.49383e-15;1.53861e-15;3.98951e-15;2.02553e-15;-9.990E+02;5.83781e-15;2.42408e-15;-9.990E+02;4.12999e-15;2.42668e-15;-9.990E+02
03:48:53.230;-00:53:35.420;9.73E+20;0.8;-999/-999;79010.4;4.10171e-15;1.35497e-15;5.27914e-15;2.36239e-15;-9.990E+02;1.71648e-15;1.31172e-15;-9.990E+02;3.64145e-15;2.30634e-15;-9.990E+02
03:48:49.900;-00:54:01.492;9.70E+20;0.8;-999/-999;78119.9;6.25178e-15;1.60474e-15;3.15887e-15;1.74043e-15;-9.990E+02;6.17139e-15;2.4393e-15;-9.990E+02;7.27706e-15;3.13741e-15;-9.990E+02
03:48:46.889;-00:54:26.992;9.67E+20;0.8;-999/-999;76130.9;1.80581e-14;2.50575e-15;7.08477e-15;2.39293e-15;-9.990E+02;2.27831e-14;4.16793e-15;-9.990E+02;1.68194e-14;4.31215e-15;-9.990E+02
03:49:20.585;-00:55:02.732;9.81E+20;0.8;-999/-999;53817.0;1.25424e-14;2.17867e-15;5.24199e-15;2.16029e-15;-9.990E+02;1.35766e-14;3.44503e-15;-9.990E+02;1.43879e-14;4.20523e-15;-9.990E+02
03:49:09.438;-00:50:44.058;9.80E+20;0.8;-999/-999;58455.8;1.52688e-14;2.3457e-15;7.6064e-15;2.49845e-15;-9.990E+02;1.84857e-14;3.70986e-15;-9.990E+02;1.30638e-14;3.81346e-15;-9.990E+02
03:48:58.031;-01:00:59.209;9.67E+20;0.8;-999/-999;78879.2;4.95637e-15;1.50345e-15;2.33471e-15;1.61837e-15;-9.990E+02;6.09218e-15;2.4742e-15;-9.990E+02;4.30997e-15;2.55614e-15;-9.990E+02
03:48:57.352;-01:01:52.075;9.66E+20;0.8;-999/-999;76036.7;9.91037e-15;2.00412e-15;2.79955e-15;1.66377e-15;-9.990E+02;1.00474e-14;3.15967e-15;-9.990E+02;1.42211e-14;4.4722e-15;-9.990E+02
03:49:04.148;-01:02:20.654;9.67E+20;0.8;-999/-999;75149.6;5.40073e-15;1.57027e-15;4.62615e-15;2.21866e-15;-9.990E+02;2.26215e-15;1.53055e-15;-9.990E+02;8.0012e-15;3.42652e-15;-9.990E+02
03:48:34.758;-00:57:39.773;9.55E+20;0.8;-999/-999;72975.0;1.44991e-14;2.33212e-15;1.28966e-14;3.38403e-15;-9.990E+02;1.15408e-14;3.33081e-15;-9.990E+02;1.30803e-14;3.99326e-15;-9.990E+02
03:48:39.727;-01:00:25.802;9.57E+20;0.8;-999/-999;78370.3;4.2565e-15;1.48327e-15;1.81513e-15;1.53679e-15;-9.990E+02;4.46288e-15;2.39481e-15;-9.990E+02;5.0586e-15;3.02895e-15;-9.990E+02
03:48:32.399;-00:53:59.423;9.56E+20;0.916;+0.27/-0.20;77292.7;1.9877e-14;2.60933e-15;1.6511e-14;3.81339e-15;-9.990E+02;1.90364e-14;3.95734e-15;-9.990E+02;2.03722e-14;4.83371e-15;-9.990E+02
03:48:47.044;-00:48:02.181;9.74E+20;0.8;-999/-999;60811.6;7.99455e-15;1.84052e-15;8.38797e-15;2.98024e-15;-9.990E+02;6.13576e-15;2.54212e-15;-9.990E+02;5.78503e-15;2.91049e-15;-9.990E+02
03:49:18.988;-01:02:34.913;9.71E+20;0.8;-999/-999;63531.1;1.03029e-14;2.0064e-15;3.47076e-15;1.76161e-15;-9.990E+02;5.0824e-15;2.10496e-15;-9.990E+02;2.15756e-14;5.08369e-15;-9.990E+02
03:48:47.672;-00:47:34.536;9.75E+20;0.899;+0.22/-0.18;50100.5;2.61551e-14;2.96685e-15;2.07356e-14;4.26264e-15;-9.990E+02;2.50533e-14;4.50685e-15;-9.990E+02;2.70352e-14;5.55765e-15;-9.990E+02
03:48:27.895;-00:54:58.017;9.52E+20;0.8;-999/-999;76392.6;9.41055e-15;1.99764e-15;1.22411e-15;1.0729e-15;-9.990E+02;1.08608e-14;3.25439e-15;-9.990E+02;1.36843e-14;4.22835e-15;-9.990E+02
03:49:34.193;-00:50:56.467;9.94E+20;0.872;+0.07/-0.07;11558.5;2.36711e-13;9.91628e-15;1.51178e-13;1.26629e-14;-9.990E+02;2.4869e-13;1.56593e-14;-9.990E+02;2.47232e-13;1.87482e-14;-9.990E+02
03:48:30.611;-00:50:34.616;9.58E+20;0.8;-999/-999;67724.0;1.59732e-14;2.5005e-15;5.76991e-15;2.29623e-15;-9.990E+02;1.27561e-14;3.25937e-15;-9.990E+02;2.60968e-14;5.68007e-15;-9.990E+02
03:48:26.453;-00:56:55.137;9.49E+20;0.8;-999/-999;77782.1;5.38641e-15;1.63023e-15;6.29775e-15;2.76377e-15;-9.990E+02;3.73133e-15;2.10147e-15;-9.990E+02;3.5257e-15;2.44594e-15;-9.990E+02
03:48:26.552;-00:52:46.948;9.53E+20;0.695;+0.09/-0.08;75917.9;1.35559e-13;6.59784e-15;7.18825e-14;6.99541e-15;-9.990E+02;1.15275e-13;9.04933e-15;-9.990E+02;1.5245e-13;1.25261e-14;-9.990E+02
03:48:55.968;-01:04:38.595;9.63E+20;0.712;+0.16/-0.14;71949.1;4.6799e-14;4.0664e-15;2.84766e-14;4.69193e-15;-9.990E+02;3.73793e-14;5.34322e-15;-9.990E+02;5.22393e-14;7.68881e-15;-9.990E+02
03:48:49.232;-01:04:35.607;9.62E+20;0.629;+0.24/-0.19;71088.0;2.87138e-14;3.53343e-15;1.95497e-14;4.31249e-15;-9.990E+02;1.70181e-14;3.86042e-15;-9.990E+02;3.31421e-14;6.57951e-15;-9.990E+02
03:48:24.651;-00:57:11.031;9.48E+20;0.8;-999/-999;74323.0;1.47201e-14;2.49465e-15;5.09638e-15;2.22631e-15;-9.990E+02;8.80896e-15;2.88e-15;-9.990E+02;2.85536e-14;6.31075e-15;-9.990E+02
03:48:48.152;-01:05:08.186;9.61E+20;0.8;-999/-999;69908.6;7.45352e-15;1.83502e-15;5.83554e-15;2.558e-15;-9.990E+02;5.7264e-15;2.51015e-15;-9.990E+02;8.10939e-15;3.55473e-15;-9.990E+02
03:48:21.999;-00:52:00.275;9.50E+20;0.8;-999/-999;61378.0;6.73879e-15;1.83029e-15;6.5702e-15;2.85422e-15;-9.990E+02;5.18521e-15;2.34717e-15;-9.990E+02;5.51599e-15;2.99486e-15;-9.990E+02
03:48:32.280;-01:02:56.593;9.49E+20;0.050;+0.26/-0.20;68545.2;1.52612e-14;3.11454e-15;8.12722e-15;-3.97637e-12;1.43198e-14;5.69756e-15;2.46613e-15;-9.990E+02;3.16159e-14;7.10799e-15;-9.990E+02
03:48:26.845;-01:01:56.178;9.46E+20;0.8;-999/-999;67819.3;1.00908e-14;2.32736e-15;1.5709e-15;1.41948e-15;-9.990E+02;1.3982e-14;4.18078e-15;-9.990E+02;1.1015e-14;4.65866e-15;-9.990E+02
03:48:34.811;-01:04:00.956;9.51E+20;0.8;-999/-999;70479.6;6.84194e-15;1.83073e-15;8.89549e-15;3.06007e-15;-9.990E+02;3.50903e-15;1.96175e-15;-9.990E+02;4.97428e-15;2.78091e-15;-9.990E+02
03:48:42.461;-01:05:45.290;9.56E+20;0.8;-999/-999;64428.7;1.88614e-14;2.99916e-15;1.10643e-14;3.51621e-15;-9.990E+02;1.90412e-14;4.84294e-15;-9.990E+02;1.92723e-14;5.39124e-15;-9.990E+02
03:48:45.818;-01:06:01.333;9.58E+20;0.8;-999/-999;63389.9;8.0016e-15;2.1671e-15;2.34747e-15;1.72902e-15;-9.990E+02;4.61724e-15;2.43242e-15;-9.990E+02;1.63377e-14;5.19158e-15;-9.990E+02
03:48:19.524;-00:50:55.751;9.49E+20;0.8;-999/-999;46663.8;1.40416e-14;2.6616e-15;7.29745e-15;2.96371e-15;-9.990E+02;1.44092e-14;4.09771e-15;-9.990E+02;1.53225e-14;4.97845e-15;-9.990E+02
03:49:23.927;-01:05:59.288;9.69E+20;0.068;+0.18/-0.15;28325.3;7.89498e-14;7.64416e-15;9.35626e-15;3.06664e-15;-9.990E+02;4.84274e-14;7.9329e-15;-9.990E+02;1.14743e-13;1.514e-14;-9.990E+02
03:48:23.297;-00:48:37.563;9.54E+20;0.604;+0.26/-0.20;33386.4;3.29717e-14;4.52184e-15;1.98338e-14;4.90691e-15;-9.990E+02;2.10003e-14;5.1955e-15;-9.990E+02;3.85185e-14;8.39124e-15;-9.990E+02
03:48:57.477;-01:07:24.997;9.59E+20;0.8;-999/-999;52922.5;1.8875e-14;3.00132e-15;9.84055e-15;3.39252e-15;-9.990E+02;1.44991e-14;4.10251e-15;-9.990E+02;2.73879e-14;6.5352e-15;-9.990E+02
03:49:06.065;-01:07:35.790;9.60E+20;1.197;+0.16/-0.14;29834.1;5.90249e-14;4.53472e-15;8.89342e-14;1.05124e-14;-9.990E+02;6.20124e-14;8.32164e-15;-9.990E+02;5.39046e-14;8.76738e-15;-9.990E+02
03:48:15.013;-00:51:42.786;9.45E+20;0.8;-999/-999;43119.8;1.6394e-14;2.9916e-15;7.65544e-15;3.07304e-15;-9.990E+02;1.13584e-14;3.86931e-15;-9.990E+02;2.68538e-14;7.05646e-15;-9.990E+02
03:48:19.369;-01:02:49.409;9.40E+20;0.660;+0.28/-0.21;65274.6;2.53863e-14;3.6344e-15;1.5562e-14;3.96102e-15;-9.990E+02;1.80501e-14;4.39139e-15;-9.990E+02;2.89045e-14;6.77052e-15;-9.990E+02
03:48:12.882;-01:00:14.514;9.37E+20;0.8;-999/-999;62438.7;1.61693e-14;2.98602e-15;1.67246e-14;4.90695e-15;-9.990E+02;1.66132e-14;4.87428e-15;-9.990E+02;5.89596e-15;3.34322e-15;-9.990E+02
03:48:57.402;-01:09:33.412;9.56E+20;1.429;+0.18/-0.15;19313.0;5.90261e-14;4.74106e-15;1.25077e-13;1.48886e-14;-9.990E+02;7.90277e-14;1.06886e-14;-9.990E+02;4.87886e-14;9.24107e-15;-9.990E+02
01:12:03.809;-00:43:48.778;3.61E+20;0.921;+0.21/-0.17;680.3;9.07138e-13;9.70748e-14;1.42119e-12;1.75088e-13;-9.990E+02;0;-2.69235e-10;4.15981e-12;9.26788e-13;1.98299e-13;-9.990E+02
23:18:56.737;+00:14:38.725;3.82E+20;0.958;+0.01/-0.01;20968.4;3.28937e-11;1.13341e-13;2.97963e-11;1.60343e-13;-9.990E+02;3.23009e-11;1.90743e-13;-9.990E+02;3.30166e-11;2.3249e-13;-9.990E+02
23:19:10.486;+00:18:58.675;3.87E+20;0.8;-999/-999;21470.0;2.94961e-14;4.7091e-15;1.61231e-14;4.70058e-15;-9.990E+02;1.3107e-14;5.05302e-15;-9.990E+02;5.90454e-14;1.28615e-14;-9.990E+02
23:18:33.200;+00:16:45.404;3.81E+20;0.8;-999/-999;21356.2;1.80459e-14;3.84561e-15;7.43677e-15;3.38827e-15;-9.990E+02;1.51732e-14;5.5737e-15;-9.990E+02;3.03942e-14;9.83279e-15;-9.990E+02
23:18:34.019;+00:13:56.631;3.79E+20;0.8;-999/-999;22111.4;1.46183e-14;3.5585e-15;1.20427e-14;4.39571e-15;-9.990E+02;1.63974e-14;5.9852e-15;-9.990E+02;6.15741e-15;4.4969e-15;-9.990E+02
23:18:39.398;+00:20:37.898;3.84E+20;0.8;-999/-999;21857.7;2.03733e-14;3.99196e-15;8.40094e-15;3.52024e-15;-9.990E+02;1.7108e-14;5.78409e-15;-9.990E+02;3.42649e-14;9.82236e-15;-9.990E+02
23:19:16.743;+00:18:03.341;3.87E+20;0.336;+0.22/-0.17;21131.0;6.12533e-14;7.60305e-15;2.7477e-14;5.55235e-15;-9.990E+02;2.45959e-14;6.52544e-15;-9.990E+02;7.96036e-14;1.52528e-14;-9.990E+02
23:18:56.535;+00:22:29.058;3.88E+20;0.8;-999/-999;22151.0;1.98422e-14;3.997e-15;5.27223e-15;2.883e-15;-9.990E+02;1.07038e-14;4.72291e-15;-9.990E+02;4.82303e-14;1.20306e-14;-9.990E+02
23:19:12.958;+00:20:51.730;3.88E+20;0.8;-999/-999;21016.8;2.87784e-14;4.71075e-15;1.91112e-14;5.22179e-15;-9.990E+02;3.10512e-14;7.7565e-15;-9.990E+02;2.33163e-14;8.22009e-15;-9.990E+02
23:19:21.250;+00:14:55.039;3.86E+20;0.8;-999/-999;21376.3;1.49793e-14;3.70916e-15;1.85522e-14;5.54792e-15;-9.990E+02;1.61739e-14;-9.33206e-12;2.77123e-14;1.88898e-14;8.21439e-15;-9.990E+02
23:18:29.060;+00:12:49.578;3.78E+20;0.8;-999/-999;21980.9;1.44851e-14;3.55725e-15;1.15018e-14;4.32931e-15;-9.990E+02;5.22345e-15;3.33367e-15;-9.990E+02;2.35553e-14;8.86629e-15;-9.990E+02
23:19:04.548;+00:23:35.280;3.90E+20;0.8;-999/-999;21170.9;2.74538e-14;4.71372e-15;1.57262e-14;4.81756e-15;-9.990E+02;3.72093e-14;8.60667e-15;-9.990E+02;1.59655e-14;6.98424e-15;-9.990E+02
23:18:21.740;+00:13:57.520;3.78E+20;0.8;-999/-999;20792.1;3.10477e-14;4.83786e-15;1.6424e-14;4.82469e-15;-9.990E+02;2.23765e-14;6.57329e-15;-9.990E+02;5.04563e-14;1.19962e-14;-9.990E+02
23:18:49.536;+00:06:36.235;3.76E+20;0.8;-999/-999;21173.6;2.00786e-14;4.1238e-15;1.85749e-14;5.53036e-15;-9.990E+02;1.90012e-14;6.50363e-15;-9.990E+02;9.52429e-15;5.47714e-15;-9.990E+02
23:18:15.763;+00:15:43.103;3.79E+20;0.926;+0.07/-0.06;13482.3;4.56064e-13;1.664e-14;3.56822e-13;2.15068e-14;-9.990E+02;4.80995e-13;2.82203e-14;-9.990E+02;4.6433e-13;3.3506e-14;-9.990E+02
23:18:43.046;+00:06:40.949;3.76E+20;0.8;-999/-999;20961.3;1.47746e-14;3.6972e-15;1.01162e-14;-6.83271e-12;1.80618e-14;1.11911e-14;5.16127e-15;-9.990E+02;3.9252e-14;1.16396e-14;-9.990E+02
23:18:58.163;+00:06:19.888;3.77E+20;1.344;+0.15/-0.12;17894.4;8.74156e-14;5.92361e-15;1.42592e-13;1.40931e-14;-9.990E+02;1.29899e-13;1.45364e-14;-9.990E+02;7.4646e-14;1.25493e-14;-9.990E+02
23:19:14.869;+00:07:15.680;3.80E+20;0.260;+0.13/-0.11;16305.1;1.87235e-13;1.45771e-14;2.97388e-14;6.27407e-15;-9.990E+02;1.43836e-13;1.73925e-14;-9.990E+02;2.50973e-13;2.89688e-14;-9.990E+02
23:19:40.168;+00:10:08.722;3.86E+20;0.883;+0.09/-0.08;12323.3;2.75396e-13;1.46487e-14;1.99294e-13;1.73826e-14;-9.990E+02;2.81178e-13;2.38353e-14;-9.990E+02;2.8577e-13;2.9437e-14;-9.990E+02
23:19:52.629;-01:16:24.453;3.65E+20;0.8;-999/-999;933.5;9.69301e-13;1.27521e-13;9.48256e-13;1.76135e-13;-9.990E+02;8.42716e-13;1.93563e-13;-9.990E+02;4.61298e-13;1.73998e-13;-9.990E+02
23:19:37.283;-01:08:34.935;3.62E+20;0.8;-999/-999;951.4;1.07153e-13;4.67115e-14;7.8834e-14;5.4335e-14;-9.990E+02;1.62749e-13;9.21599e-14;-9.990E+02;5.10475e-14;-1.77873e-10;5.40579e-13
02:43:02.830;+00:46:26.979;3.19E+20;1.240;+0.09/-0.08;18092.4;2.34147e-13;1.01282e-14;2.88688e-13;1.98749e-14;-9.990E+02;3.57954e-13;2.46355e-14;-9.990E+02;2.08836e-13;2.24216e-14;-9.990E+02
02:43:14.129;+00:50:57.139;3.31E+20;0.8;-999/-999;12395.4;2.47434e-14;4.90385e-15;2.56609e-14;6.72422e-15;-9.990E+02;9.00711e-15;4.71954e-15;-9.990E+02;2.72101e-14;1.00676e-14;-9.990E+02
02:43:00.616;+00:42:00.598;3.18E+20;0.8;-999/-999;10183.5;4.53236e-14;6.696e-15;5.84405e-14;1.03133e-14;-9.990E+02;1.65393e-14;6.38758e-15;-9.990E+02;2.50156e-14;9.66121e-15;-9.990E+02
02:43:38.295;+00:44:34.499;3.33E+20;1.208;+0.21/-0.17;10516.5;5.95946e-14;5.9422e-15;9.32186e-14;1.25987e-14;-9.990E+02;5.83797e-14;1.11355e-14;-9.990E+02;5.40434e-14;1.25687e-14;-9.990E+02
02:42:44.738;+00:50:07.967;3.18E+20;0.8;-999/-999;25663.0;7.33352e-15;2.79e-15;8.82524e-15;4.13691e-15;-9.990E+02;6.245e-15;4.07422e-15;-9.990E+02;5.15247e-15;-1.07718e-11;3.12048e-14
02:42:37.127;+00:46:29.744;3.17E+20;0.8;-999/-999;24676.2;9.14374e-15;3.0679e-15;4.71247e-15;2.9412e-15;-9.990E+02;1.00151e-14;5.14656e-15;-9.990E+02;1.00977e-14;6.30231e-15;-9.990E+02
02:42:35.336;+00:46:03.791;3.17E+20;0.8;-999/-999;25080.8;3.09021e-14;5.2991e-15;1.67264e-14;5.21567e-15;-9.990E+02;3.68528e-14;9.23458e-15;-9.990E+02;2.78725e-14;9.93059e-15;-9.990E+02
02:42:54.819;+00:54:56.235;3.19E+20;0.8;-999/-999;22631.3;1.58389e-14;3.9074e-15;1.76065e-14;5.58662e-15;-9.990E+02;1.24522e-14;5.61472e-15;-9.990E+02;4.70669e-15;4.0883e-15;-9.990E+02
02:43:27.973;+00:55:51.989;3.32E+20;0.989;+0.21/-0.16;10010.1;8.22304e-14;8.3181e-15;9.84822e-14;1.39572e-14;-9.990E+02;5.61026e-14;1.20707e-14;-9.990E+02;8.16834e-14;1.75745e-14;-9.990E+02
02:42:27.558;+00:48:37.951;3.16E+20;0.8;-999/-999;24051.6;1.27184e-14;3.76407e-15;5.09608e-15;3.22559e-15;-9.990E+02;7.22362e-15;4.57223e-15;-9.990E+02;2.73167e-14;1.0917e-14;-9.990E+02
02:43:55.815;+00:42:55.929;3.34E+20;0.508;+0.10/-0.09;5138.5;3.17468e-13;2.08632e-14;9.68451e-14;-2.86285e-11;3.19952e-13;3.70374e-13;3.22963e-14;-9.990E+02;4.70297e-13;4.7586e-14;-9.990E+02
02:42:21.466;+00:49:13.061;3.16E+20;0.8;-999/-999;20193.3;2.26541e-14;5.15817e-15;9.07842e-15;4.47258e-15;-9.990E+02;1.93046e-14;7.6085e-15;-9.990E+02;3.89399e-14;1.34238e-14;-9.990E+02
02:42:40.325;+00:57:25.664;3.18E+20;1.062;+0.06/-0.05;17044.4;8.2096e-13;2.42594e-14;8.01315e-13;3.72852e-14;-9.990E+02;9.89691e-13;4.90491e-14;-9.990E+02;7.896e-13;5.28401e-14;-9.990E+02
02:42:25.056;+00:58:22.771;3.16E+20;0.8;-999/-999;15277.2;6.17865e-14;1.03163e-14;1.23845e-14;6.20228e-15;-9.990E+02;7.02049e-14;1.75797e-14;-9.990E+02;1.06205e-13;2.65943e-14;-9.990E+02
21:58:25.953;-00:18:02.670;4.54E+20;0.8;-999/-999;3347.0;2.70202e-13;3.49776e-14;2.81766e-13;4.82987e-14;-9.990E+02;2.13619e-13;4.82879e-14;-9.990E+02;1.36585e-13;4.68269e-14;-9.990E+02
21:58:41.298;-00:15:11.373;4.42E+20;0.8;-999/-999;3512.5;8.23284e-14;2.0328e-14;8.54258e-14;2.7628e-14;-9.990E+02;3.72954e-14;2.17044e-14;-9.990E+02;8.35134e-14;3.78133e-14;-9.990E+02
21:59:05.558;-00:24:11.586;4.53E+20;0.8;-999/-999;3951.5;4.58955e-14;1.6027e-14;1.46212e-14;1.27637e-14;-9.990E+02;7.60641e-14;3.32038e-14;-9.990E+02;2.83647e-14;2.4761e-14;-9.990E+02
21:58:52.829;-00:30:16.297;4.76E+20;0.8;-999/-999;3951.5;4.31386e-14;1.61403e-14;2.08109e-14;1.59912e-14;-9.990E+02;5.33904e-14;2.92993e-14;-9.990E+02;3.97199e-14;3.05209e-14;-9.990E+02
21:57:52.880;-00:24:35.156;5.11E+20;0.8;-999/-999;3951.5;4.64116e-14;1.77936e-14;4.5446e-14;2.43928e-14;-9.990E+02;5.70771e-14;3.06356e-14;-9.990E+02;4.23098e-14;-6.48383e-11;1.86457e-13
21:57:47.272;-00:19:12.204;4.95E+20;0.8;-999/-999;3951.5;8.38198e-14;2.36112e-14;4.44687e-14;2.46056e-14;-9.990E+02;7.51701e-14;3.53609e-14;-9.990E+02;1.11642e-13;5.25178e-14;-9.990E+02
22:34:35.871;+00:13:03.353;5.09E+20;0.8;-999/-999;6464.0;4.23231e-14;1.14106e-14;4.51773e-14;1.64413e-14;-9.990E+02;3.78476e-14;1.68454e-14;-9.990E+02;1.40381e-14;1.24916e-14;-9.990E+02
22:34:54.502;+00:12:11.819;5.07E+20;0.8;-999/-999;6865.9;2.30592e-14;8.7379e-15;1.28767e-14;9.06902e-15;-9.990E+02;2.43178e-14;1.40709e-14;-9.990E+02;2.40467e-14;1.6936e-14;-9.990E+02
22:34:26.719;+00:16:16.770;5.15E+20;0.8;-999/-999;6483.5;2.8443e-14;9.64925e-15;2.09234e-14;1.16484e-14;-9.990E+02;3.49482e-14;1.67845e-14;-9.990E+02;1.29524e-14;1.24386e-14;-9.990E+02
22:34:19.923;+00:09:20.671;5.02E+20;0.8;-999/-999;6618.4;2.2182e-14;8.57704e-15;1.85432e-14;1.07387e-14;-9.990E+02;7.80373e-15;7.74909e-15;-9.990E+02;3.47508e-14;2.01249e-14;-9.990E+02
22:35:07.197;+00:11:20.219;5.05E+20;0.8;-999/-999;6799.4;2.11506e-14;8.58458e-15;1.77069e-14;-1.67528e-11;6.81792e-14;2.60363e-14;1.49206e-14;-9.990E+02;3.8629e-14;2.21371e-14;-9.990E+02
22:35:10.925;+00:16:32.471;5.17E+20;0.8;-999/-999;5458.3;7.47899e-14;1.63394e-14;4.40653e-14;1.76436e-14;-9.990E+02;9.18994e-14;2.89932e-14;-9.990E+02;5.44616e-14;2.67711e-14;-9.990E+02
22:35:09.229;+00:03:57.753;4.94E+20;0.8;-999/-999;4766.1;7.04603e-14;1.62283e-14;5.13802e-14;1.89341e-14;-9.990E+02;4.3458e-14;2.00183e-14;-9.990E+02;9.68268e-14;3.56816e-14;-9.990E+02
02:40:37.502;-00:56:37.170;3.02E+20;0.8;-999/-999;47597.6;1.35947e-14;2.63625e-15;8.86189e-15;2.92495e-15;-9.990E+02;1.42628e-14;4.50761e-15;-9.990E+02;1.19979e-14;4.87678e-15;-9.990E+02
02:40:34.476;-00:57:50.699;3.04E+20;0.8;-999/-999;46548.5;9.69659e-15;2.22144e-15;3.86619e-15;1.92986e-15;-9.990E+02;1.24266e-14;4.19559e-15;-9.990E+02;1.04568e-14;4.539e-15;-9.990E+02
02:40:43.611;-00:54:39.658;3.02E+20;0.8;-999/-999;45804.7;4.08341e-14;4.1625e-15;4.18347e-14;5.48676e-15;-9.990E+02;3.80674e-14;6.27934e-15;-9.990E+02;1.03055e-14;4.08986e-15;-9.990E+02
02:40:36.418;-00:58:37.261;3.04E+20;0.8;-999/-999;48201.2;5.58137e-15;1.80492e-15;2.31074e-15;1.51808e-15;-9.990E+02;5.5016e-15;2.80453e-15;-9.990E+02;8.33309e-15;4.24794e-15;-9.990E+02
02:40:47.147;-00:55:52.166;3.02E+20;0.8;-999/-999;44570.0;5.70818e-15;1.80375e-15;5.11617e-15;2.37105e-15;-9.990E+02;2.92728e-15;2.06596e-15;-9.990E+02;6.65114e-15;3.8306e-15;-9.990E+02
02:40:50.438;-00:56:11.756;3.02E+20;0.8;-999/-999;45393.3;6.61976e-15;1.9425e-15;3.23833e-15;1.88032e-15;-9.990E+02;1.08012e-14;3.98462e-15;-9.990E+02;2.3376e-15;2.36455e-15;-9.990E+02
02:40:51.102;-00:55:41.307;3.02E+20;0.8;-999/-999;46617.4;6.4602e-15;1.9425e-15;5.14602e-15;2.41059e-15;-9.990E+02;3.68222e-15;2.4139e-15;-9.990E+02;8.37051e-15;4.52752e-15;-9.990E+02
02:40:24.143;-00:52:36.509;3.03E+20;0.8;-999/-999;45368.2;1.11892e-14;2.35943e-15;5.90438e-15;2.27861e-15;-9.990E+02;1.18132e-14;3.95672e-15;-9.990E+02;1.27851e-14;4.93401e-15;-9.990E+02
02:40:53.595;-00:51:49.308;3.02E+20;0.8;-999/-999;45839.8;9.06038e-15;2.22e-15;4.64112e-15;2.24917e-15;-9.990E+02;9.958e-15;3.71068e-15;-9.990E+02;1.00576e-14;4.87409e-15;-9.990E+02
02:40:12.900;-00:53:49.332;3.06E+20;0.8;-999/-999;48084.3;5.12652e-15;1.80609e-15;4.60309e-15;2.31676e-15;-9.990E+02;3.2839e-15;2.20327e-15;-9.990E+02;4.97309e-15;3.3366e-15;-9.990E+02
02:40:18.933;-01:01:11.329;3.05E+20;0.8;-999/-999;48333.6;4.65698e-15;1.66668e-15;4.18076e-15;-2.98911e-12;6.14275e-15;5.30291e-15;2.8472e-15;-9.990E+02;1.00419e-14;4.67169e-15;-9.990E+02
02:40:09.911;-00:56:46.807;3.06E+20;0.8;-999/-999;47222.8;6.45886e-15;1.80609e-15;3.16353e-15;1.78385e-15;-9.990E+02;3.00947e-15;2.01284e-15;-9.990E+02;1.36698e-14;5.25554e-15;-9.990E+02
02:40:07.074;-00:57:17.648;3.06E+20;0.8;-999/-999;46049.7;5.48774e-15;1.80609e-15;2.2746e-15;1.55108e-15;-9.990E+02;6.48879e-15;3.21877e-15;-9.990E+02;6.54921e-15;3.96079e-15;-9.990E+02
02:40:27.728;-01:03:34.804;3.04E+20;0.8;-999/-999;42236.1;1.32287e-14;2.49912e-15;9.77009e-15;2.8822e-15;-9.990E+02;1.39568e-14;4.1173e-15;-9.990E+02;9.06076e-15;4.15792e-15;-9.990E+02
02:40:17.169;-00:50:30.296;3.06E+20;1.461;+0.17/-0.13;47754.1;3.92288e-14;2.78674e-15;7.91159e-14;7.86974e-15;-9.990E+02;6.44138e-14;7.76509e-15;-9.990E+02;3.19197e-14;6.19429e-15;-9.990E+02
02:40:48.321;-00:48:51.687;3.02E+20;0.8;-999/-999;45532.0;1.14469e-14;2.4975e-15;8.64302e-15;2.87769e-15;-9.990E+02;1.2363e-14;4.11626e-15;-9.990E+02;7.02304e-15;3.8112e-15;-9.990E+02
02:40:10.403;-00:51:32.476;3.06E+20;0.8;-999/-999;47531.2;1.10241e-14;2.36181e-15;1.3198e-15;1.09576e-15;-9.990E+02;1.69463e-14;4.79095e-15;-9.990E+02;1.42573e-14;5.34556e-15;-9.990E+02
02:41:05.083;-00:51:33.181;3.01E+20;0.8;-999/-999;45911.3;2.0056e-14;3.0514e-15;1.39152e-14;3.43717e-15;-9.990E+02;1.99173e-14;4.91975e-15;-9.990E+02;1.76031e-14;5.7617e-15;-9.990E+02
02:40:36.832;-00:47:40.082;3.03E+20;0.8;-999/-999;47853.4;1.2591e-14;2.63701e-15;4.51541e-15;2.02696e-15;-9.990E+02;1.29127e-14;4.34456e-15;-9.990E+02;1.95603e-14;6.58119e-15;-9.990E+02
02:40:08.311;-00:51:33.996;3.06E+20;0.527;+0.25/-0.19;45816.8;3.11564e-14;4.09056e-15;1.66284e-14;3.60301e-15;-9.990E+02;1.71546e-14;4.3632e-15;-9.990E+02;3.74119e-14;8.4618e-15;-9.990E+02
02:40:47.288;-01:05:30.635;3.02E+20;-0.615;+0.19/-0.15;20840.8;1.00251e-13;9.78666e-15;7.9305e-15;2.23114e-15;-9.990E+02;2.71556e-14;6.36802e-15;-9.990E+02;1.92493e-13;2.21172e-14;-9.990E+02
02:41:18.992;-00:57:24.818;3.00E+20;0.8;-999/-999;41437.6;1.13263e-14;2.63435e-15;5.53302e-15;2.4536e-15;-9.990E+02;2.64135e-15;2.05447e-15;-9.990E+02;2.80216e-14;8.1925e-15;-9.990E+02
02:41:08.163;-00:49:04.226;3.01E+20;0.8;-999/-999;47738.1;5.81708e-15;1.9418e-15;3.47445e-15;2.08765e-15;-9.990E+02;4.97311e-15;2.98813e-15;-9.990E+02;7.53494e-15;4.52743e-15;-9.990E+02
02:41:19.509;-00:55:15.854;3.00E+20;0.8;-999/-999;43197.4;6.60113e-15;2.07975e-15;6.75485e-15;2.94035e-15;-9.990E+02;7.25963e-15;3.64938e-15;-9.990E+02;8.55361e-15;-8.07392e-12;2.4211e-14
02:40:10.428;-00:47:40.768;3.04E+20;1.878;+0.22/-0.17;37618.8;2.50354e-14;1.89598e-15;8.66254e-14;9.304e-15;-9.990E+02;8.00885e-14;9.38189e-15;-9.990E+02;1.71485e-14;4.60419e-15;-9.990E+02
02:41:15.705;-00:50:34.959;3.01E+20;0.8;-999/-999;44286.2;7.09312e-15;2.2192e-15;6.35491e-15;2.87301e-15;-9.990E+02;7.698e-15;-5.68457e-12;2.00454e-14;1.37817e-14;6.23061e-15;-9.990E+02
02:41:24.860;-00:57:56.637;3.00E+20;0.8;-999/-999;30424.4;1.42948e-14;3.18895e-15;9.31275e-15;3.39729e-15;-9.990E+02;1.0002e-14;4.2007e-15;-9.990E+02;2.02118e-14;7.37325e-15;-9.990E+02
02:39:52.123;-00:50:58.773;3.07E+20;0.716;+0.24/-0.19;18014.1;4.49906e-14;5.79852e-15;2.96861e-14;6.00102e-15;-9.990E+02;3.2541e-14;7.58058e-15;-9.990E+02;5.00253e-14;1.16537e-14;-9.990E+02
02:40:53.162;-00:41:07.259;3.02E+20;0.158;+0.09/-0.08;11349.4;4.13138e-13;2.30219e-14;2.48036e-14;5.8751e-15;-9.990E+02;3.45895e-13;2.86694e-14;-9.990E+02;5.77355e-13;4.7854e-14;-9.990E+02
02:41:14.412;-00:41:47.939;3.01E+20;0.8;-999/-999;2631.8;7.44403e-12;8.5994e-14;8.20895e-12;1.21407e-13;-9.990E+02;7.34582e-12;1.37027e-13;-9.990E+02;1.36146e-11;-3.33844e-10;7.35169e-12
02:41:13.030;-00:41:37.781;3.01E+20;0.8;-999/-999;3072.4;4.22896e-12;6.6576e-14;5.16445e-12;9.86416e-14;-9.990E+02;3.45023e-12;9.52289e-14;-9.990E+02;7.73436e-12;-2.58441e-10;4.93274e-12
00:04:47.523;-00:25:03.225;2.97E+20;0.8;-999/-999;3796.9;4.50157e-14;1.52361e-14;4.02626e-14;1.99876e-14;-9.990E+02;2.88857e-14;2.00785e-14;-9.990E+02;4.37843e-14;3.04345e-14;-9.990E+02
00:05:33.568;-00:27:56.900;3.02E+20;0.8;-999/-999;4391.6;3.91414e-14;1.52625e-14;3.50695e-14;-2.73343e-11;1.15928e-13;5.01636e-14;2.87e-14;-9.990E+02;7.59976e-14;4.34803e-14;-9.990E+02
23:56:03.945;-00:23:53.500;3.22E+20;0.8;-999/-999;6491.8;1.09824e-13;1.67628e-14;1.17344e-13;2.42467e-14;-9.990E+02;1.01958e-13;2.59619e-14;-9.990E+02;1.92696e-14;1.38025e-14;-9.990E+02
23:55:44.512;-00:19:34.693;3.21E+20;0.8;-999/-999;4529.0;4.64443e-14;1.14505e-14;6.71557e-14;1.90388e-14;-9.990E+02;4.31462e-14;-2.9211e-11;1.56824e-13;3.58595e-14;2.03371e-14;-9.990E+02
23:55:35.369;-00:15:13.607;3.22E+20;1.343;+0.26/-0.19;3829.3;1.37774e-13;1.4841e-14;2.50352e-13;3.70841e-14;-9.990E+02;1.74399e-13;3.391e-14;-9.990E+02;1.17638e-13;3.35397e-14;-9.990E+02
23:55:25.034;-00:17:13.988;3.22E+20;0.216;+0.20/-0.16;3560.6;3.0472e-13;3.47667e-14;1.48981e-13;2.53799e-14;-9.990E+02;5.03911e-14;1.91932e-14;-9.990E+02;4.16736e-13;7.09941e-14;-9.990E+02
23:55:33.840;-00:28:08.996;3.19E+20;0.8;-999/-999;6880.8;3.48038e-14;1.01871e-14;1.79593e-14;9.65878e-15;-9.990E+02;3.81088e-14;1.6698e-14;-9.990E+02;3.84245e-14;2.06652e-14;-9.990E+02
23:55:33.444;-00:12:04.657;3.24E+20;0.8;-999/-999;2691.9;1.43973e-13;2.0967e-14;5.21371e-14;1.68655e-14;-9.990E+02;2.20518e-13;4.16281e-14;-9.990E+02;1.11125e-13;3.59471e-14;-9.990E+02
23:56:05.214;-00:34:48.709;3.19E+20;0.8;-999/-999;4414.3;1.53784e-13;2.37235e-14;3.96632e-14;1.6019e-14;-9.990E+02;2.24446e-13;4.48108e-14;-9.990E+02;1.69775e-13;4.78217e-14;-9.990E+02
02:43:02.986;+00:46:27.866;3.19E+20;1.159;+0.10/-0.09;7593.7;3.25052e-13;1.70289e-14;3.74902e-13;3.05366e-14;-9.990E+02;4.27062e-13;3.63192e-14;-9.990E+02;3.00277e-13;3.61712e-14;-9.990E+02
02:43:00.615;+00:41:57.651;3.18E+20;0.8;-999/-999;11332.5;3.04947e-14;6.975e-15;2.2019e-14;8.01196e-15;-9.990E+02;2.3376e-14;9.72039e-15;-9.990E+02;3.53561e-14;1.47021e-14;-9.990E+02
02:43:38.238;+00:44:34.644;3.33E+20;0.8;-999/-999;12042.9;3.784e-14;7.8512e-15;2.57767e-14;8.98617e-15;-9.990E+02;4.81714e-14;1.45978e-14;-9.990E+02;1.81946e-14;1.11735e-14;-9.990E+02
02:43:09.167;+00:37:04.336;3.16E+20;0.8;-999/-999;12889.6;1.54466e-14;5.43699e-15;9.28709e-15;5.50085e-15;-9.990E+02;1.97465e-14;-1.38842e-11;8.69543e-14;3.98402e-14;1.69227e-14;-9.990E+02
02:43:55.876;+00:42:56.572;3.34E+20;0.8;-999/-999;12671.3;5.38279e-14;1.02382e-14;9.31659e-15;5.58231e-15;-9.990E+02;1.95814e-14;9.77822e-15;-9.990E+02;1.57683e-13;3.28038e-14;-9.990E+02
02:44:00.586;+00:47:26.086;3.36E+20;0.8;-999/-999;12731.9;1.43147e-14;5.75394e-15;5.21047e-15;4.69223e-15;-9.990E+02;1.45781e-14;9.34488e-15;-9.990E+02;2.2008e-14;1.41076e-14;-9.990E+02
02:43:36.898;+00:31:31.234;3.16E+20;0.8;-999/-999;10181.2;1.61158e-13;2.09115e-14;9.68934e-14;2.095e-14;-9.990E+02;2.13608e-13;3.85949e-14;-9.990E+02;9.22956e-14;3.09988e-14;-9.990E+02
01:10:52.368;-00:26:53.951;3.09E+20;0.8;-999/-999;584.9;1.56604e-13;6.67584e-14;0;-1.19909e-10;-6.32677e-08;0;-1.70736e-10;-9.00857e-08;0;-2.58474e-10;-1.3638e-07
01:17:03.627;+00:00:26.519;3.14E+20;0.838;+0.27/-0.20;1053.3;6.89864e-13;9.7164e-14;4.74338e-13;1.05973e-13;-9.990E+02;6.65962e-13;1.48785e-13;-9.990E+02;7.27297e-13;1.88628e-13;-9.990E+02
01:16:59.651;-00:05:38.964;3.14E+20;0.8;-999/-999;1059.5;8.06884e-14;3.62206e-14;5.33439e-14;-6.51925e-11;9.59688e-13;2.06357e-13;9.26328e-14;-9.990E+02;8.3237e-14;-1.40004e-10;2.06098e-12
02:14:33.464;-00:46:00.017;2.65E+20;0.723;+0.01/-0.01;139145.0;3.76516e-12;2.04232e-14;2.06701e-12;1.92756e-14;-9.990E+02;3.39787e-12;2.99435e-14;-9.990E+02;4.16964e-12;4.12238e-14;-9.990E+02
02:14:34.858;-00:42:42.961;2.66E+20;0.991;+0.06/-0.06;139786.0;8.85383e-14;2.8885e-15;8.2258e-14;4.17934e-15;-9.990E+02;9.2685e-14;5.1604e-15;-9.990E+02;8.79288e-14;6.14786e-15;-9.990E+02
02:14:39.381;-00:50:21.564;2.64E+20;0.549;+0.24/-0.18;138344.0;1.24741e-14;1.57691e-15;4.57184e-15;1.13151e-15;-9.990E+02;1.0606e-14;2.16202e-15;-9.990E+02;1.482e-14;3.21464e-15;-9.990E+02
02:14:52.881;-00:47:19.322;2.67E+20;0.8;-999/-999;140280.0;3.62577e-15;8.49896e-16;2.88063e-15;1.00798e-15;-9.990E+02;2.34292e-15;1.082e-15;-9.990E+02;4.27512e-15;1.79441e-15;-9.990E+02
02:14:55.343;-00:47:02.713;2.67E+20;0.256;+0.24/-0.18;145098.0;1.32398e-14;1.74469e-15;2.56586e-15;8.03998e-16;-9.990E+02;9.46693e-15;2.00472e-15;-9.990E+02;1.7762e-14;3.55973e-15;-9.990E+02
02:14:32.175;-00:50:49.263;2.63E+20;0.8;-999/-999;143734.0;3.86304e-15;9.03474e-16;1.45878e-15;7.09481e-16;-9.990E+02;3.21231e-15;1.27487e-15;-9.990E+02;7.05645e-15;2.32701e-15;-9.990E+02
02:14:55.605;-00:44:31.476;2.68E+20;0.796;+0.27/-0.20;145591.0;8.7177e-15;1.21079e-15;5.41511e-15;1.27813e-15;-9.990E+02;8.3688e-15;1.91621e-15;-9.990E+02;9.38347e-15;2.50819e-15;-9.990E+02
02:14:51.041;-00:49:23.491;2.65E+20;0.8;-999/-999;144491.0;2.56445e-15;7.53445e-16;2.08756e-15;9.04683e-16;-9.990E+02;1.52983e-15;9.19883e-16;-9.990E+02;3.10226e-15;1.64621e-15;-9.990E+02
02:14:52.891;-00:49:36.003;2.66E+20;0.8;-999/-999;142932.0;2.66523e-15;7.53665e-16;2.53248e-15;9.65827e-16;-9.990E+02;5.29958e-16;5.33855e-16;-9.990E+02;4.02779e-15;1.82616e-15;-9.990E+02
02:14:19.450;-00:42:15.075;2.65E+20;0.814;+0.16/-0.13;141360.0;2.04288e-14;1.75994e-15;1.40642e-14;1.98032e-15;-9.990E+02;1.84785e-14;2.75956e-15;-9.990E+02;2.17991e-14;3.68739e-15;-9.990E+02
02:14:49.006;-00:50:41.231;2.65E+20;0.921;+0.17/-0.14;144830.0;1.49613e-14;1.35564e-15;1.42399e-14;1.86279e-15;-9.990E+02;1.21083e-14;2.04657e-15;-9.990E+02;1.52711e-14;2.82132e-15;-9.990E+02
02:14:14.688;-00:46:50.996;2.63E+20;0.8;-999/-999;141418.0;5.10463e-15;9.99297e-16;1.79904e-15;8.10353e-16;-9.990E+02;2.64004e-15;1.18917e-15;-9.990E+02;1.20498e-14;3.10645e-15;-9.990E+02
02:14:17.444;-00:49:07.202;2.62E+20;0.8;-999/-999;142610.0;2.60954e-15;8.07356e-16;8.11402e-16;5.99931e-16;-9.990E+02;2.38296e-15;1.23326e-15;-9.990E+02;4.83331e-15;2.18261e-15;-9.990E+02
02:14:36.845;-00:39:52.104;2.68E+20;0.616;+0.27/-0.20;142802.0;9.45095e-15;1.37843e-15;4.52097e-15;1.13899e-15;-9.990E+02;7.50782e-15;1.80468e-15;-9.990E+02;1.09462e-14;2.75773e-15;-9.990E+02
02:15:00.006;-00:47:19.911;2.67E+20;0.8;-999/-999;140872.0;4.38519e-15;9.18436e-16;1.54901e-15;7.4606e-16;-9.990E+02;2.72059e-15;1.18687e-15;-9.990E+02;9.6535e-15;2.77915e-15;-9.990E+02
02:15:01.316;-00:44:57.024;2.68E+20;-0.182;+0.23/-0.18;143568.0;1.56937e-14;2.13568e-15;1.40954e-15;5.55048e-16;-9.990E+02;7.85765e-15;1.84075e-15;-9.990E+02;2.52601e-14;4.24924e-15;-9.990E+02
02:14:15.023;-00:48:57.070;2.62E+20;0.8;-999/-999;143405.0;8.18577e-15;1.20419e-15;4.89976e-15;1.20252e-15;-9.990E+02;8.79535e-15;1.95275e-15;-9.990E+02;7.90738e-15;2.27526e-15;-9.990E+02
02:14:58.454;-00:48:44.742;2.67E+20;1.446;+0.16/-0.12;140288.0;1.57802e-14;1.06767e-15;2.6204e-14;2.61072e-15;-9.990E+02;3.16545e-14;3.23375e-15;-9.990E+02;1.28907e-14;2.41277e-15;-9.990E+02
02:14:26.680;-00:51:43.971;2.62E+20;0.8;-999/-999;144510.0;3.52774e-15;8.62092e-16;1.62112e-15;7.75474e-16;-9.990E+02;1.58769e-15;9.2946e-16;-9.990E+02;7.84813e-15;2.54512e-15;-9.990E+02
02:14:22.140;-00:40:54.521;2.66E+20;0.8;-999/-999;141677.0;4.50418e-15;9.45507e-16;2.22723e-15;9.01245e-16;-9.990E+02;5.12246e-15;1.66214e-15;-9.990E+02;4.96026e-15;2.00716e-15;-9.990E+02
02:14:46.943;-00:51:40.941;2.64E+20;0.8;-999/-999;143911.0;2.13079e-15;7.12088e-16;2.02289e-15;9.245e-16;-9.990E+02;1.69541e-15;1.0232e-15;-9.990E+02;1.28904e-15;1.08919e-15;-9.990E+02
02:14:38.667;-00:52:36.324;2.63E+20;0.191;+0.23/-0.18;138808.0;1.47694e-14;1.90269e-15;2.05495e-15;7.09747e-16;-9.990E+02;1.0862e-14;2.18942e-15;-9.990E+02;2.04029e-14;3.88667e-15;-9.990E+02
02:14:27.595;-00:52:31.736;2.61E+20;0.8;-999/-999;144981.0;3.68512e-15;8.75456e-16;1.02496e-15;6.13192e-16;-9.990E+02;2.00847e-15;1.0299e-15;-9.990E+02;9.16765e-15;2.74222e-15;-9.990E+02
02:14:28.843;-00:52:58.775;2.61E+20;0.8;-999/-999;145831.0;2.2543e-15;7.38666e-16;8.51e-16;6.07169e-16;-9.990E+02;2.918e-15;1.35102e-15;-9.990E+02;2.53699e-15;1.55128e-15;-9.990E+02
02:14:56.166;-00:40:42.612;2.69E+20;0.8;-999/-999;145530.0;3.92335e-15;9.05388e-16;1.80868e-15;8.16814e-16;-9.990E+02;3.08381e-15;1.29136e-15;-9.990E+02;6.69617e-15;2.33315e-15;-9.990E+02
02:14:08.633;-00:44:41.239;2.63E+20;0.8;-999/-999;142521.0;2.43801e-15;7.80273e-16;1.9851e-15;9.29323e-16;-9.990E+02;9.7067e-16;7.91126e-16;-9.990E+02;3.69036e-15;1.90847e-15;-9.990E+02
02:14:43.454;-00:53:18.201;2.63E+20;0.8;-999/-999;138006.0;3.59199e-15;8.89785e-16;1.7264e-15;8.15662e-16;-9.990E+02;2.53345e-15;1.19696e-15;-9.990E+02;6.42621e-15;2.34586e-15;-9.990E+02
02:14:25.572;-00:38:57.474;2.67E+20;0.588;+0.22/-0.18;139741.0;1.4997e-14;1.77804e-15;7.71326e-15;1.59776e-15;-9.990E+02;1.02866e-14;2.26989e-15;-9.990E+02;1.75784e-14;3.75098e-15;-9.990E+02
02:14:22.228;-00:52:57.620;2.50E+20;0.8;-999/-999;142605.0;6.81895e-15;1.11741e-15;2.89749e-15;9.63124e-16;-9.990E+02;6.96906e-15;1.8121e-15;-9.990E+02;9.80161e-15;2.64967e-15;-9.990E+02
02:14:54.361;-00:39:42.928;2.70E+20;0.8;-999/-999;145737.0;5.06479e-15;1.00171e-15;3.44549e-15;1.13361e-15;-9.990E+02;5.03276e-15;1.65585e-15;-9.990E+02;4.58612e-15;1.96633e-15;-9.990E+02
02:14:05.477;-00:45:04.731;2.62E+20;0.8;-999/-999;143055.0;5.81981e-15;1.05367e-15;2.73441e-15;9.95867e-16;-9.990E+02;4.01527e-15;1.46235e-15;-9.990E+02;1.06922e-14;2.94103e-15;-9.990E+02
02:14:31.346;-00:53:41.346;2.61E+20;0.8;-999/-999;143706.0;3.1749e-15;8.34419e-16;1.04857e-15;6.45237e-16;-9.990E+02;3.59705e-15;1.42218e-15;-9.990E+02;4.68778e-15;2.00374e-15;-9.990E+02
02:14:16.831;-00:52:27.640;2.50E+20;1.044;+0.17/-0.13;144704.0;1.49398e-14;1.3086e-15;1.40298e-14;1.86723e-15;-9.990E+02;1.80199e-14;2.4917e-15;-9.990E+02;1.44578e-14;2.69055e-15;-9.990E+02
02:14:34.224;-00:54:25.742;2.61E+20;0.8;-999/-999;141495.0;3.92177e-15;9.02814e-16;2.83104e-15;-1.58852e-12;3.04548e-15;4.73351e-15;1.61548e-15;-9.990E+02;8.23581e-15;2.58924e-15;-9.990E+02
02:14:06.359;-00:42:34.499;2.63E+20;0.8;-999/-999;142451.0;5.14022e-15;9.99297e-16;3.55947e-15;1.105e-15;-9.990E+02;4.74888e-15;1.55109e-15;-9.990E+02;5.05532e-15;1.96611e-15;-9.990E+02
02:15:02.658;-00:51:43.797;2.66E+20;0.8;-999/-999;113988.0;6.55552e-15;1.16476e-15;3.04527e-15;1.10273e-15;-9.990E+02;6.24189e-15;1.88886e-15;-9.990E+02;9.49172e-15;2.8723e-15;-9.990E+02
02:15:10.648;-00:48:01.767;2.68E+20;0.8;-999/-999;108483.0;6.0776e-15;1.15189e-15;4.7701e-15;1.32274e-15;-9.990E+02;4.36193e-15;1.53784e-15;-9.990E+02;6.6314e-15;2.33796e-15;-9.990E+02
02:14:10.325;-00:51:48.051;2.50E+20;0.8;-999/-999;146530.0;2.33294e-15;7.63112e-16;1.63578e-15;8.46555e-16;-9.990E+02;2.42132e-15;1.25309e-15;-9.990E+02;1.84453e-15;1.33614e-15;-9.990E+02
02:14:49.005;-00:37:51.687;2.70E+20;0.8;-999/-999;138152.0;4.26754e-15;9.74262e-16;2.38297e-15;9.61097e-16;-9.990E+02;4.6429e-15;1.6158e-15;-9.990E+02;4.40835e-15;1.93239e-15;-9.990E+02
02:14:48.018;-00:54:20.726;2.63E+20;0.8;-999/-999;117642.0;5.15665e-15;1.05405e-15;3.8949e-15;1.21939e-15;-9.990E+02;3.81398e-15;1.44875e-15;-9.990E+02;5.80137e-15;2.20366e-15;-9.990E+02
02:14:29.818;-00:54:54.259;2.49E+20;0.8;-999/-999;137536.0;6.90363e-15;1.13063e-15;4.03147e-15;1.11659e-15;-9.990E+02;5.22532e-15;1.54709e-15;-9.990E+02;1.02323e-14;2.68193e-15;-9.990E+02
02:15:08.624;-00:41:30.777;2.71E+20;0.537;+0.15/-0.12;102552.0;2.65286e-14;2.34766e-15;1.1008e-14;1.73225e-15;-9.990E+02;1.99457e-14;2.81455e-15;-9.990E+02;3.17045e-14;4.47383e-15;-9.990E+02
02:14:26.033;-00:54:37.789;2.49E+20;0.8;-999/-999;139152.0;3.54444e-15;8.71808e-16;2.32818e-15;9.30652e-16;-9.990E+02;3.44843e-15;1.37845e-15;-9.990E+02;3.50266e-15;1.7034e-15;-9.990E+02
02:15:12.335;-00:47:08.452;2.69E+20;0.551;+0.25/-0.19;105162.0;1.23082e-14;1.6599e-15;4.79571e-15;1.22204e-15;-9.990E+02;1.00503e-14;2.21351e-15;-9.990E+02;1.46137e-14;3.3682e-15;-9.990E+02
02:14:47.884;-00:37:21.446;2.70E+20;0.8;-999/-999;134033.0;7.92171e-15;1.2487e-15;4.24377e-15;1.20592e-15;-9.990E+02;8.05951e-15;2.00956e-15;-9.990E+02;9.42221e-15;2.67744e-15;-9.990E+02
02:14:53.433;-00:37:56.588;2.70E+20;0.8;-999/-999;134069.0;4.79721e-15;1.01543e-15;3.18101e-15;1.09722e-15;-9.990E+02;3.87381e-15;1.45702e-15;-9.990E+02;5.88821e-15;2.21468e-15;-9.990E+02
02:14:00.336;-00:45:51.507;2.51E+20;0.8;-999/-999;144751.0;4.9944e-15;1.03596e-15;2.62727e-15;1.04063e-15;-9.990E+02;5.18053e-15;1.75926e-15;-9.990E+02;5.91877e-15;2.34435e-15;-9.990E+02
02:14:02.441;-00:49:38.927;2.50E+20;0.8;-999/-999;144434.0;3.37405e-15;8.72128e-16;9.85816e-16;6.18434e-16;-9.990E+02;3.40533e-15;1.42387e-15;-9.990E+02;5.92405e-15;2.32384e-15;-9.990E+02
02:15:07.831;-00:51:26.417;2.67E+20;0.8;-999/-999;91861.7;8.0932e-15;1.31597e-15;2.38245e-15;-2.32145e-12;5.89683e-15;1.43842e-14;2.8779e-15;-9.990E+02;9.93902e-15;2.90413e-15;-9.990E+02
02:14:16.904;-00:37:58.676;2.66E+20;-0.438;+0.17/-0.14;128468.0;3.23242e-14;2.961e-15;1.98247e-15;6.04198e-16;-9.990E+02;1.29571e-14;2.28924e-15;-9.990E+02;5.77024e-14;6.56321e-15;-9.990E+02
02:15:04.197;-00:52:39.772;2.66E+20;0.8;-999/-999;93250.8;8.43283e-15;1.3703e-15;5.95267e-15;1.48853e-15;-9.990E+02;7.26567e-15;1.98911e-15;-9.990E+02;8.84529e-15;2.73493e-15;-9.990E+02
02:14:25.664;-00:37:05.697;2.67E+20;0.8;-999/-999;131070.0;7.80945e-15;1.26114e-15;2.83948e-15;1.04502e-15;-9.990E+02;6.52956e-15;1.93053e-15;-9.990E+02;1.44425e-14;3.50748e-15;-9.990E+02
02:14:50.975;-00:37:10.686;2.70E+20;0.8;-999/-999;125300.0;3.38933e-15;9.33096e-16;2.14106e-15;9.9725e-16;-9.990E+02;3.75331e-15;1.58922e-15;-9.990E+02;2.85198e-15;1.6905e-15;-9.990E+02
02:14:33.831;-00:36:19.711;2.69E+20;0.8;-999/-999;129285.0;3.02893e-15;8.9167e-16;1.33832e-15;7.79719e-16;-9.990E+02;2.44593e-15;1.28498e-15;-9.990E+02;5.20394e-15;2.32238e-15;-9.990E+02
02:13:57.403;-00:47:16.439;2.51E+20;0.8;-999/-999;144399.0;4.32512e-15;9.81432e-16;4.08554e-15;1.27419e-15;-9.990E+02;1.72673e-15;9.91904e-16;-9.990E+02;5.25958e-15;2.16555e-15;-9.990E+02
02:14:02.266;-00:50:57.111;2.50E+20;0.8;-999/-999;143531.0;4.49282e-15;1.0084e-15;2.18781e-15;9.3231e-16;-9.990E+02;2.59068e-15;1.23647e-15;-9.990E+02;8.8753e-15;2.84678e-15;-9.990E+02
02:14:02.436;-00:50:40.708;2.50E+20;0.8;-999/-999;144018.0;4.23663e-15;9.81144e-16;2.47469e-15;9.82711e-16;-9.990E+02;4.70969e-15;1.66253e-15;-9.990E+02;3.98742e-15;1.89947e-15;-9.990E+02
02:14:54.976;-00:55:07.070;2.63E+20;0.917;+0.20/-0.16;85943.0;1.59678e-14;1.60667e-15;1.54583e-14;2.35255e-15;-9.990E+02;1.23551e-14;2.43071e-15;-9.990E+02;1.6331e-14;3.43571e-15;-9.990E+02
02:14:48.082;-00:36:12.344;2.70E+20;0.8;-999/-999;119433.0;6.62773e-15;1.23498e-15;3.34843e-15;1.16467e-15;-9.990E+02;6.52133e-15;1.96703e-15;-9.990E+02;8.67339e-15;2.78788e-15;-9.990E+02
02:14:03.126;-00:51:35.090;2.50E+20;0.8;-999/-999;140813.0;6.3093e-15;1.13104e-15;4.55525e-15;1.26577e-15;-9.990E+02;4.81576e-15;1.58015e-15;-9.990E+02;7.33505e-15;2.40678e-15;-9.990E+02
02:14:40.560;-00:35:44.114;2.70E+20;0.8;-999/-999;124638.0;9.27882e-15;1.35848e-15;1.14356e-14;2.05904e-15;-9.990E+02;6.5355e-15;1.87984e-15;-9.990E+02;1.10384e-15;9.52457e-16;-9.990E+02
02:14:02.418;-00:39:52.871;2.64E+20;0.519;+0.15/-0.12;126241.0;2.72274e-14;2.37202e-15;1.06816e-14;1.69882e-15;-9.990E+02;2.05766e-14;2.97319e-15;-9.990E+02;3.28251e-14;4.74301e-15;-9.990E+02
02:14:16.834;-00:55:12.435;2.49E+20;0.8;-999/-999;132457.0;4.41898e-15;1.00803e-15;5.16286e-15;1.44312e-15;-9.990E+02;2.86756e-15;1.3081e-15;-9.990E+02;1.45621e-15;1.16648e-15;-9.990E+02
02:14:13.697;-00:54:45.617;2.49E+20;0.8;-999/-999;133882.0;3.51584e-15;9.26296e-16;2.63991e-15;1.06981e-15;-9.990E+02;3.25858e-15;1.44775e-15;-9.990E+02;2.97813e-15;1.70609e-15;-9.990E+02
02:14:02.565;-00:52:22.872;2.49E+20;0.8;-999/-999;135334.0;2.99412e-15;8.99052e-16;1.49921e-15;8.51169e-16;-9.990E+02;1.66553e-15;1.07264e-15;-9.990E+02;5.91855e-15;2.53275e-15;-9.990E+02
02:14:11.944;-00:37:08.639;2.66E+20;0.8;-999/-999;116610.0;7.00908e-15;1.24697e-15;4.49655e-15;1.32066e-15;-9.990E+02;1.64691e-15;9.67103e-16;-9.990E+02;1.50295e-14;3.64909e-15;-9.990E+02
02:13:58.129;-00:40:22.366;2.63E+20;0.8;-999/-999;115088.0;4.78978e-15;1.10881e-15;1.12552e-15;7.10687e-16;-9.990E+02;8.25831e-16;7.30216e-16;-9.990E+02;1.50771e-14;3.84765e-15;-9.990E+02
02:14:18.243;-00:35:30.532;2.67E+20;0.8;-999/-999;102064.0;5.56956e-15;1.24743e-15;2.06994e-15;1.00701e-15;-9.990E+02;3.78736e-15;1.65808e-15;-9.990E+02;1.15174e-14;3.50155e-15;-9.990E+02
02:14:16.639;-00:35:38.423;2.67E+20;0.8;-999/-999;100165.0;5.305e-15;1.23372e-15;3.1227e-15;1.24012e-15;-9.990E+02;9.14068e-16;8.09553e-16;-9.990E+02;1.25086e-14;3.69225e-15;-9.990E+02
02:13:51.413;-00:48:46.274;2.50E+20;0.8;-999/-999;113530.0;7.26728e-15;1.32182e-15;5.0951e-15;1.49557e-15;-9.990E+02;6.28312e-15;2.02672e-15;-9.990E+02;7.66357e-15;2.75468e-15;-9.990E+02
02:14:23.032;-00:34:45.461;2.68E+20;0.8;-999/-999;92941.4;6.89353e-15;1.3713e-15;3.48128e-15;1.32322e-15;-9.990E+02;5.09187e-15;1.93541e-15;-9.990E+02;1.1609e-14;3.60498e-15;-9.990E+02
02:15:14.561;-00:39:06.050;2.72E+20;0.622;+0.10/-0.09;43058.3;7.88121e-14;4.58026e-15;4.81219e-14;4.32044e-15;-9.990E+02;4.75045e-14;5.37257e-15;-9.990E+02;9.10456e-14;9.41462e-15;-9.990E+02
02:15:10.067;-00:36:39.447;2.82E+20;1.144;+0.12/-0.11;29839.1;5.33967e-14;3.30165e-15;5.30345e-14;5.29563e-15;-9.990E+02;7.87484e-14;7.57196e-15;-9.990E+02;4.9592e-14;7.01212e-15;-9.990E+02
02:14:06.846;-00:56:25.766;2.48E+20;1.977;+0.14/-0.12;70880.4;2.23763e-14;1.05915e-15;1.23193e-13;7.15124e-15;-9.990E+02;4.68288e-14;4.55167e-15;-9.990E+02;1.47201e-14;2.77766e-15;-9.990E+02
02:13:47.045;-00:42:44.671;2.52E+20;0.8;-999/-999;86287.8;7.85843e-15;1.49996e-15;1.96975e-15;1.00007e-15;-9.990E+02;8.7354e-15;2.56757e-15;-9.990E+02;1.33027e-14;3.91002e-15;-9.990E+02
02:13:44.587;-00:37:47.209;2.63E+20;0.058;+0.13/-0.11;36664.0;8.97459e-14;7.15539e-15;1.86236e-14;3.07051e-15;-9.990E+02;4.28731e-14;6.31913e-15;-9.990E+02;1.30695e-13;1.46487e-14;-9.990E+02
02:13:35.514;-00:47:56.561;2.50E+20;0.882;+0.13/-0.11;35655.6;6.57775e-14;4.56876e-15;2.51618e-14;3.93077e-15;-9.990E+02;1.00107e-13;9.48051e-15;-9.990E+02;6.82512e-14;9.47934e-15;-9.990E+02
01:38:46.473;-00:40:21.049;2.65E+20;0.8;-999/-999;17176.0;9.71122e-15;3.69873e-15;4.28292e-15;3.26295e-15;-9.990E+02;9.41844e-15;5.90822e-15;-9.990E+02;1.43235e-14;8.98518e-15;-9.990E+02
01:38:37.830;-00:40:07.261;2.65E+20;0.8;-999/-999;17138.0;1.43976e-14;4.38368e-15;4.61647e-15;3.28712e-15;-9.990E+02;1.69171e-14;7.65094e-15;-9.990E+02;2.0583e-14;1.03427e-14;-9.990E+02
01:39:16.720;-00:37:15.841;2.67E+20;0.8;-999/-999;15367.0;1.32104e-14;4.24948e-15;9.99991e-15;5.00359e-15;-9.990E+02;1.95108e-14;8.46753e-15;-9.990E+02;1.88707e-14;-1.66835e-11;4.91133e-14
01:38:47.065;-00:29:43.173;2.62E+20;0.8;-999/-999;15398.6;2.04713e-14;5.33676e-15;1.20276e-14;5.39408e-15;-9.990E+02;1.76615e-14;7.92077e-15;-9.990E+02;2.68679e-14;1.20496e-14;-9.990E+02
01:39:27.202;-00:35:08.307;2.67E+20;0.8;-999/-999;16277.1;1.39136e-14;4.52364e-15;8.19407e-15;-7.98105e-12;1.8085e-14;1.59856e-14;7.72352e-15;-9.990E+02;3.03827e-14;1.33328e-14;-9.990E+02
01:38:19.342;-00:40:20.971;2.63E+20;0.8;-999/-999;13686.3;2.92808e-14;6.29694e-15;1.87723e-14;6.72318e-15;-9.990E+02;4.12916e-14;1.21608e-14;-9.990E+02;1.04769e-14;7.33116e-15;-9.990E+02
01:38:18.074;-00:39:44.700;2.63E+20;0.8;-999/-999;13325.9;1.83296e-14;5.20182e-15;9.2329e-15;4.97361e-15;-9.990E+02;2.03235e-14;8.89575e-15;-9.990E+02;2.06091e-14;1.11018e-14;-9.990E+02
01:39:27.265;-00:31:05.505;2.66E+20;0.8;-999/-999;17319.7;9.87986e-15;3.97387e-15;4.98273e-15;3.79993e-15;-9.990E+02;7.29755e-15;5.56527e-15;-9.990E+02;1.66509e-14;1.04129e-14;-9.990E+02
01:39:14.551;-00:47:11.060;2.69E+20;-0.338;+0.26/-0.19;7121.0;1.28467e-13;1.8255e-14;1.1944e-14;4.59581e-15;-9.990E+02;5.01471e-14;1.38199e-14;-9.990E+02;2.20113e-13;3.8111e-14;-9.990E+02
01:39:35.834;-00:34:06.296;2.67E+20;0.8;-999/-999;16398.1;4.43043e-14;7.95064e-15;2.88305e-14;8.58864e-15;-9.990E+02;4.21959e-14;1.25702e-14;-9.990E+02;4.58272e-14;1.61718e-14;-9.990E+02
01:38:54.791;-00:26:19.630;2.63E+20;0.756;+0.15/-0.12;14973.5;1.87258e-13;1.56167e-14;1.20753e-13;1.57879e-14;-9.990E+02;1.56247e-13;2.17843e-14;-9.990E+02;2.04142e-13;3.08284e-14;-9.990E+02
01:39:43.802;-00:35:44.707;2.68E+20;0.8;-999/-999;7297.5;8.10438e-14;1.15189e-14;4.77252e-14;1.20258e-14;-9.990E+02;1.04743e-13;2.13773e-14;-9.990E+02;5.30566e-14;1.89245e-14;-9.990E+02
02:43:02.976;+00:46:28.201;3.19E+20;1.130;+0.10/-0.09;9699.5;2.89673e-13;1.5474e-14;3.26131e-13;2.682e-14;-9.990E+02;3.59712e-13;3.17371e-14;-9.990E+02;2.7096e-13;3.30797e-14;-9.990E+02
02:43:00.611;+00:41:58.739;3.18E+20;0.8;-999/-999;13825.4;2.7328e-14;6.2775e-15;2.24194e-14;7.60909e-15;-9.990E+02;1.90416e-14;8.38014e-15;-9.990E+02;2.88003e-14;1.26749e-14;-9.990E+02
02:43:38.315;+00:44:33.142;3.33E+20;0.8;-999/-999;14522.4;3.95925e-14;7.2904e-15;3.40802e-14;9.11352e-15;-9.990E+02;4.2458e-14;1.19804e-14;-9.990E+02;1.60322e-14;9.04339e-15;-9.990E+02
02:43:27.736;+00:55:52.137;3.32E+20;0.390;+0.20/-0.16;4616.4;1.81656e-13;2.05557e-14;4.50328e-14;1.1381e-14;-9.990E+02;1.43152e-13;2.56518e-14;-9.990E+02;2.3118e-13;4.14258e-14;-9.990E+02
02:43:55.876;+00:42:56.572;3.34E+20;0.8;-999/-999;12981.2;6.0027e-14;9.95775e-15;1.03897e-14;5.42937e-15;-9.990E+02;2.18314e-14;9.29609e-15;-9.990E+02;1.75856e-13;3.19086e-14;-9.990E+02
02:44:00.696;+00:47:24.627;3.36E+20;0.8;-999/-999;12665.4;1.86933e-14;6.03462e-15;9.71634e-15;5.88699e-15;-9.990E+02;2.03901e-14;1.00164e-14;-9.990E+02;2.0525e-14;1.24358e-14;-9.990E+02
02:43:36.898;+00:31:31.234;3.16E+20;1.376;+0.26/-0.20;10115.9;1.05674e-13;1.18824e-14;1.23676e-13;2.31749e-14;-9.990E+02;2.33574e-13;3.65762e-14;-9.990E+02;8.93606e-14;2.60032e-14;-9.990E+02
21:29:39.956;+00:05:17.170;3.63E+20;0.641;+0.15/-0.12;1496.0;1.97231e-12;1.5996e-13;7.93357e-13;1.2577e-13;-9.990E+02;1.87272e-12;2.35904e-13;-9.990E+02;2.25551e-12;3.23098e-13;-9.990E+02
21:29:39.764;+00:06:56.591;3.64E+20;0.8;-999/-999;1496.5;7.32279e-14;3.39936e-14;1.34808e-13;6.258e-14;-9.990E+02;7.75599e-14;-8.59467e-11;1.22684e-12;9.08012e-14;-1.29377e-10;1.84678e-12
21:29:35.888;+00:06:05.516;3.64E+20;0.8;-999/-999;1492.2;7.42902e-14;3.39936e-14;9.11843e-14;5.18632e-14;-9.990E+02;6.26859e-14;4.9138e-14;-9.990E+02;9.215e-14;-1.29377e-10;6.21527e-13
21:29:39.827;-00:07:14.867;3.60E+20;0.8;-999/-999;1483.5;8.23439e-14;3.67796e-14;7.56744e-14;4.82746e-14;-9.990E+02;5.21597e-14;4.65712e-14;-9.990E+02;7.85497e-14;7.01337e-14;-9.990E+02
00:39:13.434;+00:51:50.888;1.98E+20;0.8;-999/-999;13400.2;2.72428e-14;6.15204e-15;1.3732e-14;5.66607e-15;-9.990E+02;2.52649e-14;9.64917e-15;-9.990E+02;3.86901e-14;1.47765e-14;-9.990E+02
00:39:22.317;+00:52:19.361;1.97E+20;0.8;-999/-999;14558.0;1.99465e-14;5.3476e-15;1.99202e-14;7.14542e-15;-9.990E+02;1.31018e-14;7.027e-15;-9.990E+02;1.33772e-14;9.04008e-15;-9.990E+02
00:38:59.171;+00:54:53.426;2.00E+20;0.8;-999/-999;13975.1;6.13924e-14;8.56576e-15;6.91954e-14;1.18555e-14;-9.990E+02;3.22342e-14;9.96797e-15;-9.990E+02;3.52637e-14;1.29151e-14;-9.990E+02
00:39:24.378;+00:56:07.973;1.96E+20;0.8;-999/-999;14524.1;1.14636e-14;4.27648e-15;1.12132e-14;5.58827e-15;-9.990E+02;4.30355e-15;4.14194e-15;-9.990E+02;1.31832e-14;9.06144e-15;-9.990E+02
00:39:01.748;+00:47:49.145;2.00E+20;0.8;-999/-999;13224.1;1.41201e-14;4.6844e-15;1.03793e-14;5.26427e-15;-9.990E+02;5.2968e-15;4.66765e-15;-9.990E+02;2.43289e-14;1.23393e-14;-9.990E+02
00:39:36.821;+00:51:17.410;1.95E+20;0.8;-999/-999;13383.0;3.8848e-14;7.21386e-15;1.66213e-14;6.17382e-15;-9.990E+02;6.38258e-14;1.50449e-14;-9.990E+02;1.95538e-14;1.05195e-14;-9.990E+02
00:39:41.237;+00:54:28.389;1.94E+20;0.8;-999/-999;14571.8;2.65344e-14;6.14284e-15;1.33541e-14;5.70947e-15;-9.990E+02;3.69494e-14;1.17697e-14;-9.990E+02;1.88701e-14;1.03901e-14;-9.990E+02
00:39:22.549;+00:59:50.418;1.96E+20;0.8;-999/-999;13734.2;1.73197e-14;5.07832e-15;1.34833e-14;5.9178e-15;-9.990E+02;1.65572e-14;7.97122e-15;-9.990E+02;1.26828e-14;8.80315e-15;-9.990E+02
00:39:20.769;+00:44:29.639;1.98E+20;0.8;-999/-999;13157.4;1.67175e-14;5.21586e-15;1.43187e-14;6.29869e-15;-9.990E+02;1.09774e-14;6.8521e-15;-9.990E+02;1.68106e-14;1.04931e-14;-9.990E+02
00:39:55.582;+00:52:56.895;1.92E+20;0.8;-999/-999;11489.0;1.94422e-14;5.73792e-15;4.74925e-15;3.64292e-15;-9.990E+02;1.46215e-14;7.98141e-15;-9.990E+02;4.48096e-14;1.75192e-14;-9.990E+02
00:39:40.118;+00:42:49.843;1.95E+20;0.8;-999/-999;10014.3;2.61569e-14;7.08027e-15;2.23812e-14;8.57704e-15;-9.990E+02;1.71912e-14;9.45268e-15;-9.990E+02;2.63336e-14;1.44797e-14;-9.990E+02
03:06:52.441;-00:47:40.010;6.05E+20;0.8;-999/-999;10278.3;4.47786e-14;9.1416e-15;1.95408e-14;8.52174e-15;-9.990E+02;2.32295e-14;1.01304e-14;-9.990E+02;9.09854e-14;2.46636e-14;-9.990E+02
03:06:43.276;-00:45:49.669;6.08E+20;0.8;-999/-999;11117.0;5.88459e-14;1.00643e-14;5.45266e-15;4.4299e-15;-9.990E+02;4.53021e-14;1.35574e-14;-9.990E+02;1.33017e-13;2.8434e-14;-9.990E+02
03:06:47.054;-00:44:18.781;6.09E+20;0.8;-999/-999;11779.7;3.86511e-14;8.38915e-15;7.88277e-15;5.49989e-15;-9.990E+02;1.87063e-14;9.05797e-15;-9.990E+02;9.61358e-14;2.50007e-14;-9.990E+02
03:06:51.872;-00:53:47.225;6.00E+20;1.108;+0.16/-0.14;10856.6;1.67694e-13;1.41216e-14;2.0198e-13;2.4903e-14;-9.990E+02;1.78136e-13;2.4771e-14;-9.990E+02;1.58749e-13;2.75158e-14;-9.990E+02
03:07:07.080;-00:41:04.716;6.08E+20;0.8;-999/-999;11988.1;2.45966e-14;7.16703e-15;2.7854e-14;1.10576e-14;-9.990E+02;1.32254e-14;8.20087e-15;-9.990E+02;1.94164e-14;1.20398e-14;-9.990E+02
03:07:40.072;-00:46:03.192;5.93E+20;0.8;-999/-999;7425.8;4.22571e-14;1.10843e-14;1.71244e-14;1.05558e-14;-9.990E+02;2.04974e-14;1.2635e-14;-9.990E+02;9.04255e-14;3.20171e-14;-9.990E+02
01:10:54.042;-01:11:38.758;4.55E+20;0.8;-999/-999;2095.7;4.94374e-14;2.18685e-14;3.78202e-14;2.69901e-14;-9.990E+02;4.91279e-14;3.50598e-14;-9.990E+02;3.66485e-14;3.65999e-14;-9.990E+02
01:11:03.693;-01:14:07.890;4.91E+20;0.8;-999/-999;2042.5;5.88381e-14;2.65302e-14;4.57157e-14;-5.14695e-11;1.25897e-13;9.68178e-14;5.30843e-14;-9.990E+02;7.19539e-14;5.52493e-14;-9.990E+02
01:10:14.066;-01:18:48.530;4.98E+20;0.8;-999/-999;1495.0;1.49325e-13;4.2833e-14;1.16317e-13;-8.33467e-11;6.41283e-13;1.22682e-13;6.07038e-14;-9.990E+02;3.64405e-13;1.25433e-13;-9.990E+02
22:41:50.717;+01:03:34.767;5.40E+20;0.8;-999/-999;10375.8;1.80656e-14;6.2811e-15;2.04589e-14;9.45283e-15;-9.990E+02;6.31647e-15;5.69434e-15;-9.990E+02;1.86706e-14;1.22054e-14;-9.990E+02
22:41:44.552;+01:03:43.334;5.40E+20;0.8;-999/-999;10984.5;1.64355e-14;5.83245e-15;1.22125e-14;7.06369e-15;-9.990E+02;5.02463e-15;5.02097e-15;-9.990E+02;2.97182e-14;1.48456e-14;-9.990E+02
22:41:41.201;+00:58:53.479;5.36E+20;0.8;-999/-999;11377.6;2.3841e-14;6.87148e-15;1.57283e-14;7.89521e-15;-9.990E+02;2.91974e-14;1.1943e-14;-9.990E+02;1.43903e-14;1.00354e-14;-9.990E+02
22:41:23.005;+01:06:09.274;5.41E+20;0.8;-999/-999;11434.0;3.18776e-14;8.22745e-15;1.40514e-14;7.74798e-15;-9.990E+02;5.20452e-14;1.63565e-14;-9.990E+02;1.2817e-14;1.00415e-14;-9.990E+02
22:42:24.227;+00:55:17.506;5.37E+20;0.8;-999/-999;10633.2;2.27716e-14;7.32158e-15;2.00493e-14;9.60758e-15;-9.990E+02;6.19716e-15;6.04351e-15;-9.990E+02;3.6669e-14;1.75717e-14;-9.990E+02
22:42:26.787;+01:11:46.356;5.50E+20;-1.296;+0.11/-0.11;2488.7;1.22471e-12;6.51196e-14;4.61602e-14;1.01752e-14;-9.990E+02;2.3435e-13;-1.12028e-10;8.19885e-13;3.41398e-12;1.8812e-13;-9.990E+02
21:54:43.187;-00:05:01.308;6.08E+20;0.864;+0.04/-0.04;46976.9;7.11623e-13;1.4517e-14;4.89459e-13;1.8631e-14;-9.990E+02;7.17524e-13;2.42233e-14;-9.990E+02;7.43651e-13;2.98099e-14;-9.990E+02
21:54:37.184;-00:02:29.000;6.05E+20;0.8;-999/-999;50664.0;1.4043e-14;2.59012e-15;1.07243e-14;3.16424e-15;-9.990E+02;1.27487e-14;3.76156e-15;-9.990E+02;1.2478e-14;4.60343e-15;-9.990E+02
21:54:36.586;-00:01:22.089;6.03E+20;0.8;-999/-999;52114.5;5.6949e-15;1.82724e-15;2.89685e-15;1.8321e-15;-9.990E+02;8.04482e-15;3.47638e-15;-9.990E+02;3.37609e-15;2.64606e-15;-9.990E+02
21:54:31.186;-00:09:46.795;6.36E+20;0.8;-999/-999;49399.9;6.68047e-15;1.99784e-15;6.88645e-15;2.74666e-15;-9.990E+02;6.70305e-15;3.04728e-15;-9.990E+02;1.96254e-15;1.9723e-15;-9.990E+02
21:54:11.545;-00:06:51.290;6.41E+20;0.8;-999/-999;48686.9;1.068e-14;2.46224e-15;9.08526e-15;3.39306e-15;-9.990E+02;9.06987e-15;3.45648e-15;-9.990E+02;8.8489e-15;4.33504e-15;-9.990E+02
21:54:56.261;-00:05:46.873;5.96E+20;0.8;-999/-999;50395.5;5.10315e-15;1.82364e-15;4.59984e-15;2.39395e-15;-9.990E+02;1.37446e-15;1.4824e-15;-9.990E+02;8.07918e-15;4.20475e-15;-9.990E+02
21:54:36.887;+00:01:08.144;5.95E+20;0.8;-999/-999;53002.8;7.39899e-15;1.97509e-15;2.64764e-15;1.65439e-15;-9.990E+02;7.38542e-15;2.91475e-15;-9.990E+02;1.08569e-14;4.28481e-15;-9.990E+02
21:54:35.171;-00:11:22.953;6.38E+20;0.8;-999/-999;51072.1;8.64131e-15;2.15264e-15;3.56701e-15;1.959e-15;-9.990E+02;8.32255e-15;3.29829e-15;-9.990E+02;1.2181e-14;4.82743e-15;-9.990E+02
21:54:55.480;-00:07:55.018;6.04E+20;0.8;-999/-999;51179.7;5.48164e-15;1.82772e-15;5.07176e-15;2.54549e-15;-9.990E+02;4.82681e-15;2.56164e-15;-9.990E+02;3.54512e-15;2.73655e-15;-9.990E+02
21:54:18.317;+00:00:19.165;6.14E+20;0.8;-999/-999;52243.1;8.51678e-15;2.13836e-15;7.6167e-15;2.97957e-15;-9.990E+02;5.14623e-15;2.58419e-15;-9.990E+02;9.44096e-15;4.13604e-15;-9.990E+02
21:54:21.406;-00:10:42.348;6.46E+20;0.8;-999/-999;51116.3;4.87572e-15;1.6951e-15;5.60641e-15;2.68419e-15;-9.990E+02;2.60474e-15;1.91807e-15;-9.990E+02;3.80916e-15;2.80498e-15;-9.990E+02
21:54:37.234;-00:11:38.410;6.38E+20;0.8;-999/-999;49064.5;1.19825e-14;2.46016e-15;8.24158e-15;2.90153e-15;-9.990E+02;9.61461e-15;3.38492e-15;-9.990E+02;1.40721e-14;4.95423e-15;-9.990E+02
21:54:27.879;+00:01:29.023;6.02E+20;0.8;-999/-999;51967.5;6.9493e-15;1.97899e-15;7.06462e-15;2.87476e-15;-9.990E+02;3.60613e-15;2.19089e-15;-9.990E+02;7.06181e-15;3.68796e-15;-9.990E+02
21:54:13.861;-00:09:45.794;6.48E+20;0.8;-999/-999;53269.4;4.5406e-15;1.69598e-15;1.88165e-15;1.59185e-15;-9.990E+02;2.18282e-15;1.84663e-15;-9.990E+02;9.57608e-15;4.5588e-15;-9.990E+02
21:54:12.032;-00:10:53.727;6.53E+20;0.8;-999/-999;53235.1;6.97425e-15;2.0072e-15;6.58212e-15;2.77873e-15;-9.990E+02;6.08985e-15;2.94627e-15;-9.990E+02;4.45237e-15;3.05297e-15;-9.990E+02
21:55:05.722;-00:04:09.502;5.80E+20;0.8;-999/-999;52007.2;1.46742e-14;2.72304e-15;8.15886e-15;2.83243e-15;-9.990E+02;1.35273e-14;4.05562e-15;-9.990E+02;1.81085e-14;5.65721e-15;-9.990E+02
21:54:11.314;-00:11:25.154;6.55E+20;0.8;-999/-999;51561.8;1.12786e-14;2.47168e-15;1.00457e-14;3.26829e-15;-9.990E+02;9.67093e-15;3.50743e-15;-9.990E+02;8.47688e-15;3.94197e-15;-9.990E+02
21:54:48.469;+00:02:30.741;5.82E+20;0.8;-999/-999;52549.7;1.02432e-14;2.42192e-15;8.50594e-15;3.18438e-15;-9.990E+02;5.85506e-15;2.81425e-15;-9.990E+02;1.29282e-14;5.2725e-15;-9.990E+02
21:54:10.051;+00:01:13.131;6.17E+20;0.8;-999/-999;48870.1;8.69372e-15;2.29305e-15;2.73669e-15;1.83426e-15;-9.990E+02;6.46275e-15;3.02161e-15;-9.990E+02;1.65862e-14;5.90973e-15;-9.990E+02
21:54:48.118;+00:03:14.799;5.80E+20;0.587;+0.21/-0.17;52420.3;3.98215e-14;4.56508e-15;1.5032e-14;3.64177e-15;-9.990E+02;3.47205e-14;6.18474e-15;-9.990E+02;4.67119e-14;9.00085e-15;-9.990E+02
21:54:27.491;-00:14:15.170;6.54E+20;0.8;-999/-999;53418.2;5.29575e-15;1.85328e-15;1.10013e-14;3.84996e-15;-9.990E+02;5.21143e-15;-4.44733e-12;7.64466e-15;6.70442e-15;-6.49846e-12;1.11704e-14
21:54:45.074;+00:04:31.149;5.79E+20;0.8;-999/-999;51882.3;1.85723e-14;3.0248e-15;1.32074e-14;3.65604e-15;-9.990E+02;1.59376e-14;4.4118e-15;-9.990E+02;1.95536e-14;5.63004e-15;-9.990E+02
21:54:25.476;+00:04:59.291;5.94E+20;0.8;-999/-999;32953.0;1.73458e-14;3.34158e-15;1.17237e-14;3.86993e-15;-9.990E+02;1.86986e-14;5.49872e-15;-9.990E+02;1.37482e-14;5.52851e-15;-9.990E+02
21:54:50.621;+00:04:19.836;5.75E+20;0.8;-999/-999;52012.5;6.31473e-15;1.96391e-15;3.8099e-15;2.07874e-15;-9.990E+02;6.82778e-15;-4.77357e-12;1.01645e-14;1.5839e-14;5.92745e-15;-9.990E+02
21:54:52.913;+00:04:04.745;5.74E+20;0.8;-999/-999;52167.0;5.79804e-15;1.96339e-15;9.71248e-16;1.12761e-15;-9.990E+02;8.23043e-15;3.63939e-15;-9.990E+02;6.92877e-15;4.02139e-15;-9.990E+02
21:54:13.077;+00:04:22.504;6.06E+20;1.220;+0.19/-0.15;22496.9;5.0538e-14;4.4583e-15;5.68972e-14;8.41847e-15;-9.990E+02;7.61922e-14;1.00618e-14;-9.990E+02;4.55904e-14;9.17649e-15;-9.990E+02
21:54:23.268;+00:05:30.747;5.94E+20;0.806;+0.19/-0.16;22999.5;5.91494e-14;5.8968e-15;3.01506e-14;5.91358e-15;-9.990E+02;6.48259e-14;9.64843e-15;-9.990E+02;6.34147e-14;1.14071e-14;-9.990E+02
21:55:06.013;-00:12:19.625;6.09E+20;0.8;-999/-999;51721.2;1.37399e-14;2.89807e-15;1.6481e-14;4.54799e-15;-9.990E+02;9.77375e-15;3.77446e-15;-9.990E+02;5.74107e-15;3.48309e-15;-9.990E+02
21:55:18.612;-00:02:54.526;5.66E+20;0.8;-999/-999;52464.8;1.09966e-14;2.56156e-15;4.13027e-15;2.25836e-15;-9.990E+02;1.33951e-14;4.49318e-15;-9.990E+02;1.23457e-14;5.1526e-15;-9.990E+02
21:54:58.607;-00:16:11.104;6.40E+20;0.8;-999/-999;44461.9;8.91253e-15;2.61545e-15;3.68307e-15;2.37699e-15;-9.990E+02;1.07279e-14;4.53259e-15;-9.990E+02;9.4177e-15;5.1586e-15;-9.990E+02
21:55:24.301;-00:05:11.177;5.66E+20;0.8;-999/-999;50968.8;1.7735e-14;3.31496e-15;4.63447e-15;2.41536e-15;-9.990E+02;2.06635e-14;5.62749e-15;-9.990E+02;2.49295e-14;7.57736e-15;-9.990E+02
21:55:19.832;-00:11:13.815;5.89E+20;0.8;-999/-999;50364.5;1.1175e-14;2.73006e-15;1.05478e-14;3.88716e-15;-9.990E+02;1.26546e-14;4.66357e-15;-9.990E+02;2.65901e-15;2.56264e-15;-9.990E+02
01:22:27.345;+00:37:21.592;3.28E+20;0.8;-999/-999;13098.3;2.24792e-14;6.01871e-15;4.07506e-15;3.49146e-15;-9.990E+02;2.2926e-14;9.51442e-15;-9.990E+02;4.32986e-14;1.62302e-14;-9.990E+02
01:22:06.318;+00:37:42.270;3.29E+20;0.8;-999/-999;12536.7;2.21232e-14;6.02086e-15;4.45647e-15;3.63882e-15;-9.990E+02;1.87918e-14;9.02651e-15;-9.990E+02;4.73166e-14;1.72766e-14;-9.990E+02
01:22:04.864;+00:41:38.944;3.27E+20;0.8;-999/-999;13020.5;3.41964e-14;7.13592e-15;2.06516e-14;7.38845e-15;-9.990E+02;2.32617e-14;9.31683e-15;-9.990E+02;5.27293e-14;1.73518e-14;-9.990E+02
01:22:02.826;+00:37:25.179;3.29E+20;0.8;-999/-999;13189.7;2.16051e-14;5.88084e-15;3.91814e-14;1.06651e-14;-9.990E+02;1.46908e-14;-1.49764e-11;4.5543e-14;3.32861e-14;-2.26257e-11;6.88045e-14
01:22:50.209;+00:42:41.939;3.24E+20;1.665;+0.04/-0.03;13639.3;2.03142e-12;3.09925e-14;5.02143e-12;1.12233e-13;-9.990E+02;4.92948e-12;1.16932e-13;-9.990E+02;1.51994e-12;7.08192e-14;-9.990E+02
01:21:53.488;+00:42:41.252;3.27E+20;0.8;-999/-999;12012.8;2.38704e-14;6.2964e-15;1.57252e-14;6.90163e-15;-9.990E+02;2.7665e-14;1.09047e-14;-9.990E+02;1.67209e-14;1.04822e-14;-9.990E+02
01:22:30.867;+00:48:09.512;3.22E+20;0.8;-999/-999;13307.7;4.11527e-14;8.3814e-15;9.70627e-15;5.37216e-15;-9.990E+02;4.5683e-14;1.40045e-14;-9.990E+02;6.90664e-14;2.11728e-14;-9.990E+02
01:22:19.316;+00:31:18.326;3.31E+20;0.8;-999/-999;13364.5;1.44594e-14;5.18407e-15;5.25171e-15;4.2446e-15;-9.990E+02;2.21126e-14;1.00995e-14;-9.990E+02;1.11353e-14;8.99992e-15;-9.990E+02
01:22:37.058;+00:48:14.946;3.22E+20;0.8;-999/-999;13028.6;1.74333e-14;5.5876e-15;1.35024e-14;6.51883e-15;-9.990E+02;1.27099e-14;7.59244e-15;-9.990E+02;1.92157e-14;1.14787e-14;-9.990E+02
01:22:44.736;+00:31:57.514;3.29E+20;0.8;-999/-999;13614.1;3.61112e-14;7.98114e-15;4.91101e-14;1.25949e-14;-9.990E+02;2.30106e-14;1.03043e-14;-9.990E+02;3.97189e-14;-3.07032e-11;7.66771e-14
01:22:20.171;+00:49:26.190;3.22E+20;0.8;-999/-999;13347.7;1.64415e-14;5.5876e-15;1.27422e-14;6.51883e-15;-9.990E+02;1.79915e-14;9.20436e-15;-9.990E+02;9.06867e-15;8.00113e-15;-9.990E+02
01:22:34.945;+00:49:02.092;3.22E+20;0.8;-999/-999;13427.9;1.64834e-14;5.5876e-15;1.98646e-14;8.17064e-15;-9.990E+02;1.40294e-14;8.18086e-15;-9.990E+02;9.09024e-15;-2.15448e-11;4.66319e-14
01:23:08.988;+00:33:09.108;3.28E+20;1.347;+0.10/-0.09;2974.3;5.02884e-13;2.46996e-14;5.26043e-13;4.60287e-14;-9.990E+02;1.11566e-12;7.55081e-14;-9.990E+02;4.29219e-13;5.30356e-14;-9.990E+02
01:52:13.587;+00:20:02.354;2.93E+20;0.8;-999/-999;4368.4;3.837e-14;1.30021e-14;4.89574e-14;2.0487e-14;-9.990E+02;1.40877e-14;1.29682e-14;-9.990E+02;2.13628e-14;1.96652e-14;-9.990E+02
01:52:16.056;+00:05:52.713;3.00E+20;0.8;-999/-999;3369.6;6.71482e-14;1.80245e-14;8.59008e-14;-3.22594e-11;1.58888e-13;3.44521e-14;2.08079e-14;-9.990E+02;2.08855e-13;6.30607e-14;-9.990E+02
01:52:39.141;+00:09:32.866;3.00E+20;0.8;-999/-999;1720.3;1.71787e-13;3.0503e-14;2.30683e-13;4.78054e-14;-9.990E+02;1.10157e-13;3.91259e-14;-9.990E+02;5.34075e-13;-1.18468e-10;1.10168e-12
22:59:14.080;-00:42:49.392;4.18E+20;1.038;+0.25/-0.19;3608.6;2.36266e-13;2.93425e-14;1.48156e-13;3.66896e-14;-9.990E+02;3.67172e-13;6.31155e-14;-9.990E+02;2.29404e-13;5.77044e-14;-9.990E+02
22:58:41.032;-00:42:58.165;4.24E+20;0.8;-999/-999;4174.5;4.38946e-14;1.58829e-14;4.14413e-14;1.99927e-14;-9.990E+02;3.65663e-14;2.20589e-14;-9.990E+02;2.73687e-14;2.37613e-14;-9.990E+02
03:23:43.627;-01:11:47.838;5.68E+20;0.8;-999/-999;7902.1;1.77306e-13;1.96001e-14;2.03233e-13;3.05666e-14;-9.990E+02;1.67466e-13;3.18226e-14;-9.990E+02;2.59913e-14;1.44625e-14;-9.990E+02
03:23:50.381;-01:12:04.021;5.69E+20;0.8;-999/-999;7711.1;3.95725e-14;1.04059e-14;1.44377e-14;8.9464e-15;-9.990E+02;4.38093e-14;1.69839e-14;-9.990E+02;5.1648e-14;2.2571e-14;-9.990E+02
03:23:56.695;-01:08:29.477;5.73E+20;0.766;+0.07/-0.07;7646.8;1.2347e-12;5.26592e-14;7.85899e-13;5.68362e-14;-9.990E+02;1.06836e-12;7.30537e-14;-9.990E+02;1.34306e-12;1.03173e-13;-9.990E+02
03:23:16.062;-01:06:02.172;5.65E+20;0.8;-999/-999;8205.2;1.58624e-14;6.7788e-15;1.0406e-14;-1.35649e-11;4.20584e-14;2.31822e-14;1.27546e-14;-9.990E+02;2.27912e-14;1.54142e-14;-9.990E+02
03:23:50.391;-01:03:34.730;5.76E+20;0.8;-999/-999;8133.2;2.07927e-14;7.85772e-15;1.67313e-14;1.0006e-14;-9.990E+02;1.01105e-14;8.46766e-15;-9.990E+02;2.97894e-14;1.78152e-14;-9.990E+02
03:23:49.444;-01:02:04.907;5.77E+20;0.8;-999/-999;7759.5;3.3646e-14;9.82475e-15;3.38934e-14;1.44367e-14;-9.990E+02;2.04621e-14;1.24235e-14;-9.990E+02;3.01364e-14;1.82973e-14;-9.990E+02
03:24:05.911;-01:12:27.743;5.71E+20;0.8;-999/-999;7904.8;3.26698e-14;9.8085e-15;3.27824e-14;1.39492e-14;-9.990E+02;2.65007e-14;1.36783e-14;-9.990E+02;1.95297e-14;1.42955e-14;-9.990E+02
03:23:49.997;-01:00:56.274;5.79E+20;0.8;-999/-999;6929.3;6.32032e-14;1.33091e-14;5.3043e-14;1.69793e-14;-9.990E+02;6.40079e-14;2.04891e-14;-9.990E+02;3.7705e-14;1.90555e-14;-9.990E+02
03:23:53.061;-01:16:46.967;5.66E+20;0.8;-999/-999;7625.2;3.52742e-14;1.03969e-14;4.70995e-14;1.7291e-14;-9.990E+02;1.43239e-14;1.06383e-14;-9.990E+02;2.11192e-14;1.56851e-14;-9.990E+02
03:22:56.447;-01:08:11.321;5.57E+20;0.8;-999/-999;6007.9;3.70465e-14;1.09712e-14;2.9591e-14;1.4335e-14;-9.990E+02;3.61676e-14;1.75209e-14;-9.990E+02;2.66743e-14;1.83186e-14;-9.990E+02
03:22:56.840;-01:15:57.641;5.33E+20;0.8;-999/-999;5560.9;6.09347e-14;1.44763e-14;4.51584e-14;1.75236e-14;-9.990E+02;5.59825e-14;2.17239e-14;-9.990E+02;5.5232e-14;2.62366e-14;-9.990E+02
03:24:32.316;-01:12:03.537;5.75E+20;1.022;+0.15/-0.12;1970.4;3.86033e-13;3.7797e-14;3.676e-13;-9.5883e-11;2.15313e-12;7.36869e-13;8.5914e-14;-9.990E+02;5.19779e-13;8.52397e-14;-9.990E+02
22:28:41.562;+00:22:18.979;4.69E+20;0.8;-999/-999;5957.9;2.84348e-14;9.95656e-15;2.73523e-14;1.34113e-14;-9.990E+02;3.52303e-14;1.7274e-14;-9.990E+02;0;-3.67107e-11;8.65753e-14
22:29:09.388;+00:14:52.606;4.74E+20;0.8;-999/-999;6320.9;6.3935e-14;1.4664e-14;1.37002e-14;9.2381e-15;-9.990E+02;1.75927e-14;1.18628e-14;-9.990E+02;1.8327e-13;4.68417e-14;-9.990E+02
22:29:09.781;+00:25:24.995;4.80E+20;0.650;+0.14/-0.12;3030.0;7.3966e-13;5.74525e-14;3.29408e-13;4.89453e-14;-9.990E+02;6.62559e-13;8.14044e-14;-9.990E+02;8.43628e-13;1.12334e-13;-9.990E+02
03:48:58.139;-01:01:00.215;9.67E+20;0.8;-999/-999;71689.0;7.13805e-15;1.83755e-15;3.36143e-15;1.93071e-15;-9.990E+02;7.40067e-15;2.83327e-15;-9.990E+02;8.14826e-15;3.54853e-15;-9.990E+02
03:48:57.291;-01:01:52.411;9.66E+20;0.8;-999/-999;68565.3;9.6465e-15;2.17113e-15;2.96192e-15;1.80569e-15;-9.990E+02;9.66643e-15;3.2351e-15;-9.990E+02;1.36819e-14;4.57896e-15;-9.990E+02
03:48:34.733;-00:57:39.958;9.55E+20;0.8;-999/-999;66956.1;1.36995e-14;2.4987e-15;1.2182e-14;3.44533e-15;-9.990E+02;9.81143e-15;3.15365e-15;-9.990E+02;1.39026e-14;4.46866e-15;-9.990E+02
03:48:46.881;-00:54:26.923;9.67E+20;0.8;-999/-999;67585.5;1.6989e-14;2.50575e-15;6.85268e-15;2.49128e-15;-9.990E+02;1.9e-14;4.16793e-15;-9.990E+02;1.89817e-14;4.99299e-15;-9.990E+02
03:48:51.215;-00:54:10.552;9.71E+20;0.8;-999/-999;69778.8;5.15645e-15;1.63856e-15;3.31617e-15;2.02977e-15;-9.990E+02;5.39427e-15;2.55352e-15;-9.990E+02;4.58038e-15;2.80357e-15;-9.990E+02
03:49:00.586;-00:54:47.731;9.74E+20;0.662;+0.16/-0.14;70212.7;4.46166e-14;4.02116e-15;2.35464e-14;4.01605e-15;-9.990E+02;3.58052e-14;5.07334e-15;-9.990E+02;5.07638e-14;7.35756e-15;-9.990E+02
03:48:49.261;-01:04:35.731;9.62E+20;0.8;-999/-999;70436.7;1.86549e-14;2.83662e-15;1.52942e-14;3.94905e-15;-9.990E+02;1.40005e-14;3.63245e-15;-9.990E+02;1.98242e-14;5.14339e-15;-9.990E+02
03:48:55.991;-01:04:37.308;9.63E+20;0.705;+0.19/-0.16;67994.0;3.80909e-14;3.90676e-15;2.25863e-14;4.54855e-15;-9.990E+02;3.05728e-14;5.32661e-15;-9.990E+02;4.26698e-14;7.16094e-15;-9.990E+02
03:48:32.460;-00:53:59.342;9.56E+20;0.8;-999/-999;68281.0;2.08275e-14;2.83254e-15;1.58933e-14;3.93425e-15;-9.990E+02;1.67543e-14;3.87051e-15;-9.990E+02;2.21531e-14;5.48382e-15;-9.990E+02
03:48:24.596;-00:57:10.274;9.48E+20;0.8;-999/-999;69662.2;1.22238e-14;2.32834e-15;2.95637e-15;1.78121e-15;-9.990E+02;7.78368e-15;2.93222e-15;-9.990E+02;2.48346e-14;6.23453e-15;-9.990E+02
03:48:32.401;-01:03:05.659;9.49E+20;0.8;-999/-999;70433.4;6.99335e-15;1.82985e-15;1.48672e-15;1.25294e-15;-9.990E+02;7.339e-15;2.77623e-15;-9.990E+02;1.04056e-14;3.93626e-15;-9.990E+02
03:48:27.926;-00:54:59.317;9.52E+20;0.8;-999/-999;67747.8;7.65263e-15;1.99764e-15;2.10761e-15;1.65046e-15;-9.990E+02;9.35094e-15;3.52524e-15;-9.990E+02;8.83244e-15;3.84391e-15;-9.990E+02
03:48:48.114;-01:05:07.849;9.61E+20;0.8;-999/-999;70404.7;6.22072e-15;1.83502e-15;5.22024e-15;2.61522e-15;-9.990E+02;6.14559e-15;2.82013e-15;-9.990E+02;4.35369e-15;2.83584e-15;-9.990E+02
03:48:34.711;-01:03:59.589;9.51E+20;0.8;-999/-999;70454.6;5.96152e-15;1.83073e-15;5.97836e-15;2.76524e-15;-9.990E+02;3.92965e-15;2.22795e-15;-9.990E+02;5.57054e-15;3.15827e-15;-9.990E+02
03:48:26.666;-01:01:54.142;9.46E+20;0.8;-999/-999;70153.7;6.15254e-15;1.82864e-15;9.57837e-16;1.0945e-15;-9.990E+02;8.52664e-15;3.16726e-15;-9.990E+02;6.71901e-15;3.4439e-15;-9.990E+02
03:48:42.430;-01:05:46.814;9.56E+20;0.8;-999/-999;66476.6;1.41127e-14;2.4993e-15;8.27091e-15;2.90087e-15;-9.990E+02;1.30221e-14;3.45924e-15;-9.990E+02;1.61411e-14;4.90113e-15;-9.990E+02
03:48:45.627;-01:06:05.838;9.58E+20;0.8;-999/-999;65503.6;5.58778e-15;1.8337e-15;2.62208e-15;1.93634e-15;-9.990E+02;2.57697e-15;1.90303e-15;-9.990E+02;1.09517e-14;4.70689e-15;-9.990E+02
03:49:18.866;-01:02:34.655;9.71E+20;0.8;-999/-999;55049.2;1.06557e-14;2.3408e-15;4.57063e-15;2.36182e-15;-9.990E+02;6.69182e-15;2.84499e-15;-9.990E+02;1.89338e-14;5.50692e-15;-9.990E+02
03:49:20.494;-00:55:02.978;9.81E+20;0.8;-999/-999;42507.9;1.53848e-14;2.68144e-15;3.03528e-15;1.85196e-15;-9.990E+02;1.47446e-14;4.11307e-15;-9.990E+02;2.50059e-14;6.17247e-15;-9.990E+02
03:48:26.519;-00:52:47.221;9.53E+20;0.593;+0.09/-0.08;67172.3;1.34405e-13;7.01409e-15;6.36888e-14;6.62555e-15;-9.990E+02;1.01559e-13;8.72452e-15;-9.990E+02;1.57652e-13;1.2829e-14;-9.990E+02
03:48:19.316;-01:02:49.328;9.40E+20;0.8;-999/-999;70044.9;1.71146e-14;2.822e-15;1.18554e-14;3.54077e-15;-9.990E+02;1.49658e-14;4.01287e-15;-9.990E+02;1.82006e-14;5.33987e-15;-9.990E+02
03:49:09.418;-00:50:44.199;9.80E+20;0.8;-999/-999;45853.1;1.52454e-14;2.6808e-15;6.55943e-15;2.68247e-15;-9.990E+02;2.23208e-14;4.76404e-15;-9.990E+02;9.01066e-15;3.68489e-15;-9.990E+02
03:48:57.480;-01:07:24.751;9.59E+20;0.8;-999/-999;57809.2;1.34426e-14;2.5011e-15;8.30614e-15;3.06333e-15;-9.990E+02;9.78912e-15;3.25971e-15;-9.990E+02;1.84892e-14;5.32782e-15;-9.990E+02
03:48:30.728;-00:50:34.620;9.58E+20;0.8;-999/-999;54518.4;1.51214e-14;2.6672e-15;1.86788e-15;1.46027e-15;-9.990E+02;1.10145e-14;3.58807e-15;-9.990E+02;3.1205e-14;6.89996e-15;-9.990E+02
03:48:13.033;-01:00:14.707;9.37E+20;0.8;-999/-999;65319.1;1.19291e-14;2.32246e-15;1.19025e-14;3.64836e-15;-9.990E+02;7.88093e-15;2.95295e-15;-9.990E+02;1.11876e-14;4.19196e-15;-9.990E+02
03:48:21.981;-00:52:00.272;9.50E+20;0.8;-999/-999;57181.6;6.40934e-15;1.83029e-15;6.81542e-15;2.85422e-15;-9.990E+02;5.3811e-15;2.58185e-15;-9.990E+02;3.81273e-15;2.52875e-15;-9.990E+02
03:49:06.092;-01:07:35.692;9.60E+20;1.082;+0.17/-0.14;35090.5;5.19306e-14;4.32192e-15;6.97994e-14;8.68681e-15;-9.990E+02;4.54342e-14;6.78319e-15;-9.990E+02;4.97099e-14;8.25062e-15;-9.990E+02
03:48:19.519;-00:50:57.285;9.49E+20;0.8;-999/-999;43036.8;1.32781e-14;2.6616e-15;7.76424e-15;3.2364e-15;-9.990E+02;1.5327e-14;4.42414e-15;-9.990E+02;1.08684e-14;4.53032e-15;-9.990E+02
03:48:47.693;-00:47:31.295;9.75E+20;0.705;+0.25/-0.19;35689.1;3.28128e-14;4.09492e-15;2.02392e-14;4.68211e-15;-9.990E+02;2.55336e-14;5.51249e-15;-9.990E+02;3.67434e-14;7.93259e-15;-9.990E+02
03:48:15.100;-00:51:42.436;9.45E+20;0.8;-999/-999;41642.6;1.85479e-14;2.9916e-15;6.65825e-15;2.74362e-15;-9.990E+02;1.31741e-14;3.70156e-15;-9.990E+02;3.27015e-14;7.00201e-15;-9.990E+02
03:48:08.891;-01:02:17.234;9.17E+20;0.8;-999/-999;50711.5;9.04803e-15;2.31154e-15;9.28628e-15;3.65161e-15;-9.990E+02;2.32965e-15;1.77603e-15;-9.990E+02;1.32577e-14;5.21327e-15;-9.990E+02
03:48:57.899;-01:09:37.823;9.56E+20;0.923;+0.12/-0.11;24558.5;1.01133e-13;6.5661e-15;1.09196e-13;1.1041e-14;-9.990E+02;7.46855e-14;8.81228e-15;-9.990E+02;1.03319e-13;1.21908e-14;-9.990E+02
03:49:24.391;-01:05:58.440;9.69E+20;0.386;+0.16/-0.14;31293.7;7.25079e-14;6.56084e-15;1.1879e-14;3.4777e-15;-9.990E+02;6.10159e-14;8.30307e-15;-9.990E+02;9.25309e-14;1.25916e-14;-9.990E+02
03:48:10.209;-00:52:59.820;9.41E+20;0.8;-999/-999;36000.7;1.94765e-14;3.3208e-15;1.81638e-14;4.80317e-15;-9.990E+02;1.35055e-14;4.23199e-15;-9.990E+02;1.91643e-14;6.00517e-15;-9.990E+02
03:48:06.875;-01:03:01.871;9.16E+20;0.8;-999/-999;38412.5;1.87189e-14;3.3014e-15;1.29568e-14;4.23258e-15;-9.990E+02;1.30109e-14;4.25024e-15;-9.990E+02;2.46808e-14;6.85186e-15;-9.990E+02
03:48:23.176;-00:48:37.460;9.54E+20;0.402;+0.21/-0.17;29542.5;4.8427e-14;5.65785e-15;3.54828e-14;6.03588e-15;-9.990E+02;1.01418e-14;3.44971e-15;-9.990E+02;6.14505e-14;1.04532e-14;-9.990E+02
03:48:18.796;-01:07:30.101;9.24E+20;0.8;-999/-999;43225.0;1.3199e-14;2.81146e-15;1.11126e-14;3.90589e-15;-9.990E+02;5.55617e-15;2.86424e-15;-9.990E+02;1.97472e-14;6.29211e-15;-9.990E+02
03:48:31.292;-01:09:39.710;9.33E+20;0.8;-999/-999;40019.1;2.33514e-14;3.48033e-15;1.08521e-14;3.67578e-15;-9.990E+02;1.80007e-14;4.63434e-15;-9.990E+02;3.57984e-14;7.62132e-15;-9.990E+02
01:51:05.539;-00:34:24.296;2.60E+20;0.8;-999/-999;930.6;1.94322e-13;5.88025e-14;1.14067e-13;6.05486e-14;-9.990E+02;3.3545e-13;1.23511e-13;-9.990E+02;0;-2.314e-10;8.44049e-13
01:50:56.866;-00:35:08.142;2.60E+20;0.8;-999/-999;955.7;8.09423e-14;3.829e-14;4.75e-14;4.00849e-14;-9.990E+02;1.39688e-13;8.30484e-14;-9.990E+02;0;-1.50658e-10;7.02925e-13
23:40:23.779;-00:53:29.524;3.40E+20;0.8;-999/-999;4902.6;7.5577e-14;1.68636e-14;6.88545e-14;2.21927e-14;-9.990E+02;3.60596e-14;1.85838e-14;-9.990E+02;9.06597e-14;3.59565e-14;-9.990E+02
23:40:12.264;-00:45:43.912;3.43E+20;0.8;-999/-999;5003.1;2.57004e-14;1.01282e-14;2.34527e-14;1.29557e-14;-9.990E+02;3.26693e-14;1.80471e-14;-9.990E+02;3.08017e-14;-3.87947e-11;3.2533e-13
23:40:19.615;-00:59:07.197;3.39E+20;0.8;-999/-999;5261.8;1.12258e-13;2.1072e-14;1.39014e-13;3.27002e-14;-9.990E+02;2.28447e-14;1.5287e-14;-9.990E+02;1.03386e-13;3.8949e-14;-9.990E+02
23:40:34.700;-00:44:32.769;3.41E+20;0.8;-999/-999;5111.9;2.63166e-14;1.05435e-14;2.39808e-14;1.32948e-14;-9.990E+02;1.67241e-14;1.3182e-14;-9.990E+02;2.52353e-14;1.98905e-14;-9.990E+02
00:27:49.295;-01:07:05.687;2.38E+20;0.8;-999/-999;61495.8;8.50369e-15;1.89966e-15;2.69522e-15;1.40795e-15;-9.990E+02;8.04647e-15;2.96579e-15;-9.990E+02;1.53404e-14;5.18258e-15;-9.990E+02
00:27:47.341;-01:07:00.093;2.38E+20;0.840;+0.26/-0.19;59948.6;1.97306e-14;2.622e-15;1.39517e-14;2.93532e-15;-9.990E+02;1.86301e-14;4.06104e-15;-9.990E+02;2.07791e-14;5.3266e-15;-9.990E+02
00:27:59.234;-01:05:20.767;2.39E+20;0.8;-999/-999;59641.7;2.03866e-14;2.7146e-15;1.0458e-14;2.65238e-15;-9.990E+02;2.70313e-14;5.08493e-15;-9.990E+02;1.58523e-14;4.73845e-15;-9.990E+02
00:27:40.107;-01:05:27.921;2.38E+20;0.8;-999/-999;61539.8;6.34215e-15;1.62828e-15;3.31755e-15;1.57122e-15;-9.990E+02;3.29944e-15;1.89246e-15;-9.990E+02;1.25836e-14;4.73836e-15;-9.990E+02
00:27:38.498;-01:04:53.882;2.38E+20;0.8;-999/-999;60275.5;9.2432e-15;1.89966e-15;3.86653e-15;1.65641e-15;-9.990E+02;8.65728e-15;2.88352e-15;-9.990E+02;1.46674e-14;4.71144e-15;-9.990E+02
00:27:28.133;-01:08:30.456;2.38E+20;0.8;-999/-999;60285.3;7.46702e-15;1.76397e-15;5.69805e-15;2.10482e-15;-9.990E+02;7.28383e-15;2.89906e-15;-9.990E+02;5.5568e-15;3.05786e-15;-9.990E+02
00:27:30.383;-01:06:33.451;2.38E+20;0.8;-999/-999;60321.2;4.90926e-15;1.49259e-15;3.95172e-15;1.83743e-15;-9.990E+02;3.92967e-15;2.17032e-15;-9.990E+02;4.49444e-15;2.85702e-15;-9.990E+02
00:28:14.216;-01:07:56.270;2.38E+20;0.8;-999/-999;58070.4;5.24713e-15;1.49259e-15;3.05016e-15;1.50686e-15;-9.990E+02;5.46199e-15;2.45278e-15;-9.990E+02;5.55142e-15;3.0864e-15;-9.990E+02
00:28:09.616;-01:13:38.067;2.38E+20;0.8;-999/-999;54086.5;9.6842e-15;2.03535e-15;6.14055e-15;2.12967e-15;-9.990E+02;4.57932e-15;2.33026e-15;-9.990E+02;1.74673e-14;5.49219e-15;-9.990E+02
00:28:10.831;-01:04:59.002;2.39E+20;0.8;-999/-999;51714.3;1.04784e-14;2.03595e-15;6.09575e-15;2.09917e-15;-9.990E+02;1.09043e-14;3.37053e-15;-9.990E+02;1.10815e-14;4.03845e-15;-9.990E+02
00:27:25.139;-01:05:13.337;2.39E+20;0.8;-999/-999;59332.7;5.19439e-15;1.49303e-15;2.4724e-15;1.38398e-15;-9.990E+02;1.2285e-15;1.18966e-15;-9.990E+02;1.31115e-14;4.81222e-15;-9.990E+02
00:27:43.666;-01:02:05.451;2.39E+20;0.8;-999/-999;52092.0;5.99791e-15;1.62876e-15;1.04651e-15;8.68419e-16;-9.990E+02;1.09255e-14;3.5312e-15;-9.990E+02;4.75837e-15;2.79999e-15;-9.990E+02
00:28:14.530;-01:04:41.778;2.39E+20;0.935;+0.25/-0.19;38260.2;2.2438e-14;2.77012e-15;2.12874e-14;3.78345e-15;-9.990E+02;1.91199e-14;4.40127e-15;-9.990E+02;2.27359e-14;5.77346e-15;-9.990E+02
00:28:08.323;-01:15:36.408;2.38E+20;0.8;-999/-999;54541.1;5.99478e-15;1.76397e-15;8.71035e-16;8.74348e-16;-9.990E+02;3.89789e-15;2.24658e-15;-9.990E+02;1.58574e-14;5.5245e-15;-9.990E+02
00:28:24.831;-01:08:53.343;2.39E+20;0.636;+0.16/-0.13;22331.3;6.16215e-14;5.41625e-15;2.40086e-14;4.14653e-15;-9.990E+02;6.00064e-14;8.20481e-15;-9.990E+02;7.0643e-14;1.11805e-14;-9.990E+02
00:27:47.551;-01:00:56.967;2.39E+20;0.8;-999/-999;34883.7;1.74685e-14;2.57887e-15;1.77828e-14;3.41258e-15;-9.990E+02;1.89414e-14;4.39634e-15;-9.990E+02;2.18938e-14;-1.022e-11;3.81822e-14
00:27:16.289;-01:07:15.089;2.39E+20;0.8;-999/-999;60461.5;1.2403e-14;2.17168e-15;1.08203e-14;2.67843e-15;-9.990E+02;8.06526e-15;2.82496e-15;-9.990E+02;1.22984e-14;4.30768e-15;-9.990E+02
00:27:23.892;-01:15:22.428;2.38E+20;0.8;-999/-999;61868.4;5.67184e-15;1.62828e-15;5.39516e-15;2.12967e-15;-9.990E+02;1.34167e-15;1.29753e-15;-9.990E+02;8.18444e-15;3.91722e-15;-9.990E+02
00:27:14.525;-01:11:57.139;2.39E+20;0.8;-999/-999;58826.3;1.1875e-14;2.30741e-15;9.4207e-15;2.68317e-15;-9.990E+02;9.83086e-15;3.50189e-15;-9.990E+02;1.071e-14;4.57691e-15;-9.990E+02
00:28:01.208;-01:18:32.029;2.38E+20;0.8;-999/-999;54425.0;1.16992e-14;2.17104e-15;3.88546e-15;1.60175e-15;-9.990E+02;8.69611e-15;3.0417e-15;-9.990E+02;2.4311e-14;6.29448e-15;-9.990E+02
00:27:17.916;-01:04:21.307;2.39E+20;0.8;-999/-999;40031.6;1.06073e-14;2.30741e-15;1.00956e-14;2.89868e-15;-9.990E+02;1.00357e-14;3.60182e-15;-9.990E+02;3.82576e-15;2.74615e-15;-9.990E+02
00:28:20.777;-01:15:19.853;2.39E+20;0.8;-999/-999;55451.1;6.56119e-15;1.76449e-15;3.43389e-15;1.7205e-15;-9.990E+02;3.41538e-15;2.10636e-15;-9.990E+02;1.30146e-14;4.94091e-15;-9.990E+02
00:27:53.492;-01:19:10.550;2.38E+20;0.8;-999/-999;53446.3;6.78993e-15;1.76397e-15;1.82134e-15;1.23048e-15;-9.990E+02;8.15592e-15;3.21294e-15;-9.990E+02;1.03598e-14;4.5499e-15;-9.990E+02
00:28:29.669;-01:13:00.037;2.39E+20;0.8;-999/-999;33634.4;1.15805e-14;2.44314e-15;1.01027e-14;2.98393e-15;-9.990E+02;1.2052e-14;4.02557e-15;-9.990E+02;4.59414e-15;3.03691e-15;-9.990E+02
00:28:04.105;-01:19:34.193;2.38E+20;0.8;-999/-999;53222.7;1.03233e-14;2.17104e-15;1.38476e-15;1.06365e-15;-9.990E+02;6.19991e-15;2.69004e-15;-9.990E+02;2.83655e-14;7.38215e-15;-9.990E+02
00:27:12.326;-01:04:36.715;2.39E+20;0.361;+0.28/-0.21;27147.0;2.83031e-14;4.27708e-15;9.83321e-15;2.75166e-15;-9.990E+02;1.66696e-14;4.6647e-15;-9.990E+02;3.63757e-14;8.77581e-15;-9.990E+02
00:28:09.616;-01:19:05.946;2.39E+20;0.8;-999/-999;50515.8;6.06713e-15;1.76449e-15;3.84833e-15;1.75934e-15;-9.990E+02;2.86981e-15;1.9238e-15;-9.990E+02;1.09415e-14;4.66683e-15;-9.990E+02
00:28:19.068;-01:18:11.646;2.39E+20;0.8;-999/-999;41019.1;1.65455e-14;2.85033e-15;4.81218e-15;1.95376e-15;-9.990E+02;1.07631e-14;3.70776e-15;-9.990E+02;3.83007e-14;8.48075e-15;-9.990E+02
00:27:59.516;-01:20:33.474;2.38E+20;0.8;-999/-999;49256.9;1.51159e-14;2.57811e-15;1.64742e-15;1.12399e-15;-9.990E+02;1.72051e-14;4.38513e-15;-9.990E+02;2.99863e-14;7.08062e-15;-9.990E+02
00:27:22.090;-01:18:47.833;2.38E+20;0.878;+0.23/-0.18;48357.8;2.86016e-14;3.42306e-15;2.58642e-14;4.38514e-15;-9.990E+02;2.15816e-14;5.01222e-15;-9.990E+02;2.97296e-14;7.11612e-15;-9.990E+02
21:04:42.727;+01:08:08.285;7.06E+20;0.8;-999/-999;2661.6;1.27528e-13;3.1322e-14;7.72976e-14;3.55915e-14;-9.990E+02;4.34078e-14;2.93255e-14;-9.990E+02;2.52452e-13;8.1366e-14;-9.990E+02
21:04:24.341;+01:11:53.956;7.04E+20;0.8;-999/-999;2754.7;5.96692e-14;2.19142e-14;1.26513e-13;4.64632e-14;-9.990E+02;2.03217e-14;-5.22037e-11;1.87844e-13;1.18193e-13;-7.58846e-11;2.73054e-13
21:04:31.349;+01:07:08.527;6.99E+20;0.8;-999/-999;2548.8;8.14896e-14;2.65744e-14;1.50897e-13;5.37832e-14;-9.990E+02;2.77721e-14;-6.33235e-11;1.60509e-13;3.53415e-14;3.3275e-14;-9.990E+02
21:05:15.292;+01:16:46.879;7.34E+20;0.8;-999/-999;1009.3;6.53168e-13;7.8885e-14;1.40176e-12;1.69295e-13;-9.990E+02;2.21462e-13;-1.87048e-10;1.0238e-12;2.80837e-13;-2.71069e-10;1.48369e-12
21:05:23.175;+01:08:11.385;7.24E+20;0.8;-999/-999;2666.0;1.30876e-13;3.46192e-14;7.99504e-14;3.93193e-14;-9.990E+02;1.77776e-13;6.1715e-14;-9.990E+02;6.44597e-14;4.47637e-14;-9.990E+02
22:54:04.297;+00:54:21.907;5.20E+20;0.765;+0.21/-0.17;8489.4;1.73456e-13;1.98497e-14;1.217e-13;2.21633e-14;-9.990E+02;1.35651e-13;2.68776e-14;-9.990E+02;1.88816e-13;3.8402e-14;-9.990E+02
22:54:33.522;+01:00:24.133;5.08E+20;0.8;-999/-999;9123.4;2.4904e-14;7.85195e-15;1.94806e-14;9.7736e-15;-9.990E+02;2.45107e-14;1.22973e-14;-9.990E+02;1.818e-14;1.27401e-14;-9.990E+02
22:53:59.393;+00:52:38.267;5.22E+20;0.8;-999/-999;8719.2;4.12065e-14;1.01157e-14;1.87104e-14;9.28642e-15;-9.990E+02;4.67065e-14;1.63491e-14;-9.990E+02;4.61038e-14;1.99202e-14;-9.990E+02
22:53:51.870;+00:59:25.194;5.21E+20;0.8;-999/-999;8421.1;3.2763e-14;9.22064e-15;8.05435e-15;6.52771e-15;-9.990E+02;5.02798e-14;1.81109e-14;-9.990E+02;2.9796e-14;1.67667e-14;-9.990E+02
22:54:51.751;+00:46:25.936;5.06E+20;0.294;+0.10/-0.09;1616.6;1.02214e-12;6.73134e-14;1.59018e-13;-8.36976e-11;2.09384e-12;9.4664e-13;9.04315e-14;-9.990E+02;1.52231e-12;1.45425e-13;-9.990E+02
22:53:35.003;+01:03:41.270;5.23E+20;0.8;-999/-999;3978.8;1.96876e-13;2.52977e-14;1.54904e-13;3.14553e-14;-9.990E+02;2.89875e-13;4.90125e-14;-9.990E+02;3.57684e-13;-9.18414e-11;9.44917e-13
22:53:31.668;+00:48:24.788;5.32E+20;0.315;+0.12/-0.11;3584.8;8.88817e-13;6.49216e-14;2.27497e-13;3.73968e-14;-9.990E+02;5.9691e-13;7.26739e-14;-9.990E+02;1.16666e-12;1.30773e-13;-9.990E+02
02:55:42.612;-00:10:46.202;5.89E+20;0.8;-999/-999;17684.7;3.50964e-14;5.91513e-15;1.41987e-14;5.41809e-15;-9.990E+02;3.40732e-14;8.93698e-15;-9.990E+02;5.01211e-14;1.31462e-14;-9.990E+02
02:55:41.938;-00:11:32.348;5.89E+20;0.8;-999/-999;18713.7;1.43647e-14;3.94342e-15;8.71312e-15;4.32895e-15;-9.990E+02;6.97144e-15;4.37647e-15;-9.990E+02;2.56318e-14;1.00545e-14;-9.990E+02
02:55:12.212;-00:11:01.194;5.81E+20;-1.723;+0.13/-0.13;18058.3;1.33629e-12;3.63726e-14;5.47578e-14;5.73695e-15;-9.990E+02;1.32465e-13;1.59383e-14;-9.990E+02;3.90965e-12;1.13967e-13;-9.990E+02
02:55:10.626;-00:07:13.077;5.83E+20;0.8;-999/-999;18393.7;1.8366e-14;4.39089e-15;2.22327e-14;6.82837e-15;-9.990E+02;1.78429e-14;6.6649e-15;-9.990E+02;5.80911e-14;-1.56841e-11;4.35007e-14
02:55:51.504;-00:07:39.660;5.92E+20;0.8;-999/-999;18458.0;3.81473e-14;6.072e-15;2.20803e-14;6.49006e-15;-9.990E+02;3.96573e-14;9.61422e-15;-9.990E+02;3.88877e-14;1.14302e-14;-9.990E+02
02:55:23.622;-00:18:11.590;5.83E+20;0.8;-999/-999;18185.3;1.8896e-14;4.5423e-15;1.08948e-14;-9.15643e-12;2.52665e-14;1.83616e-14;6.87088e-15;-9.990E+02;4.05393e-14;1.25657e-14;-9.990E+02
02:55:28.846;-00:02:21.121;5.93E+20;0.597;+0.27/-0.21;16670.5;4.17001e-14;7.17459e-15;1.9892e-14;-1.19644e-11;3.54902e-14;4.79829e-14;1.12608e-14;-9.990E+02;6.26868e-14;1.60649e-14;-9.990E+02
02:55:43.877;-00:17:24.811;5.88E+20;0.8;-999/-999;18290.1;1.19712e-14;3.79075e-15;3.45527e-15;2.8519e-15;-9.990E+02;8.2993e-15;4.92069e-15;-9.990E+02;2.44185e-14;1.00706e-14;-9.990E+02
02:55:26.551;-00:18:43.307;5.83E+20;0.8;-999/-999;18181.3;1.90171e-14;4.69371e-15;1.27891e-14;5.5238e-15;-9.990E+02;2.0528e-14;7.60284e-15;-9.990E+02;1.51048e-14;8.03964e-15;-9.990E+02
02:55:16.981;-00:18:26.213;5.81E+20;0.8;-999/-999;17640.5;4.59135e-14;6.96118e-15;5.65961e-14;1.09165e-14;-9.990E+02;2.48004e-14;7.98731e-15;-9.990E+02;2.73825e-14;1.00316e-14;-9.990E+02
02:56:03.862;-00:10:35.514;5.95E+20;0.194;+0.25/-0.19;14800.6;3.69427e-14;8.0216e-15;2.71816e-14;-9.64139e-12;3.26336e-14;1.45417e-14;6.75438e-15;-9.990E+02;8.22027e-14;2.03027e-14;-9.990E+02
02:55:23.200;-00:00:33.190;5.93E+20;-0.375;+0.23/-0.18;10528.5;8.04561e-14;1.2879e-14;1.37909e-14;4.92378e-15;-9.990E+02;2.79105e-14;-2.00825e-11;1.65547e-13;1.71215e-13;3.1105e-14;-9.990E+02
02:55:07.888;-00:19:01.460;5.78E+20;0.8;-999/-999;17599.9;1.46951e-14;4.2336e-15;8.45181e-15;4.53341e-15;-9.990E+02;2.04171e-14;7.66467e-15;-9.990E+02;7.51935e-15;5.80327e-15;-9.990E+02
02:54:47.953;-00:04:20.163;5.80E+20;0.904;+0.17/-0.15;7416.8;8.72072e-14;1.05959e-14;1.11709e-13;1.82129e-14;-9.990E+02;1.30301e-13;-2.76789e-11;2.15139e-13;1.41077e-13;2.66631e-14;-9.990E+02
01:05:47.591;-00:36:27.013;3.78E+20;0.8;-999/-999;9868.3;1.4727e-14;5.83389e-15;4.54801e-15;4.41363e-15;-9.990E+02;1.23891e-14;8.50112e-15;-9.990E+02;2.79372e-14;1.55794e-14;-9.990E+02
01:05:23.795;-00:25:37.110;3.63E+20;0.8;-999/-999;9098.3;2.21321e-14;7.08e-15;1.35773e-14;7.56898e-15;-9.990E+02;3.73411e-14;1.47716e-14;-9.990E+02;4.21735e-14;-2.69485e-11;9.27957e-14
01:05:57.944;-00:23:34.825;3.64E+20;0.8;-999/-999;8359.4;1.83282e-14;6.65708e-15;5.62438e-15;5.07159e-15;-9.990E+02;2.31927e-14;1.20032e-14;-9.990E+02;2.32749e-14;1.45724e-14;-9.990E+02
01:05:44.874;-00:22:34.393;3.62E+20;0.8;-999/-999;7716.5;4.35408e-14;9.9085e-15;1.60219e-14;8.16978e-15;-9.990E+02;8.82184e-14;2.21979e-14;-9.990E+02;5.53527e-14;-3.77272e-11;2.19684e-13
01:05:04.955;-00:31:04.770;3.68E+20;0.8;-999/-999;5928.9;5.65476e-14;1.14882e-14;2.08518e-14;9.62953e-15;-9.990E+02;5.71577e-14;1.87466e-14;-9.990E+02;8.60059e-14;2.82082e-14;-9.990E+02
01:06:20.284;-00:29:50.662;3.71E+20;0.8;-999/-999;8358.3;5.95422e-14;1.14996e-14;2.53706e-14;1.04533e-14;-9.990E+02;5.78583e-14;1.8326e-14;-9.990E+02;8.70343e-14;2.75671e-14;-9.990E+02
01:05:56.881;-00:41:44.686;3.89E+20;0.8;-999/-999;9269.4;4.44394e-14;1.04244e-14;5.90319e-14;1.64104e-14;-9.990E+02;1.59784e-14;9.80275e-15;-9.990E+02;2.3991e-14;1.47184e-14;-9.990E+02
01:05:48.107;-00:44:45.075;3.90E+20;0.8;-999/-999;8999.3;3.38674e-14;1.01416e-14;4.50118e-14;-1.88582e-11;1.04301e-13;6.39209e-14;2.21422e-14;-9.990E+02;3.19958e-14;1.89287e-14;-9.990E+02
02:39:12.144;+01:08:46.772;2.78E+20;0.8;-999/-999;6662.4;6.90527e-14;1.33482e-14;7.35136e-14;1.82185e-14;-9.990E+02;7.12003e-14;2.17042e-14;-9.990E+02;0;-5.22088e-11;1.19126e-13
02:39:23.410;+01:05:37.422;2.87E+20;-0.093;+0.16/-0.14;7334.2;1.54975e-13;2.52439e-14;7.98933e-14;-2.1669e-11;5.17768e-14;2.9936e-14;1.41409e-14;-9.990E+02;3.85054e-13;6.689e-14;-9.990E+02
02:38:47.269;+01:05:15.117;2.74E+20;0.523;+0.23/-0.18;6889.4;1.02675e-13;1.86373e-14;8.34098e-14;-2.52111e-11;3.98697e-14;9.54713e-14;2.72682e-14;-9.990E+02;1.97643e-13;4.67707e-14;-9.990E+02
02:39:04.341;+01:02:09.147;2.79E+20;0.8;-999/-999;7474.5;3.85145e-14;1.03238e-14;2.6291e-14;1.11272e-14;-9.990E+02;3.81765e-14;1.61576e-14;-9.990E+02;3.48011e-14;1.9052e-14;-9.990E+02
02:38:33.130;+01:09:18.544;2.69E+20;0.8;-999/-999;7676.0;4.72448e-14;1.13859e-14;5.00902e-14;1.59314e-14;-9.990E+02;3.66429e-14;1.6422e-14;-9.990E+02;1.85532e-14;1.45344e-14;-9.990E+02
02:39:46.019;+01:09:11.640;2.91E+20;0.8;-999/-999;7755.5;3.56193e-14;1.00901e-14;2.27014e-14;1.04419e-14;-9.990E+02;2.61544e-14;1.34876e-14;-9.990E+02;4.96057e-14;2.2817e-14;-9.990E+02
02:39:27.024;+01:00:28.094;2.86E+20;0.8;-999/-999;6714.2;7.54253e-14;1.51789e-14;3.83737e-14;1.45633e-14;-9.990E+02;8.31644e-14;2.60395e-14;-9.990E+02;8.41699e-14;3.19436e-14;-9.990E+02
02:38:43.656;+01:18:52.723;2.66E+20;0.8;-999/-999;6727.3;3.94372e-14;1.10994e-14;2.32035e-14;1.12668e-14;-9.990E+02;3.39832e-14;1.6501e-14;-9.990E+02;5.16765e-14;2.50922e-14;-9.990E+02
02:38:24.064;+01:06:53.731;2.68E+20;0.8;-999/-999;6639.4;3.64492e-14;1.09704e-14;4.83066e-14;1.67281e-14;-9.990E+02;2.35494e-14;1.43224e-14;-9.990E+02;4.77342e-14;-4.30529e-11;2.36813e-13
22:42:20.242;+00:35:41.285;5.25E+20;0.8;-999/-999;1941.9;1.19574e-13;2.68002e-14;2.35541e-13;5.27922e-14;-9.990E+02;0;-6.56827e-11;6.4806e-13;0;-9.7252e-11;9.59539e-13
22:42:40.333;+00:50:19.774;5.36E+20;0.8;-999/-999;3503.8;3.16686e-14;1.46392e-14;6.26651e-14;-2.89383e-11;1.03575e-13;1.93869e-14;1.79237e-14;-9.990E+02;8.60174e-14;4.67794e-14;-9.990E+02
22:41:58.526;+00:48:30.940;5.31E+20;0.8;-999/-999;3417.4;3.48736e-14;1.4916e-14;1.14782e-14;1.20378e-14;-9.990E+02;5.69924e-14;3.01997e-14;-9.990E+02;2.10804e-14;2.21082e-14;-9.990E+02
01:38:46.473;-00:40:21.049;2.65E+20;0.8;-999/-999;17176.0;9.71122e-15;3.69873e-15;4.28292e-15;3.26295e-15;-9.990E+02;9.41844e-15;5.90822e-15;-9.990E+02;1.43235e-14;8.98518e-15;-9.990E+02
01:38:37.830;-00:40:07.261;2.65E+20;0.8;-999/-999;17138.0;1.43976e-14;4.38368e-15;4.61647e-15;3.28712e-15;-9.990E+02;1.69171e-14;7.65094e-15;-9.990E+02;2.0583e-14;1.03427e-14;-9.990E+02
01:39:16.720;-00:37:15.841;2.67E+20;0.8;-999/-999;15367.0;1.32104e-14;4.24948e-15;9.99991e-15;5.00359e-15;-9.990E+02;1.95108e-14;8.46753e-15;-9.990E+02;1.88707e-14;-1.66835e-11;4.91133e-14
01:38:47.065;-00:29:43.173;2.62E+20;0.8;-999/-999;15398.6;2.04713e-14;5.33676e-15;1.20276e-14;5.39408e-15;-9.990E+02;1.76615e-14;7.92077e-15;-9.990E+02;2.68679e-14;1.20496e-14;-9.990E+02
01:39:27.202;-00:35:08.307;2.67E+20;0.8;-999/-999;16277.1;1.39136e-14;4.52364e-15;8.19407e-15;-7.98105e-12;1.8085e-14;1.59856e-14;7.72352e-15;-9.990E+02;3.03827e-14;1.33328e-14;-9.990E+02
01:38:19.342;-00:40:20.971;2.63E+20;0.8;-999/-999;13686.3;2.92808e-14;6.29694e-15;1.87723e-14;6.72318e-15;-9.990E+02;4.12916e-14;1.21608e-14;-9.990E+02;1.04769e-14;7.33116e-15;-9.990E+02
01:38:18.074;-00:39:44.700;2.63E+20;0.8;-999/-999;13325.9;1.83296e-14;5.20182e-15;9.2329e-15;4.97361e-15;-9.990E+02;2.03235e-14;8.89575e-15;-9.990E+02;2.06091e-14;1.11018e-14;-9.990E+02
01:39:27.265;-00:31:05.505;2.66E+20;0.8;-999/-999;17319.7;9.87986e-15;3.97387e-15;4.98273e-15;3.79993e-15;-9.990E+02;7.29755e-15;5.56527e-15;-9.990E+02;1.66509e-14;1.04129e-14;-9.990E+02
01:39:14.551;-00:47:11.060;2.69E+20;-0.338;+0.26/-0.19;7121.0;1.28467e-13;1.8255e-14;1.1944e-14;4.59581e-15;-9.990E+02;5.01471e-14;1.38199e-14;-9.990E+02;2.20113e-13;3.8111e-14;-9.990E+02
01:39:35.834;-00:34:06.296;2.67E+20;0.8;-999/-999;16398.1;4.43043e-14;7.95064e-15;2.88305e-14;8.58864e-15;-9.990E+02;4.21959e-14;1.25702e-14;-9.990E+02;4.58272e-14;1.61718e-14;-9.990E+02
01:38:54.791;-00:26:19.630;2.63E+20;0.756;+0.15/-0.12;14973.5;1.87258e-13;1.56167e-14;1.20753e-13;1.57879e-14;-9.990E+02;1.56247e-13;2.17843e-14;-9.990E+02;2.04142e-13;3.08284e-14;-9.990E+02
01:39:43.802;-00:35:44.707;2.68E+20;0.8;-999/-999;7297.5;8.10438e-14;1.15189e-14;4.77252e-14;1.20258e-14;-9.990E+02;1.04743e-13;2.13773e-14;-9.990E+02;5.30566e-14;1.89245e-14;-9.990E+02
03:33:24.637;+01:00:46.951;7.51E+20;0.8;-999/-999;5843.2;2.28989e-14;9.82514e-15;8.24571e-15;8.58814e-15;-9.990E+02;1.80706e-14;1.33316e-14;-9.990E+02;3.92079e-14;2.38244e-14;-9.990E+02
03:34:06.198;+01:01:24.665;7.36E+20;0.8;-999/-999;5702.1;6.38503e-14;1.5785e-14;4.57026e-14;1.89862e-14;-9.990E+02;6.73084e-14;2.42228e-14;-9.990E+02;4.8777e-14;2.49637e-14;-9.990E+02
03:33:26.447;+01:08:42.039;7.58E+20;0.8;-999/-999;5693.2;6.01663e-14;1.55575e-14;3.26131e-14;1.66471e-14;-9.990E+02;5.34004e-14;2.20812e-14;-9.990E+02;7.71975e-14;3.19213e-14;-9.990E+02
03:33:49.186;+00:52:05.753;7.36E+20;0.8;-999/-999;5892.6;4.55397e-14;1.42065e-14;1.39752e-14;1.11171e-14;-9.990E+02;6.17649e-14;2.40805e-14;-9.990E+02;4.47177e-14;2.54684e-14;-9.990E+02
03:33:05.766;+00:57:36.276;7.57E+20;0.8;-999/-999;5943.9;7.25463e-14;1.74581e-14;6.5492e-14;2.52101e-14;-9.990E+02;8.5837e-14;2.98289e-14;-9.990E+02;2.06779e-14;1.72524e-14;-9.990E+02
03:10:48.506;+01:22:01.831;6.12E+20;0.8;-999/-999;46278.5;1.19823e-14;2.2899e-15;1.00751e-14;2.95333e-15;-9.990E+02;8.52229e-15;2.91397e-15;-9.990E+02;1.25065e-14;4.27625e-15;-9.990E+02
03:10:50.513;+01:23:33.285;6.11E+20;0.8;-999/-999;33726.1;1.23996e-14;2.59437e-15;6.32677e-15;2.774e-15;-9.990E+02;7.4952e-15;3.2863e-15;-9.990E+02;2.20064e-14;6.57539e-15;-9.990E+02
03:10:44.224;+01:19:33.153;6.12E+20;0.8;-999/-999;52181.5;9.97328e-15;2.13724e-15;1.38876e-14;3.6753e-15;-9.990E+02;6.57718e-15;2.6652e-15;-9.990E+02;1.60867e-15;1.59621e-15;-9.990E+02
03:10:43.344;+01:16:47.285;6.12E+20;0.8;-999/-999;56751.9;6.2499e-15;1.83192e-15;3.64724e-15;1.96889e-15;-9.990E+02;7.55527e-15;3.26349e-15;-9.990E+02;4.75343e-15;3.04456e-15;-9.990E+02
03:11:02.134;+01:21:20.418;6.14E+20;0.8;-999/-999;56173.7;9.73259e-15;2.13836e-15;4.73547e-15;2.00313e-15;-9.990E+02;1.12006e-14;3.44546e-15;-9.990E+02;9.86345e-15;4.10733e-15;-9.990E+02
03:10:37.550;+01:16:32.945;6.11E+20;0.8;-999/-999;56128.7;8.37676e-15;2.13654e-15;1.55412e-15;1.30834e-15;-9.990E+02;7.36604e-15;3.03904e-15;-9.990E+02;1.62164e-14;5.80086e-15;-9.990E+02
03:11:07.231;+01:19:39.465;6.16E+20;0.8;-999/-999;56712.2;1.20338e-14;2.44528e-15;7.83351e-15;2.9174e-15;-9.990E+02;1.45415e-14;4.18372e-15;-9.990E+02;7.75671e-15;3.61131e-15;-9.990E+02
03:10:26.788;+01:14:58.303;6.01E+20;0.8;-999/-999;50245.5;8.30044e-15;2.13066e-15;6.49058e-15;2.68131e-15;-9.990E+02;6.18528e-15;2.94888e-15;-9.990E+02;9.08704e-15;4.33232e-15;-9.990E+02
03:10:58.551;+01:16:16.400;6.15E+20;0.8;-999/-999;56300.3;4.87215e-15;1.68058e-15;1.99292e-15;1.56779e-15;-9.990E+02;5.88537e-15;3.04606e-15;-9.990E+02;5.18369e-15;3.35125e-15;-9.990E+02
03:11:01.187;+01:16:20.728;6.16E+20;0.8;-999/-999;57661.7;1.48062e-14;2.59811e-15;2.14468e-14;4.46379e-15;-9.990E+02;8.93978e-15;3.26426e-15;-9.990E+02;2.18618e-15;1.87851e-15;-9.990E+02
03:10:06.918;+01:25:09.378;5.95E+20;1.079;+0.22/-0.17;24498.6;3.20675e-14;3.4974e-15;2.01781e-14;4.54976e-15;-9.990E+02;5.15148e-14;7.58692e-15;-9.990E+02;3.06992e-14;6.92208e-15;-9.990E+02
03:10:49.516;+01:13:56.870;6.14E+20;0.8;-999/-999;56520.7;1.20512e-14;2.44384e-15;7.03609e-15;2.70549e-15;-9.990E+02;1.38697e-14;4.1827e-15;-9.990E+02;1.01722e-14;4.3332e-15;-9.990E+02
03:10:18.323;+01:14:59.837;5.99E+20;-0.065;+0.25/-0.19;31972.3;4.24458e-14;5.69424e-15;5.39341e-15;2.03296e-15;-9.990E+02;2.1778e-14;5.05026e-15;-9.990E+02;6.50764e-14;1.13157e-14;-9.990E+02
03:11:12.700;+01:26:13.967;6.14E+20;0.8;-999/-999;28270.7;1.9902e-14;3.36028e-15;2.03435e-14;4.84784e-15;-9.990E+02;1.44345e-14;4.5371e-15;-9.990E+02;1.41208e-14;5.25725e-15;-9.990E+02
03:10:33.046;+01:12:39.297;6.04E+20;0.8;-999/-999;48012.1;1.33835e-14;2.58927e-15;1.02179e-14;3.2427e-15;-9.990E+02;4.05245e-15;2.21797e-15;-9.990E+02;2.3802e-14;6.37428e-15;-9.990E+02
03:10:28.580;+01:12:16.037;6.03E+20;0.8;-999/-999;37641.9;1.52148e-14;3.0454e-15;8.8445e-15;3.3984e-15;-9.990E+02;2.10485e-14;5.70732e-15;-9.990E+02;7.72806e-15;4.19276e-15;-9.990E+02
03:10:11.322;+01:30:14.653;6.03E+20;-0.041;+0.18/-0.14;20775.4;7.59212e-14;7.54496e-15;1.74187e-14;3.6362e-15;-9.990E+02;2.78277e-14;5.80911e-15;-9.990E+02;1.15158e-13;1.55734e-14;-9.990E+02
03:10:18.559;+01:31:55.314;6.05E+20;0.138;+0.22/-0.17;24684.8;5.22531e-14;6.21796e-15;1.82111e-14;3.97351e-15;-9.990E+02;1.81434e-14;4.85881e-15;-9.990E+02;7.36955e-14;1.27104e-14;-9.990E+02
03:10:47.296;+01:11:50.265;6.15E+20;0.8;-999/-999;44984.3;9.04763e-15;2.44448e-15;3.3611e-15;2.15129e-15;-9.990E+02;5.9629e-15;3.08225e-15;-9.990E+02;1.74956e-14;6.40784e-15;-9.990E+02
03:11:19.068;+01:18:54.421;6.18E+20;0.8;-999/-999;55118.7;2.13309e-14;3.21111e-15;1.34317e-14;3.44322e-15;-9.990E+02;3.16939e-14;5.9096e-15;-9.990E+02;5.81233e-15;3.08763e-15;-9.990E+02
03:11:12.797;+01:14:51.582;6.18E+20;0.8;-999/-999;49178.7;9.61498e-15;2.44656e-15;3.93466e-15;2.21806e-15;-9.990E+02;1.39356e-14;4.50238e-15;-9.990E+02;6.80904e-15;3.83842e-15;-9.990E+02
03:11:27.175;+01:18:09.580;6.20E+20;0.8;-999/-999;46157.1;1.22155e-14;2.907e-15;1.13751e-14;4.04977e-15;-9.990E+02;8.04619e-15;3.64997e-15;-9.990E+02;1.17982e-14;5.352e-15;-9.990E+02
03:11:28.821;+01:18:27.243;6.20E+20;0.8;-999/-999;45002.5;8.95815e-15;2.601e-15;4.58577e-15;2.66433e-15;-9.990E+02;8.11268e-15;3.99723e-15;-9.990E+02;1.18957e-14;5.86119e-15;-9.990E+02
03:11:23.921;+01:13:13.110;6.21E+20;-0.235;+0.14/-0.12;30168.9;5.00247e-14;7.66568e-15;1.16672e-14;-7.14664e-12;3.08526e-14;2.98312e-14;-1.21786e-11;5.25762e-14;1.33647e-13;2.04798e-14;-9.990E+02
03:11:30.249;+01:30:37.805;6.26E+20;1.126;+0.10/-0.09;7280.6;2.32628e-13;1.1684e-14;7.51549e-14;1.12393e-14;-9.990E+02;4.7711e-13;3.04243e-14;-9.990E+02;2.18218e-13;2.31438e-14;-9.990E+02
03:10:37.581;+01:07:03.856;6.11E+20;0.8;-999/-999;27828.4;3.6367e-14;5.34135e-15;4.12439e-14;8.05876e-15;-9.990E+02;1.9548e-14;6.17773e-15;-9.990E+02;2.86901e-14;9.06689e-15;-9.990E+02
03:11:24.580;+01:06:57.057;6.23E+20;0.866;+0.18/-0.15;27472.3;1.19719e-13;1.15016e-14;1.12504e-13;1.62977e-14;-9.990E+02;8.63539e-14;1.54143e-14;-9.990E+02;1.25002e-13;2.2313e-14;-9.990E+02
21:53:05.392;-00:42:31.413;7.51E+20;0.856;+0.06/-0.05;4436.6;3.39443e-12;1.06456e-13;2.2561e-12;1.30111e-13;-9.990E+02;3.42835e-12;1.67234e-13;-9.990E+02;3.55682e-12;2.04576e-13;-9.990E+02
21:52:59.451;-00:35:30.173;7.38E+20;0.8;-999/-999;4946.7;3.47762e-14;1.26344e-14;1.86923e-14;1.35796e-14;-9.990E+02;3.09386e-14;1.82342e-14;-9.990E+02;4.4817e-14;2.64137e-14;-9.990E+02
21:53:17.800;-00:36:42.070;7.42E+20;0.8;-999/-999;4567.5;4.33668e-14;1.4229e-14;4.67015e-14;2.09748e-14;-9.990E+02;2.57089e-14;1.63496e-14;-9.990E+02;3.72211e-14;2.36743e-14;-9.990E+02
21:53:24.087;-00:41:57.358;7.54E+20;0.8;-999/-999;4429.8;4.87506e-14;1.52246e-14;5.2736e-14;2.27825e-14;-9.990E+02;2.88532e-14;1.77165e-14;-9.990E+02;4.17289e-14;2.56225e-14;-9.990E+02
21:52:39.255;-00:44:54.687;7.40E+20;0.8;-999/-999;4951.9;4.7245e-14;1.48529e-14;3.38818e-14;1.77517e-14;-9.990E+02;2.4894e-14;1.64398e-14;-9.990E+02;7.21288e-14;3.40129e-14;-9.990E+02
21:52:22.537;-00:40:40.739;7.32E+20;0.8;-999/-999;4947.1;3.42503e-14;1.34036e-14;2.75483e-14;1.7563e-14;-9.990E+02;4.06577e-14;2.12161e-14;-9.990E+02;1.47332e-14;1.58891e-14;-9.990E+02
03:04:17.848;-01:05:43.562;5.92E+20;0.8;-999/-999;31894.3;1.97644e-14;3.795e-15;5.00205e-15;2.64214e-15;-9.990E+02;1.59807e-14;5.46438e-15;-9.990E+02;3.81892e-14;1.01524e-14;-9.990E+02
03:04:00.240;-01:06:50.281;5.96E+20;0.8;-999/-999;29855.2;9.25193e-15;2.88743e-15;2.34493e-15;-5.85153e-12;1.23967e-14;1.12101e-14;5.09115e-15;-9.990E+02;1.64778e-14;7.48353e-15;-9.990E+02
03:03:57.259;-01:09:06.129;5.93E+20;0.8;-999/-999;29593.1;3.16435e-14;4.85888e-15;2.1367e-14;5.80554e-15;-9.990E+02;3.32502e-14;7.85499e-15;-9.990E+02;2.63263e-14;8.44152e-15;-9.990E+02
03:03:49.076;-01:06:13.505;6.03E+20;-0.458;+0.13/-0.11;29851.2;2.23124e-13;1.50226e-14;1.55328e-14;3.53817e-15;-9.990E+02;8.27783e-14;1.13563e-14;-9.990E+02;4.01763e-13;3.29152e-14;-9.990E+02
03:04:36.222;-01:04:07.621;5.92E+20;0.8;-999/-999;29110.1;1.10677e-14;3.036e-15;1.12123e-14;4.215e-15;-9.990E+02;8.95511e-15;4.20875e-15;-9.990E+02;6.58415e-15;4.33168e-15;-9.990E+02
03:04:28.217;-01:00:56.694;5.96E+20;0.8;-999/-999;30279.1;1.25588e-14;3.19137e-15;1.1885e-14;4.37478e-15;-9.990E+02;6.0858e-15;3.5546e-15;-9.990E+02;1.49129e-14;6.76334e-15;-9.990E+02
03:04:41.862;-01:03:15.762;5.92E+20;0.8;-999/-999;22269.0;6.48186e-14;6.831e-15;4.23345e-15;2.39803e-15;-9.990E+02;2.02889e-14;5.96516e-15;-9.990E+02;1.93951e-13;2.20916e-14;-9.990E+02
03:03:52.955;-01:14:12.750;5.86E+20;0.8;-999/-999;29252.0;1.22732e-14;3.33388e-15;4.13316e-15;2.80657e-15;-9.990E+02;1.9873e-14;6.74452e-15;-9.990E+02;7.30904e-15;4.96311e-15;-9.990E+02
03:03:36.478;-01:01:58.114;6.17E+20;0.8;-999/-999;29900.6;1.45685e-14;3.51601e-15;7.94825e-15;3.68791e-15;-9.990E+02;1.64228e-14;5.87926e-15;-9.990E+02;1.37641e-14;6.38641e-15;-9.990E+02
03:03:29.123;-01:05:06.935;6.14E+20;0.8;-999/-999;29938.2;2.12003e-14;4.42946e-15;4.81351e-15;3.08601e-15;-9.990E+02;3.13056e-14;8.51675e-15;-9.990E+02;2.08752e-14;8.21141e-15;-9.990E+02
03:03:49.075;-00:56:19.354;6.10E+20;0.8;-999/-999;27578.1;1.90255e-14;4.27196e-15;5.97385e-15;3.32157e-15;-9.990E+02;2.47857e-14;7.62723e-15;-9.990E+02;2.07874e-14;8.30303e-15;-9.990E+02
03:04:23.315;-01:16:52.880;5.77E+20;-0.470;+0.14/-0.12;12295.1;2.64472e-13;1.93268e-14;1.72627e-14;4.45832e-15;-9.990E+02;9.85741e-14;1.48512e-14;-9.990E+02;4.78813e-13;4.26266e-14;-9.990E+02
03:05:00.318;-01:05:55.735;5.87E+20;1.626;+0.25/-0.19;9333.7;5.08429e-14;4.78296e-15;6.74566e-14;1.32012e-14;-9.990E+02;1.58218e-13;1.95263e-14;-9.990E+02;3.86634e-14;1.07687e-14;-9.990E+02
03:05:00.123;-01:09:21.380;5.84E+20;-0.039;+0.07/-0.07;6452.5;4.43342e-13;2.58577e-14;1.13598e-13;-2.64837e-11;2.30835e-13;2.2534e-13;2.33455e-14;-9.990E+02;8.40698e-13;5.66474e-14;-9.990E+02
03:04:33.711;-00:54:07.009;6.02E+20;0.808;+0.01/-0.01;2462.4;1.11077e-11;9.68384e-14;6.50779e-12;1.04627e-13;-9.990E+02;1.12046e-11;1.49775e-13;-9.990E+02;1.1905e-11;1.86924e-13;-9.990E+02
03:03:17.122;-01:03:46.078;6.22E+20;0.8;-999/-999;21667.3;2.2166e-14;5.20472e-15;7.57706e-15;4.31899e-15;-9.990E+02;3.56698e-14;1.01692e-14;-9.990E+02;1.30771e-14;7.45407e-15;-9.990E+02
00:37:02.010;-01:15:32.995;2.35E+20;0.8;-999/-999;4823.5;2.9873e-14;1.11143e-14;3.12085e-14;1.50117e-14;-9.990E+02;1.55545e-14;1.29956e-14;-9.990E+02;2.37282e-14;1.98246e-14;-9.990E+02
00:36:59.879;-01:13:28.450;2.34E+20;0.8;-999/-999;4596.0;5.74613e-14;1.49039e-14;2.0005e-14;1.18624e-14;-9.990E+02;2.99294e-14;1.77473e-14;-9.990E+02;1.36974e-13;4.65356e-14;-9.990E+02
00:36:56.375;-01:15:36.923;2.35E+20;0.8;-999/-999;4854.3;2.95477e-14;1.09787e-14;7.35122e-15;7.47398e-15;-9.990E+02;4.39423e-14;2.23523e-14;-9.990E+02;3.35328e-14;2.41858e-14;-9.990E+02
00:37:11.376;-01:10:52.776;2.33E+20;0.8;-999/-999;4755.4;1.12984e-13;2.0316e-14;7.69325e-14;2.24976e-14;-9.990E+02;1.27982e-13;3.36805e-14;-9.990E+02;7.81233e-14;3.34083e-14;-9.990E+02
00:37:01.778;-01:19:09.868;2.36E+20;0.8;-999/-999;4759.7;4.3321e-14;1.31522e-14;1.88724e-14;1.11066e-14;-9.990E+02;5.63725e-14;2.31773e-14;-9.990E+02;4.30098e-14;2.53116e-14;-9.990E+02
00:37:04.414;-01:09:08.142;2.32E+20;0.8;-999/-999;4751.7;1.26369e-13;2.1664e-14;1.83297e-14;1.0784e-14;-9.990E+02;6.86235e-14;2.53043e-14;-9.990E+02;3.56044e-13;7.12842e-14;-9.990E+02
01:42:38.375;+00:05:17.121;2.87E+20;0.8;-999/-999;879.0;3.88692e-13;8.14377e-14;2.30887e-13;8.31499e-14;-9.990E+02;3.33512e-13;1.20108e-13;-9.990E+02;5.06053e-13;1.82246e-13;-9.990E+02
01:43:11.338;+00:00:39.989;2.82E+20;0.8;-999/-999;1010.4;1.43312e-13;5.2364e-14;4.24674e-14;3.74957e-14;-9.990E+02;1.23054e-13;7.8688e-14;-9.990E+02;2.80186e-13;1.4505e-13;-9.990E+02
03:06:52.441;-00:47:40.010;6.05E+20;0.8;-999/-999;10278.3;4.47786e-14;9.1416e-15;1.95408e-14;8.52174e-15;-9.990E+02;2.32295e-14;1.01304e-14;-9.990E+02;9.09854e-14;2.46636e-14;-9.990E+02
03:06:43.276;-00:45:49.669;6.08E+20;0.8;-999/-999;11117.0;5.88459e-14;1.00643e-14;5.45266e-15;4.4299e-15;-9.990E+02;4.53021e-14;1.35574e-14;-9.990E+02;1.33017e-13;2.8434e-14;-9.990E+02
03:06:47.054;-00:44:18.781;6.09E+20;0.8;-999/-999;11779.7;3.86511e-14;8.38915e-15;7.88277e-15;5.49989e-15;-9.990E+02;1.87063e-14;9.05797e-15;-9.990E+02;9.61358e-14;2.50007e-14;-9.990E+02
03:06:51.872;-00:53:47.225;6.00E+20;1.108;+0.16/-0.14;10856.6;1.67694e-13;1.41216e-14;2.0198e-13;2.4903e-14;-9.990E+02;1.78136e-13;2.4771e-14;-9.990E+02;1.58749e-13;2.75158e-14;-9.990E+02
03:07:07.080;-00:41:04.716;6.08E+20;0.8;-999/-999;11988.1;2.45966e-14;7.16703e-15;2.7854e-14;1.10576e-14;-9.990E+02;1.32254e-14;8.20087e-15;-9.990E+02;1.94164e-14;1.20398e-14;-9.990E+02
03:07:40.072;-00:46:03.192;5.93E+20;0.8;-999/-999;7425.8;4.22571e-14;1.10843e-14;1.71244e-14;1.05558e-14;-9.990E+02;2.04974e-14;1.2635e-14;-9.990E+02;9.04255e-14;3.20171e-14;-9.990E+02
01:04:30.580;-01:14:30.995;4.09E+20;0.8;-999/-999;1538.7;5.96396e-14;2.58678e-14;2.79886e-14;2.37283e-14;-9.990E+02;1.12171e-13;5.62115e-14;-9.990E+02;0;-9.7074e-11;3.69778e-13
01:04:30.882;-01:00:57.331;3.97E+20;0.8;-999/-999;1707.5;7.7879e-14;3.14952e-14;3.6346e-14;-5.87415e-11;1.91458e-13;1.56589e-13;7.12424e-14;-9.990E+02;5.87302e-14;5.34402e-14;-9.990E+02
03:11:24.027;+01:13:13.243;6.21E+20;0.8;-999/-999;27917.6;1.14428e-14;3.21384e-15;0;-6.5808e-12;1.1932e-14;0;-7.75169e-12;1.4055e-14;4.05037e-14;1.13759e-14;-9.990E+02
03:11:19.961;+01:06:48.845;6.22E+20;0.8;-999/-999;27038.6;1.10233e-14;3.21468e-15;5.21669e-15;3.06033e-15;-9.990E+02;6.14142e-15;3.60282e-15;-9.990E+02;2.10025e-14;8.1258e-15;-9.990E+02
03:11:15.732;+01:06:29.156;6.21E+20;0.8;-999/-999;28226.6;4.09535e-14;5.66248e-15;6.47729e-14;1.00218e-14;-9.990E+02;1.69517e-14;5.59393e-15;-9.990E+02;8.28275e-15;4.55524e-15;-9.990E+02
03:11:24.525;+01:06:52.762;6.23E+20;0.8;-999/-999;27201.4;2.57105e-14;4.5939e-15;2.63561e-14;6.5961e-15;-9.990E+02;1.55109e-14;5.54355e-15;-9.990E+02;2.27364e-14;8.12595e-15;-9.990E+02
03:11:12.902;+01:14:53.233;6.18E+20;0.8;-999/-999;28768.0;8.52779e-15;2.90529e-15;2.18206e-15;2.14106e-15;-9.990E+02;1.28718e-14;5.61412e-15;-9.990E+02;7.55116e-15;5.14606e-15;-9.990E+02
03:11:10.918;+01:05:32.109;6.21E+20;0.8;-999/-999;28498.0;8.85183e-15;2.90776e-15;3.02472e-15;2.38389e-15;-9.990E+02;7.12357e-15;3.93127e-15;-9.990E+02;1.56663e-14;7.41059e-15;-9.990E+02
03:11:01.199;+01:16:22.011;6.16E+20;0.8;-999/-999;28699.6;1.40313e-14;3.51509e-15;2.63076e-14;6.78008e-15;-9.990E+02;2.82484e-15;2.42641e-15;-9.990E+02;2.48681e-14;-1.24476e-11;2.73923e-14
03:10:49.665;+01:14:00.775;6.14E+20;0.8;-999/-999;28373.5;1.27034e-14;3.51302e-15;1.29796e-14;5.20059e-15;-9.990E+02;1.15144e-14;5.27175e-15;-9.990E+02;5.62774e-15;4.29583e-15;-9.990E+02
03:11:46.900;+01:10:05.434;6.26E+20;0.8;-999/-999;26620.7;2.32633e-14;4.44425e-15;2.38864e-14;-9.11831e-12;2.87178e-14;4.08149e-14;9.27208e-15;-9.990E+02;2.24339e-14;8.06666e-15;-9.990E+02
03:11:45.359;+01:13:59.856;6.25E+20;0.8;-999/-999;27788.6;8.74829e-15;2.91099e-15;7.69655e-15;3.84041e-15;-9.990E+02;6.03269e-15;3.76304e-15;-9.990E+02;8.84136e-15;5.51502e-15;-9.990E+02
03:11:19.098;+01:18:55.232;6.18E+20;0.8;-999/-999;28094.8;2.37469e-14;4.5873e-15;1.76731e-14;5.63436e-15;-9.990E+02;3.12839e-14;8.23281e-15;-9.990E+02;7.64866e-15;4.64282e-15;-9.990E+02
03:10:45.407;+01:06:26.048;6.13E+20;0.8;-999/-999;28605.0;1.27214e-14;3.5121e-15;8.66257e-15;4.1644e-15;-9.990E+02;2.05015e-14;7.12052e-15;-9.990E+02;4.10346e-15;-1.24469e-11;3.31105e-14
03:11:28.778;+01:18:23.620;6.20E+20;0.8;-999/-999;29068.3;7.82901e-15;2.907e-15;6.01511e-15;3.69558e-15;-9.990E+02;7.08936e-15;4.35558e-15;-9.990E+02;6.92834e-15;5.32383e-15;-9.990E+02
03:11:07.320;+01:19:39.610;6.16E+20;0.8;-999/-999;27480.7;1.58638e-14;3.82075e-15;8.64937e-15;3.99803e-15;-9.990E+02;1.78796e-14;6.22572e-15;-9.990E+02;1.4988e-14;6.92796e-15;-9.990E+02
03:10:51.687;+01:17:48.256;6.13E+20;0.8;-999/-999;26243.4;1.08005e-14;3.3594e-15;3.15059e-15;2.51642e-15;-9.990E+02;1.11883e-14;5.41514e-15;-9.990E+02;1.64171e-14;7.94586e-15;-9.990E+02
03:11:10.218;+01:20:15.986;6.16E+20;0.8;-999/-999;27231.0;9.10255e-15;3.20943e-15;6.98326e-15;3.898e-15;-9.990E+02;8.24927e-15;4.60467e-15;-9.990E+02;8.06547e-15;5.68754e-15;-9.990E+02
03:11:05.888;+01:00:44.068;6.21E+20;0.8;-999/-999;26526.1;2.41497e-14;4.74424e-15;3.09247e-15;2.4827e-15;-9.990E+02;3.6427e-14;9.01531e-15;-9.990E+02;2.67117e-14;9.29033e-15;-9.990E+02
03:10:37.477;+01:07:02.148;6.11E+20;0.8;-999/-999;27762.7;1.31809e-14;3.66264e-15;1.494e-14;5.49815e-15;-9.990E+02;7.07819e-15;4.16646e-15;-9.990E+02;1.03885e-14;6.115e-15;-9.990E+02
03:10:43.408;+01:16:47.222;6.12E+20;0.8;-999/-999;27588.1;9.10464e-15;3.20586e-15;4.13042e-15;2.99261e-15;-9.990E+02;1.46787e-14;6.20071e-15;-9.990E+02;3.58945e-15;3.89981e-15;-9.990E+02
03:10:28.634;+01:12:19.714;6.03E+20;0.8;-999/-999;24198.5;1.39647e-14;4.11129e-15;5.68155e-15;3.80112e-15;-9.990E+02;2.02816e-14;7.69087e-15;-9.990E+02;9.93221e-15;6.64494e-15;-9.990E+02
03:10:44.351;+01:19:32.914;6.12E+20;0.8;-999/-999;24027.1;1.44172e-14;4.12182e-15;1.63534e-14;6.21278e-15;-9.990E+02;1.54907e-14;6.64362e-15;-9.990E+02;1.02262e-14;-1.4608e-11;3.75357e-14
03:10:48.666;+01:22:02.198;6.12E+20;0.8;-999/-999;18027.1;2.4792e-14;5.80108e-15;1.44643e-14;6.25954e-15;-9.990E+02;1.71258e-14;7.41133e-15;-9.990E+02;3.76981e-14;1.35897e-14;-9.990E+02
00:54:41.013;+00:01:08.726;2.92E+20;0.8;-999/-999;1398.8;4.26978e-13;7.05177e-14;4.57092e-13;9.77368e-14;-9.990E+02;2.74295e-13;9.16803e-14;-9.990E+02;2.49623e-13;1.06704e-13;-9.990E+02
00:54:35.917;-00:01:58.680;2.93E+20;0.8;-999/-999;1553.9;7.97138e-14;3.18136e-14;8.53914e-14;-5.67629e-11;1.5695e-13;1.02423e-13;5.7893e-14;-9.990E+02;1.55317e-13;8.77901e-14;-9.990E+02
00:45:47.690;-00:50:14.014;2.27E+20;0.8;-999/-999;3059.1;6.59127e-14;1.8921e-14;0;-3.28177e-11;1.89118e-13;0;-4.93301e-11;2.84274e-13;2.62558e-13;7.53704e-14;-9.990E+02
00:45:49.771;-00:50:59.813;2.28E+20;0.8;-999/-999;3163.1;1.63592e-13;2.9744e-14;3.78684e-14;1.84741e-14;-9.990E+02;2.84553e-13;6.26659e-14;-9.990E+02;1.30337e-13;5.01105e-14;-9.990E+02
00:45:54.196;-00:51:35.761;2.29E+20;0.8;-999/-999;3115.3;3.9493e-14;1.623e-14;1.7149e-14;1.4097e-14;-9.990E+02;2.57428e-14;2.11614e-14;-9.990E+02;7.8602e-14;4.57184e-14;-9.990E+02
00:46:18.260;-00:44:10.491;2.19E+20;0.8;-999/-999;2753.7;1.11932e-13;2.6952e-14;8.60605e-14;3.01631e-14;-9.990E+02;9.75436e-14;3.93838e-14;-9.990E+02;9.93683e-14;5.06639e-14;-9.990E+02
00:45:33.388;-00:58:10.126;2.31E+20;0.8;-999/-999;3061.1;1.69323e-13;3.2484e-14;2.02375e-13;4.65934e-14;-9.990E+02;8.27622e-14;3.59836e-14;-9.990E+02;8.41504e-14;4.52248e-14;-9.990E+02
02:39:12.144;+01:08:46.772;2.78E+20;0.8;-999/-999;6662.4;6.90527e-14;1.33482e-14;7.35136e-14;1.82185e-14;-9.990E+02;7.12003e-14;2.17042e-14;-9.990E+02;0;-5.22088e-11;1.19126e-13
02:39:23.410;+01:05:37.422;2.87E+20;-0.093;+0.16/-0.14;7334.2;1.54975e-13;2.52439e-14;7.98933e-14;-2.1669e-11;5.17768e-14;2.9936e-14;1.41409e-14;-9.990E+02;3.85054e-13;6.689e-14;-9.990E+02
02:38:47.269;+01:05:15.117;2.74E+20;0.523;+0.23/-0.18;6889.4;1.02675e-13;1.86373e-14;8.34098e-14;-2.52111e-11;3.98697e-14;9.54713e-14;2.72682e-14;-9.990E+02;1.97643e-13;4.67707e-14;-9.990E+02
02:39:04.341;+01:02:09.147;2.79E+20;0.8;-999/-999;7474.5;3.85145e-14;1.03238e-14;2.6291e-14;1.11272e-14;-9.990E+02;3.81765e-14;1.61576e-14;-9.990E+02;3.48011e-14;1.9052e-14;-9.990E+02
02:38:33.130;+01:09:18.544;2.69E+20;0.8;-999/-999;7676.0;4.72448e-14;1.13859e-14;5.00902e-14;1.59314e-14;-9.990E+02;3.66429e-14;1.6422e-14;-9.990E+02;1.85532e-14;1.45344e-14;-9.990E+02
02:39:46.019;+01:09:11.640;2.91E+20;0.8;-999/-999;7755.5;3.56193e-14;1.00901e-14;2.27014e-14;1.04419e-14;-9.990E+02;2.61544e-14;1.34876e-14;-9.990E+02;4.96057e-14;2.2817e-14;-9.990E+02
02:39:27.024;+01:00:28.094;2.86E+20;0.8;-999/-999;6714.2;7.54253e-14;1.51789e-14;3.83737e-14;1.45633e-14;-9.990E+02;8.31644e-14;2.60395e-14;-9.990E+02;8.41699e-14;3.19436e-14;-9.990E+02
02:38:43.656;+01:18:52.723;2.66E+20;0.8;-999/-999;6727.3;3.94372e-14;1.10994e-14;2.32035e-14;1.12668e-14;-9.990E+02;3.39832e-14;1.6501e-14;-9.990E+02;5.16765e-14;2.50922e-14;-9.990E+02
02:38:24.064;+01:06:53.731;2.68E+20;0.8;-999/-999;6639.4;3.64492e-14;1.09704e-14;4.83066e-14;1.67281e-14;-9.990E+02;2.35494e-14;1.43224e-14;-9.990E+02;4.77342e-14;-4.30529e-11;2.36813e-13
02:56:37.457;-01:25:44.270;6.08E+20;0.8;-999/-999;16552.1;1.27695e-14;4.42221e-15;8.67638e-15;5.07029e-15;-9.990E+02;1.545e-14;7.35607e-15;-9.990E+02;7.56074e-15;6.38005e-15;-9.990E+02
02:56:40.346;-01:25:40.833;6.09E+20;0.8;-999/-999;17561.3;1.88375e-14;5.03349e-15;7.2015e-15;4.492e-15;-9.990E+02;2.27759e-14;8.62628e-15;-9.990E+02;2.08953e-14;1.00523e-14;-9.990E+02
02:56:23.339;-01:23:11.592;5.99E+20;0.8;-999/-999;17266.9;1.22106e-14;4.1067e-15;3.10176e-15;2.85986e-15;-9.990E+02;1.47887e-14;7.10875e-15;-9.990E+02;1.63052e-14;8.77262e-15;-9.990E+02
02:56:34.528;-01:21:54.658;6.02E+20;0.8;-999/-999;17815.1;1.25255e-14;4.26244e-15;9.55054e-15;5.25357e-15;-9.990E+02;1.13729e-14;6.25599e-15;-9.990E+02;1.11397e-14;7.80915e-15;-9.990E+02
02:56:16.479;-01:26:36.350;5.82E+20;1.194;+0.18/-0.15;17581.4;1.0277e-13;8.628e-15;1.52473e-13;1.86838e-14;-9.990E+02;1.07112e-13;1.62053e-14;-9.990E+02;9.38443e-14;1.77556e-14;-9.990E+02
02:56:12.849;-01:23:46.519;5.78E+20;0.8;-999/-999;17997.0;1.49612e-14;4.536e-15;6.69508e-15;4.37509e-15;-9.990E+02;1.21238e-14;6.43318e-15;-9.990E+02;2.38032e-14;1.0827e-14;-9.990E+02
02:56:39.418;-01:20:47.994;6.03E+20;-0.716;+0.36/-0.09;17466.8;3.52472e-14;8.946e-15;5.8943e-15;-6.72508e-12;1.5906e-14;4.99769e-15;4.13286e-15;-9.990E+02;8.62727e-14;2.31849e-14;-9.990E+02
02:56:13.194;-01:23:16.844;5.77E+20;0.8;-999/-999;18115.7;2.25818e-14;5.29025e-15;3.97655e-14;9.81815e-15;-9.990E+02;6.86235e-15;4.42175e-15;-9.990E+02;7.3514e-14;-1.89307e-11;3.33953e-14
02:56:58.748;-01:25:56.909;6.18E+20;0.8;-999/-999;17725.7;2.57348e-14;5.96349e-15;1.40515e-14;6.20093e-15;-9.990E+02;1.24323e-14;6.40084e-15;-9.990E+02;4.86167e-14;1.54273e-14;-9.990E+02
02:56:25.649;-01:19:11.961;5.95E+20;0.8;-999/-999;17730.9;2.03282e-14;5.31755e-15;3.17014e-15;2.97451e-15;-9.990E+02;1.89516e-14;8.00056e-15;-9.990E+02;3.90144e-14;1.37214e-14;-9.990E+02
02:56:22.261;-01:18:44.930;5.93E+20;0.8;-999/-999;18001.1;1.20667e-14;4.25152e-15;2.71664e-15;2.87139e-15;-9.990E+02;1.6255e-14;7.73346e-15;-9.990E+02;1.43381e-14;8.84221e-15;-9.990E+02
02:56:58.241;-01:19:31.021;6.09E+20;0.8;-999/-999;18222.4;1.26417e-14;4.42337e-15;3.22279e-15;3.26323e-15;-9.990E+02;1.5286e-14;7.51203e-15;-9.990E+02;1.68332e-14;9.6894e-15;-9.990E+02
02:57:05.233;-01:21:31.836;6.14E+20;0.8;-999/-999;18162.1;1.02229e-14;3.97124e-15;2.98519e-15;3.06604e-15;-9.990E+02;7.05853e-15;5.12039e-15;-9.990E+02;2.07181e-14;1.0638e-14;-9.990E+02
03:53:10.170;+00:01:23.366;1.11E+21;0.8;-999/-999;255059.0;4.56528e-15;7.93362e-16;3.445e-15;1.07004e-15;-9.990E+02;2.8254e-15;9.37627e-16;-9.990E+02;6.13034e-15;1.62184e-15;-9.990E+02
03:53:15.984;+00:01:51.679;1.12E+21;0.8;-999/-999;270464.0;2.29532e-15;6.39508e-16;8.82535e-16;6.3933e-16;-9.990E+02;1.20084e-15;6.88375e-16;-9.990E+02;4.4612e-15;1.56532e-15;-9.990E+02
03:53:04.579;+00:03:14.543;1.11E+21;-0.529;+0.18/-0.15;213454.0;2.32646e-14;2.03588e-15;7.13901e-16;3.67126e-16;-9.990E+02;9.28952e-15;1.63173e-15;-9.990E+02;4.31597e-14;4.47258e-15;-9.990E+02
03:53:16.370;+00:01:27.075;1.12E+21;0.8;-999/-999;274539.0;2.55112e-15;6.56792e-16;5.79285e-16;5.01529e-16;-9.990E+02;1.57695e-15;7.85931e-16;-9.990E+02;5.12839e-15;1.67124e-15;-9.990E+02
03:53:14.146;+00:04:39.605;1.12E+21;0.642;+0.12/-0.11;239464.0;2.31453e-14;1.54175e-15;1.13277e-14;1.59287e-15;-9.990E+02;1.87927e-14;1.98823e-15;-9.990E+02;2.65136e-14;2.85138e-15;-9.990E+02
03:53:04.301;+00:00:28.880;1.11E+21;0.455;+0.27/-0.20;251360.0;7.88306e-15;1.08992e-15;2.41099e-15;8.27767e-16;-9.990E+02;5.96523e-15;1.2932e-15;-9.990E+02;9.76045e-15;2.02028e-15;-9.990E+02
03:53:17.740;+00:04:22.599;1.12E+21;1.953;+0.06/-0.05;244671.0;4.39825e-14;1.02777e-15;2.32987e-13;7.67527e-15;-9.990E+02;8.68379e-14;3.64544e-15;-9.990E+02;2.9147e-14;2.13226e-15;-9.990E+02
03:53:16.318;-00:00:43.764;1.12E+21;0.8;-999/-999;284961.0;2.04815e-15;6.22224e-16;1.59962e-15;8.726e-16;-9.990E+02;1.59576e-15;8.25502e-16;-9.990E+02;2.22378e-15;1.15038e-15;-9.990E+02
03:53:25.581;+00:02:21.665;1.12E+21;1.680;+0.21/-0.17;278452.0;6.77679e-15;5.78934e-16;2.28869e-14;2.76032e-15;-9.990E+02;1.04938e-14;1.52071e-15;-9.990E+02;5.05119e-15;1.11521e-15;-9.990E+02
03:53:21.310;-00:00:15.858;1.12E+21;0.8;-999/-999;286038.0;3.28223e-15;7.08644e-16;4.10208e-15;1.25965e-15;-9.990E+02;1.76227e-15;7.85147e-16;-9.990E+02;2.72881e-15;1.14437e-15;-9.990E+02
03:53:11.211;-00:01:19.954;1.11E+21;0.8;-999/-999;274132.0;2.79919e-15;6.8988e-16;1.3938e-15;7.63455e-16;-9.990E+02;2.53973e-15;9.7402e-16;-9.990E+02;3.54283e-15;1.35872e-15;-9.990E+02
03:53:22.695;+00:04:13.859;1.12E+21;0.058;+0.19/-0.15;258690.0;1.58481e-14;1.60895e-15;3.09896e-15;8.37821e-16;-9.990E+02;8.04437e-15;1.48962e-15;-9.990E+02;2.31124e-14;3.1766e-15;-9.990E+02
03:52:56.862;+00:05:23.827;1.11E+21;0.665;+0.11/-0.10;206244.0;2.78955e-14;1.68723e-15;1.06563e-14;1.53463e-15;-9.990E+02;2.64217e-14;2.37072e-15;-9.990E+02;3.16835e-14;3.13276e-15;-9.990E+02
03:53:28.816;+00:02:55.863;1.13E+21;0.8;-999/-999;276422.0;5.07679e-15;8.31408e-16;3.53914e-15;1.0999e-15;-9.990E+02;4.2558e-15;1.16378e-15;-9.990E+02;5.62988e-15;1.57265e-15;-9.990E+02
03:53:17.846;+00:06:46.907;1.12E+21;0.8;-999/-999;214370.0;6.40891e-15;9.33336e-16;1.8843e-15;7.77564e-16;-9.990E+02;5.55558e-15;1.29918e-15;-9.990E+02;1.01225e-14;2.06872e-15;-9.990E+02
03:53:20.178;-00:01:30.674;1.12E+21;0.8;-999/-999;283830.0;4.57853e-15;7.7778e-16;2.74696e-15;9.71955e-16;-9.990E+02;4.14906e-15;1.11895e-15;-9.990E+02;5.20701e-15;1.46486e-15;-9.990E+02
03:52:55.579;+00:05:43.129;1.11E+21;0.8;-999/-999;199087.0;4.28071e-15;8.10609e-16;3.19681e-15;1.11641e-15;-9.990E+02;2.42781e-15;9.00059e-16;-9.990E+02;6.09759e-15;1.69226e-15;-9.990E+02
03:53:29.396;+00:04:20.310;1.13E+21;0.300;+0.18/-0.16;260072.0;1.48426e-14;1.46243e-15;5.00445e-15;1.09648e-15;-9.990E+02;8.24136e-15;1.46716e-15;-9.990E+02;1.96275e-14;2.78556e-15;-9.990E+02
03:53:01.047;-00:02:09.248;1.10E+21;0.8;-999/-999;261473.0;5.91818e-15;8.6045e-16;5.81315e-15;1.33378e-15;-9.990E+02;4.05723e-15;1.07489e-15;-9.990E+02;5.6654e-15;1.50095e-15;-9.990E+02
03:52:55.526;-00:01:02.012;1.10E+21;0.893;+0.05/-0.05;241653.0;8.33261e-14;2.42415e-15;7.0224e-14;3.62093e-15;-9.990E+02;7.51788e-14;3.52956e-15;-9.990E+02;8.62261e-14;4.39114e-15;-9.990E+02
03:53:10.556;+00:08:16.092;1.12E+21;0.8;-999/-999;203484.0;4.87409e-15;8.46916e-16;1.74045e-15;8.18602e-16;-9.990E+02;3.15548e-15;1.02375e-15;-9.990E+02;8.8012e-15;2.03323e-15;-9.990E+02
03:53:32.430;+00:03:55.688;1.13E+21;0.8;-999/-999;275130.0;2.14434e-15;6.23556e-16;2.26628e-15;1.02037e-15;-9.990E+02;1.27831e-15;7.06032e-16;-9.990E+02;2.13564e-15;1.11123e-15;-9.990E+02
03:53:01.262;-00:03:06.782;1.10E+21;0.8;-999/-999;263094.0;5.30037e-15;8.26032e-16;1.92363e-15;7.90025e-16;-9.990E+02;3.81567e-15;1.07216e-15;-9.990E+02;9.01662e-15;1.90866e-15;-9.990E+02
03:53:27.044;-00:01:31.889;1.12E+21;0.8;-999/-999;287322.0;2.49235e-15;6.56792e-16;6.92032e-16;5.36519e-16;-9.990E+02;1.67373e-15;8.01602e-16;-9.990E+02;4.66376e-15;1.5959e-15;-9.990E+02
03:53:29.620;-00:01:08.902;1.13E+21;0.603;+0.12/-0.11;285749.0;2.36621e-14;1.57877e-15;8.07875e-15;1.3372e-15;-9.990E+02;2.12592e-14;2.15933e-15;-9.990E+02;2.75978e-14;2.91639e-15;-9.990E+02
03:52:46.364;+00:00:34.708;1.10E+21;0.8;-999/-999;209099.0;5.98701e-15;9.12077e-16;1.74651e-15;7.63563e-16;-9.990E+02;5.99985e-15;1.37234e-15;-9.990E+02;8.37803e-15;1.9163e-15;-9.990E+02
03:53:35.223;+00:01:38.039;1.13E+21;0.384;+0.28/-0.21;293212.0;8.16313e-15;1.15127e-15;3.37906e-15;9.87584e-16;-9.990E+02;4.58484e-15;1.1694e-15;-9.990E+02;1.04156e-14;2.16742e-15;-9.990E+02
03:52:58.965;-00:03:16.406;1.09E+21;0.458;+0.19/-0.15;256410.0;1.38336e-14;1.39775e-15;5.36745e-15;1.18008e-15;-9.990E+02;9.30362e-15;1.59856e-15;-9.990E+02;1.71328e-14;2.60665e-15;-9.990E+02
03:53:33.725;-00:00:01.263;1.13E+21;0.583;+0.21/-0.17;292004.0;1.06249e-14;1.1626e-15;4.50427e-15;1.09888e-15;-9.990E+02;8.41964e-15;1.46368e-15;-9.990E+02;1.24893e-14;2.17395e-15;-9.990E+02
03:53:28.829;+00:07:12.542;1.13E+21;0.8;-999/-999;236481.0;2.62933e-15;6.75519e-16;9.8995e-16;6.47075e-16;-9.990E+02;2.38247e-15;9.7354e-16;-9.990E+02;3.73341e-15;1.43286e-15;-9.990E+02
03:53:06.290;+00:09:22.882;1.12E+21;0.8;-999/-999;207933.0;2.93309e-15;6.74076e-16;1.629e-15;7.99595e-16;-9.990E+02;2.58581e-15;9.58318e-16;-9.990E+02;3.60347e-15;1.33547e-15;-9.990E+02
03:52:47.774;-00:02:03.526;1.09E+21;0.244;+0.26/-0.20;192592.0;1.04214e-14;1.37184e-15;1.34472e-15;6.06859e-16;-9.990E+02;7.6843e-15;1.57409e-15;-9.990E+02;1.40931e-14;2.60961e-15;-9.990E+02
03:52:53.902;-00:03:35.941;1.09E+21;0.8;-999/-999;200446.0;6.0205e-15;9.4446e-16;4.18438e-15;1.23711e-15;-9.990E+02;3.85071e-15;1.13846e-15;-9.990E+02;8.37134e-15;1.98915e-15;-9.990E+02
03:52:44.312;+00:06:13.594;1.10E+21;0.8;-999/-999;202416.0;4.04412e-15;7.74405e-16;1.9104e-15;8.43803e-16;-9.990E+02;3.93606e-15;1.14603e-15;-9.990E+02;4.88546e-15;1.52551e-15;-9.990E+02
03:53:24.967;+00:09:04.373;1.13E+21;0.8;-999/-999;214434.0;5.8008e-15;8.6605e-16;4.65859e-15;1.22809e-15;-9.990E+02;2.62722e-15;8.80971e-16;-9.990E+02;8.77518e-15;1.85988e-15;-9.990E+02
03:53:38.800;+00:04:25.546;1.14E+21;0.8;-999/-999;276441.0;2.2739e-15;6.42246e-16;1.34739e-15;7.7206e-16;-9.990E+02;3.02654e-15;1.08974e-15;-9.990E+02;1.2627e-15;8.26871e-16;-9.990E+02
03:53:01.901;-00:05:20.409;1.10E+21;0.795;+0.19/-0.16;259474.0;1.10278e-14;1.10502e-15;7.1767e-15;1.42469e-15;-9.990E+02;9.87717e-15;1.56877e-15;-9.990E+02;1.18868e-14;2.03579e-15;-9.990E+02
03:52:41.348;-00:00:59.709;1.09E+21;0.8;-999/-999;174249.0;4.96099e-15;8.92944e-16;3.22515e-15;1.14844e-15;-9.990E+02;3.56336e-15;1.14042e-15;-9.990E+02;6.64141e-15;1.86582e-15;-9.990E+02
03:53:18.082;-00:05:22.180;1.10E+21;0.8;-999/-999;280460.0;4.10607e-15;7.74405e-16;2.09606e-15;8.67278e-16;-9.990E+02;3.29073e-15;1.04949e-15;-9.990E+02;5.74182e-15;1.6243e-15;-9.990E+02
03:53:44.499;+00:02:15.109;1.14E+21;0.8;-999/-999;292194.0;3.2633e-15;7.29036e-16;2.6515e-15;1.03087e-15;-9.990E+02;9.52297e-16;5.7884e-16;-9.990E+02;5.63081e-15;1.69033e-15;-9.990E+02
03:53:25.230;-00:05:10.521;1.12E+21;0.8;-999/-999;281090.0;2.18988e-15;6.39508e-16;1.15166e-15;7.29614e-16;-9.990E+02;1.56716e-15;8.19233e-16;-9.990E+02;3.27533e-15;1.40535e-15;-9.990E+02
03:53:25.735;+00:10:17.728;1.13E+21;0.8;-999/-999;194587.0;5.2448e-15;8.83371e-16;2.32191e-15;9.4997e-16;-9.990E+02;1.39716e-15;6.98579e-16;-9.990E+02;1.16693e-14;2.3426e-15;-9.990E+02
03:53:00.214;-00:05:59.167;1.10E+21;0.8;-999/-999;238223.0;2.92725e-15;7.39987e-16;8.37401e-16;6.30825e-16;-9.990E+02;1.7894e-15;8.66559e-16;-9.990E+02;5.71453e-15;1.83334e-15;-9.990E+02
03:53:07.171;+00:11:24.951;1.12E+21;0.283;+0.08/-0.07;88228.9;6.59993e-14;3.16652e-15;6.52023e-15;1.24859e-15;-9.990E+02;5.30707e-14;3.78098e-15;-9.990E+02;8.78206e-14;5.73168e-15;-9.990E+02
03:53:25.472;-00:05:59.362;1.12E+21;0.994;+0.21/-0.17;281122.0;1.03678e-14;1.05686e-15;9.40095e-15;1.75799e-15;-9.990E+02;1.08931e-14;1.74568e-15;-9.990E+02;1.02915e-14;1.94343e-15;-9.990E+02
03:53:44.062;-00:00:45.493;1.14E+21;0.8;-999/-999;293590.0;3.06716e-15;7.11678e-16;9.9677e-16;6.60579e-16;-9.990E+02;2.01455e-15;8.75721e-16;-9.990E+02;5.6035e-15;1.72856e-15;-9.990E+02
03:52:52.898;+00:10:41.327;1.11E+21;0.623;+0.11/-0.10;61719.7;4.15383e-14;2.49652e-15;2.44146e-14;2.85223e-15;-9.990E+02;2.85725e-14;3.0225e-15;-9.990E+02;4.80115e-14;4.74864e-15;-9.990E+02
03:53:46.852;+00:04:32.501;1.14E+21;0.438;+0.13/-0.11;210038.0;2.61129e-14;1.86824e-15;8.70238e-15;1.40047e-15;-9.990E+02;1.85064e-14;2.09248e-15;-9.990E+02;3.25619e-14;3.38182e-15;-9.990E+02
03:52:37.613;-00:02:24.149;1.08E+21;0.846;+0.17/-0.13;145440.0;1.6164e-14;1.36251e-15;1.24802e-14;1.93167e-15;-9.990E+02;1.41758e-14;1.95072e-15;-9.990E+02;1.70368e-14;2.52561e-15;-9.990E+02
03:52:32.700;+00:00:38.980;1.08E+21;0.8;-999/-999;133789.0;8.88278e-15;1.18231e-15;6.55728e-15;1.62941e-15;-9.990E+02;8.08777e-15;1.74897e-15;-9.990E+02;8.48455e-15;2.10831e-15;-9.990E+02
03:53:48.922;+00:03:22.595;1.14E+21;0.8;-999/-999;222884.0;6.50057e-15;9.89406e-16;3.98402e-15;1.21623e-15;-9.990E+02;6.36174e-15;1.46556e-15;-9.990E+02;6.63572e-15;1.77881e-15;-9.990E+02
03:53:48.230;+00:04:17.217;1.14E+21;0.736;+0.25/-0.19;209526.0;8.94794e-15;1.1386e-15;4.35427e-15;1.23085e-15;-9.990E+02;8.51374e-15;1.64475e-15;-9.990E+02;9.8675e-15;2.0579e-15;-9.990E+02
03:53:25.541;-00:06:19.436;1.11E+21;0.8;-999/-999;281027.0;2.35422e-15;6.55386e-16;1.46508e-15;8.15841e-16;-9.990E+02;1.33522e-15;7.43527e-16;-9.990E+02;3.7257e-15;1.4739e-15;-9.990E+02
03:53:46.442;-00:01:51.978;1.14E+21;0.8;-999/-999;295994.0;4.19369e-15;7.8111e-16;1.70325e-15;7.79929e-16;-9.990E+02;3.67096e-15;1.09681e-15;-9.990E+02;5.9585e-15;1.65265e-15;-9.990E+02
03:52:58.233;-00:07:01.566;1.10E+21;0.424;+0.14/-0.12;203819.0;2.21269e-14;1.76251e-15;7.74871e-15;1.38394e-15;-9.990E+02;1.4923e-14;1.98064e-15;-9.990E+02;2.77581e-14;3.30221e-15;-9.990E+02
03:53:48.278;-00:00:45.173;1.14E+21;0.8;-999/-999;291063.0;2.39714e-15;6.76962e-16;2.01321e-15;9.74474e-16;-9.990E+02;7.74797e-16;5.93762e-16;-9.990E+02;3.9514e-15;1.52157e-15;-9.990E+02
03:53:45.595;+00:07:13.425;1.14E+21;0.680;+0.28/-0.21;157509.0;9.03149e-15;1.27099e-15;1.27163e-15;7.25083e-16;-9.990E+02;1.07705e-14;2.0115e-15;-9.990E+02;1.02043e-14;2.32694e-15;-9.990E+02
03:52:54.518;-00:06:41.864;1.09E+21;0.8;-999/-999;197910.0;4.68624e-15;8.92944e-16;4.53099e-15;1.38263e-15;-9.990E+02;3.70665e-15;1.19117e-15;-9.990E+02;3.88553e-15;1.43797e-15;-9.990E+02
03:53:50.526;+00:04:23.012;1.14E+21;0.8;-999/-999;201866.0;6.20201e-15;9.72048e-16;6.79378e-16;5.29425e-16;-9.990E+02;4.88126e-15;1.30769e-15;-9.990E+02;1.18788e-14;2.39705e-15;-9.990E+02
03:53:26.964;-00:07:26.606;1.11E+21;0.8;-999/-999;262283.0;4.54114e-15;8.45103e-16;2.45783e-15;9.79439e-16;-9.990E+02;5.37687e-15;1.38844e-15;-9.990E+02;3.74917e-15;1.38329e-15;-9.990E+02
03:53:31.803;+00:11:57.939;1.13E+21;0.249;+0.17/-0.13;104852.0;2.4573e-14;2.15674e-15;8.09256e-15;1.54926e-15;-9.990E+02;1.26981e-14;2.08331e-15;-9.990E+02;3.31143e-14;4.11997e-15;-9.990E+02
03:52:40.099;-00:05:17.760;1.09E+21;1.979;+0.28/-0.21;140340.0;5.01111e-15;4.86066e-16;3.41016e-14;3.99651e-15;-9.990E+02;6.24056e-15;1.33348e-15;-9.990E+02;3.27908e-15;9.90789e-16;-9.990E+02
03:53:15.363;-00:08:19.173;1.10E+21;0.8;-999/-999;277858.0;4.06821e-15;7.91614e-16;1.34488e-15;7.16614e-16;-9.990E+02;4.00251e-15;1.1988e-15;-9.990E+02;5.58899e-15;1.67397e-15;-9.990E+02
03:53:52.545;-00:00:55.361;1.14E+21;0.8;-999/-999;269238.0;2.57246e-15;7.11678e-16;1.43963e-15;8.4332e-16;-9.990E+02;2.58632e-15;1.07325e-15;-9.990E+02;2.69743e-15;1.27308e-15;-9.990E+02
03:53:54.697;+00:01:40.317;1.15E+21;0.8;-999/-999;208022.0;7.64858e-15;1.11328e-15;3.02136e-15;1.11927e-15;-9.990E+02;8.10303e-15;1.71575e-15;-9.990E+02;9.00733e-15;2.14505e-15;-9.990E+02
03:53:35.405;+00:13:08.052;1.14E+21;0.164;+0.06/-0.05;60534.4;1.51172e-13;5.2063e-15;3.56944e-14;2.99352e-15;-9.990E+02;8.24146e-14;5.18513e-15;-9.990E+02;2.11039e-13;1.00937e-14;-9.990E+02
03:53:52.501;-00:03:48.764;1.14E+21;0.8;-999/-999;244639.0;5.1831e-15;9.37332e-16;2.06087e-15;-2.35859e-12;4.10731e-15;3.90894e-15;1.22601e-15;-9.990E+02;1.08738e-14;2.39596e-15;-9.990E+02
03:53:07.745;-00:10:07.219;1.10E+21;0.8;-999/-999;164554.0;7.18992e-15;1.153e-15;5.24123e-15;1.54505e-15;-9.990E+02;5.76533e-15;1.56543e-15;-9.990E+02;8.05055e-15;2.18593e-15;-9.990E+02
03:53:26.929;-00:09:37.739;1.11E+21;0.244;+0.22/-0.17;124198.0;1.90346e-14;2.17788e-15;1.35102e-15;7.2133e-16;-9.990E+02;1.53055e-14;2.56835e-15;-9.990E+02;2.56826e-14;4.15487e-15;-9.990E+02
03:53:04.760;-00:10:27.696;1.10E+21;0.452;+0.18/-0.15;136603.0;2.06699e-14;2.05379e-15;8.2455e-15;1.73622e-15;-9.990E+02;1.35681e-14;2.28217e-15;-9.990E+02;2.55996e-14;3.80583e-15;-9.990E+02
03:54:02.476;+00:02:49.777;1.15E+21;-0.379;+0.17/-0.14;149694.0;3.15408e-14;2.6394e-15;7.36977e-16;4.3488e-16;-9.990E+02;1.48847e-14;2.29961e-15;-9.990E+02;5.50438e-14;5.63627e-15;-9.990E+02
03:54:05.352;+00:00:14.864;1.16E+21;0.741;+0.14/-0.12;149412.0;2.81661e-14;2.1708e-15;2.04183e-14;2.79237e-15;-9.990E+02;2.09029e-14;2.7105e-15;-9.990E+02;3.09606e-14;3.89934e-15;-9.990E+02
03:53:35.085;-00:10:46.453;1.12E+21;-0.276;+0.20/-0.16;100370.0;3.42917e-14;3.38234e-15;5.11042e-15;1.40797e-15;-9.990E+02;1.19015e-14;2.54605e-15;-9.990E+02;5.73792e-14;7.43606e-15;-9.990E+02
03:54:02.632;-00:05:15.269;1.15E+21;0.912;+0.13/-0.12;102860.0;3.41718e-14;2.4201e-15;1.80742e-14;3.01145e-15;-9.990E+02;4.12819e-14;4.12819e-15;-9.990E+02;3.50787e-14;4.4887e-15;-9.990E+02
03:53:59.309;-00:08:44.562;1.15E+21;1.460;+0.12/-0.10;82706.3;4.41779e-14;2.36026e-15;9.26148e-14;7.79468e-15;-9.990E+02;6.49456e-14;5.46598e-15;-9.990E+02;3.60117e-14;4.51372e-15;-9.990E+02
03:54:06.260;-00:08:51.001;1.16E+21;0.762;+0.14/-0.12;80250.1;5.14282e-14;3.92854e-15;2.96297e-14;4.65629e-15;-9.990E+02;4.68102e-14;5.60065e-15;-9.990E+02;5.6114e-14;7.04598e-15;-9.990E+02
01:06:40.834;-00:51:47.360;4.18E+20;0.8;-999/-999;1963.2;1.06937e-13;3.31476e-14;5.0325e-14;3.19485e-14;-9.990E+02;1.33787e-13;5.98057e-14;-9.990E+02;1.00112e-13;6.35556e-14;-9.990E+02
00:22:01.046;+00:06:58.764;2.76E+20;1.421;+0.12/-0.11;5896.2;4.29273e-13;2.43068e-14;7.61294e-13;6.159e-14;-9.990E+02;7.39112e-13;6.83261e-14;-9.990E+02;3.5653e-13;5.5929e-14;-9.990E+02
00:21:29.633;+00:06:24.553;2.78E+20;0.8;-999/-999;6053.6;2.08066e-14;8.66943e-15;1.47613e-14;9.36804e-15;-9.990E+02;1.07244e-14;9.75235e-15;-9.990E+02;3.25752e-14;2.06734e-14;-9.990E+02
00:21:47.459;+00:00:30.850;2.75E+20;0.688;+0.14/-0.12;5848.8;4.61338e-13;3.7605e-14;2.53523e-13;3.48981e-14;-9.990E+02;3.81132e-13;5.24637e-14;-9.990E+02;5.19152e-13;7.64862e-14;-9.990E+02
00:22:15.443;+00:01:21.807;2.73E+20;0.8;-999/-999;6009.4;4.75163e-14;1.27754e-14;2.80421e-14;1.29047e-14;-9.990E+02;4.08796e-14;1.88124e-14;-9.990E+02;6.21179e-14;2.85861e-14;-9.990E+02
00:22:19.361;+00:01:14.399;2.73E+20;0.8;-999/-999;6043.9;2.03857e-14;8.92905e-15;1.20316e-14;-1.57916e-11;4.76448e-14;1.75396e-14;-2.30209e-11;6.94563e-14;7.99505e-14;3.50187e-14;-9.990E+02
00:22:14.062;-00:01:12.764;2.74E+20;0.8;-999/-999;5860.1;2.59999e-14;1.00317e-14;7.67684e-15;7.5527e-15;-9.990E+02;2.23604e-14;1.5531e-14;-9.990E+02;5.09981e-14;2.88393e-14;-9.990E+02
00:21:11.785;+00:01:42.012;2.78E+20;0.8;-999/-999;5987.0;3.55171e-14;1.22473e-14;2.1014e-14;1.28716e-14;-9.990E+02;3.05342e-14;1.87029e-14;-9.990E+02;4.63737e-14;2.8405e-14;-9.990E+02
01:21:28.354;-00:39:14.200;3.87E+20;1.096;+0.21/-0.17;10257.5;1.19638e-13;1.20736e-14;5.25147e-14;1.3009e-14;-9.990E+02;2.36118e-13;3.08194e-14;-9.990E+02;1.13788e-13;2.5088e-14;-9.990E+02
01:21:53.205;-00:32:01.370;3.77E+20;0.8;-999/-999;10348.9;1.95438e-14;6.54304e-15;9.04436e-15;6.0559e-15;-9.990E+02;1.84972e-14;1.02124e-14;-9.990E+02;2.78071e-14;1.53525e-14;-9.990E+02
01:22:06.498;-00:40:06.795;3.93E+20;0.8;-999/-999;8111.4;2.62225e-14;8.00688e-15;2.44184e-14;1.05891e-14;-9.990E+02;2.19812e-14;1.16955e-14;-9.990E+02;1.64954e-14;1.23499e-14;-9.990E+02
01:21:42.629;-00:45:36.790;4.00E+20;0.8;-999/-999;10338.7;2.25697e-14;7.3083e-15;2.10852e-14;-1.3647e-11;3.49009e-14;7.08722e-15;6.42493e-15;-9.990E+02;7.43886e-14;2.58093e-14;-9.990E+02
01:22:03.130;-00:44:47.741;4.05E+20;0.538;+0.21/-0.16;7619.8;2.01052e-13;2.25706e-14;5.86039e-14;1.45612e-14;-9.990E+02;1.8732e-13;3.18521e-14;-9.990E+02;2.40329e-13;4.63718e-14;-9.990E+02
01:21:12.489;-00:30:33.414;3.66E+20;0.8;-999/-999;10441.2;2.22532e-14;7.37048e-15;1.53759e-14;8.28075e-15;-9.990E+02;1.40707e-14;9.32074e-15;-9.990E+02;3.17681e-14;1.71088e-14;-9.990E+02
01:22:06.925;-00:30:40.158;3.77E+20;0.860;+0.16/-0.13;4154.5;3.04176e-13;2.57203e-14;1.99816e-13;2.9707e-14;-9.990E+02;3.2115e-13;4.21127e-14;-9.990E+02;3.18239e-13;5.21798e-14;-9.990E+02
01:21:58.601;-00:47:37.042;4.07E+20;0.8;-999/-999;6118.4;5.86113e-14;1.26386e-14;1.56967e-14;9.11377e-15;-9.990E+02;6.3006e-14;2.12145e-14;-9.990E+02;9.44268e-14;3.17941e-14;-9.990E+02
01:21:20.101;-00:48:17.870;3.96E+20;0.8;-999/-999;10670.4;2.19832e-14;7.72848e-15;2.73459e-14;1.17288e-14;-9.990E+02;9.21011e-15;8.03007e-15;-9.990E+02;1.38186e-14;1.20481e-14;-9.990E+02
21:31:22.407;+00:42:27.186;3.75E+20;0.836;+0.09/-0.08;10934.2;4.77273e-13;2.48436e-14;3.08114e-13;2.72613e-14;-9.990E+02;4.83428e-13;3.98623e-14;-9.990E+02;5.03895e-13;5.03895e-14;-9.990E+02
21:31:22.272;+00:39:46.682;3.73E+20;0.8;-999/-999;11814.1;2.23034e-14;6.53476e-15;2.0607e-14;8.5132e-15;-9.990E+02;9.38595e-15;6.76319e-15;-9.990E+02;2.82373e-14;1.424e-14;-9.990E+02
21:31:15.069;+00:40:11.798;3.73E+20;0.8;-999/-999;11700.8;3.88676e-14;8.23948e-15;1.43672e-14;6.84101e-15;-9.990E+02;5.23475e-14;1.50799e-14;-9.990E+02;3.93692e-14;1.63283e-14;-9.990E+02
21:31:05.436;+00:42:06.940;3.72E+20;0.8;-999/-999;10653.9;1.7169e-14;5.82241e-15;1.1891e-14;6.72064e-15;-9.990E+02;1.08414e-14;7.35437e-15;-9.990E+02;2.44596e-14;1.38243e-14;-9.990E+02
21:31:08.096;+00:40:51.153;3.72E+20;0.8;-999/-999;10737.4;2.12447e-14;6.39045e-15;1.17755e-14;6.45045e-15;-9.990E+02;2.1464e-14;1.03248e-14;-9.990E+02;2.42222e-14;1.32685e-14;-9.990E+02
21:31:21.144;+00:49:42.423;3.78E+20;0.088;+0.28/-0.21;11560.8;9.93511e-14;1.59468e-14;9.10886e-15;4.69104e-15;-9.990E+02;7.01257e-14;1.69734e-14;-9.990E+02;1.43157e-13;3.10237e-14;-9.990E+02
21:30:59.472;+00:44:36.150;3.72E+20;0.8;-999/-999;10955.7;4.07285e-14;8.80462e-15;3.76429e-14;1.12378e-14;-9.990E+02;4.00365e-14;1.35464e-14;-9.990E+02;1.71967e-14;1.09483e-14;-9.990E+02
21:31:16.972;+00:37:15.749;3.71E+20;0.8;-999/-999;10935.2;1.87116e-14;6.24668e-15;2.1583e-14;9.12964e-15;-9.990E+02;5.90779e-15;5.69974e-15;-9.990E+02;1.77792e-14;1.18708e-14;-9.990E+02
21:30:50.525;+00:39:08.075;3.69E+20;0.8;-999/-999;6924.4;4.42949e-14;9.9316e-15;4.08822e-14;1.34922e-14;-9.990E+02;2.79939e-14;1.30071e-14;-9.990E+02;4.21181e-14;1.95698e-14;-9.990E+02
21:30:48.199;+00:40:04.708;3.69E+20;-0.019;+0.23/-0.18;6442.4;1.2436e-13;2.01861e-14;3.88231e-14;1.09843e-14;-9.990E+02;5.19307e-14;-3.36773e-11;4.57945e-13;2.3396e-13;4.69585e-14;-9.990E+02
21:31:39.572;+00:55:01.735;3.81E+20;0.8;-999/-999;11673.1;1.91711e-14;6.69421e-15;5.07845e-15;4.76154e-15;-9.990E+02;3.45375e-14;1.43365e-14;-9.990E+02;1.03779e-14;9.73025e-15;-9.990E+02
20:43:17.825;-00:43:23.131;5.31E+20;0.748;+0.04/-0.03;44772.7;8.70279e-13;1.86156e-14;4.09573e-13;1.71625e-14;-9.990E+02;9.04901e-13;2.86338e-14;-9.990E+02;9.52536e-13;3.61931e-14;-9.990E+02
20:43:15.040;-00:40:37.893;5.30E+20;0.599;+0.13/-0.12;45446.9;8.67141e-14;6.71268e-15;3.19829e-14;5.1139e-15;-9.990E+02;7.8548e-14;9.23942e-15;-9.990E+02;1.01294e-13;1.32195e-14;-9.990E+02
20:43:06.849;-00:42:28.515;5.31E+20;0.8;-999/-999;40150.7;8.96302e-15;2.68488e-15;6.8834e-15;3.37248e-15;-9.990E+02;7.32237e-15;3.88966e-15;-9.990E+02;9.02829e-15;5.31095e-15;-9.990E+02
20:43:43.454;-00:45:40.047;5.32E+20;0.8;-999/-999;45644.2;7.84046e-15;2.3872e-15;4.22377e-15;2.4703e-15;-9.990E+02;6.98681e-15;3.62137e-15;-9.990E+02;1.03376e-14;5.35811e-15;-9.990E+02
20:43:04.804;-00:38:04.695;5.29E+20;0.8;-999/-999;42129.6;2.2927e-14;3.72675e-15;1.33035e-14;4.04429e-15;-9.990E+02;2.14939e-14;5.71245e-15;-9.990E+02;2.69167e-14;7.77316e-15;-9.990E+02
20:43:42.575;-00:47:36.627;5.33E+20;0.8;-999/-999;46241.9;1.67895e-14;3.28328e-15;2.29744e-14;5.47446e-15;-9.990E+02;1.10758e-14;4.27457e-15;-9.990E+02;2.34073e-15;2.3429e-15;-9.990E+02
20:43:37.277;-00:37:15.141;5.27E+20;0.8;-999/-999;46296.4;1.01843e-14;2.53266e-15;4.46145e-15;2.40402e-15;-9.990E+02;9.71233e-15;3.90978e-15;-9.990E+02;1.43774e-14;5.78774e-15;-9.990E+02
20:43:46.177;-00:39:04.959;5.28E+20;0.8;-999/-999;45083.8;8.09978e-15;2.38448e-15;4.7909e-15;2.5865e-15;-9.990E+02;1.1917e-14;4.67763e-15;-9.990E+02;2.9399e-15;2.76951e-15;-9.990E+02
20:43:01.520;-00:37:38.729;5.29E+20;0.8;-999/-999;43326.5;9.17973e-15;2.68326e-15;6.03555e-15;3.08836e-15;-9.990E+02;7.49965e-15;3.83754e-15;-9.990E+02;1.10999e-14;5.67976e-15;-9.990E+02
20:42:53.877;-00:47:29.722;5.35E+20;0.8;-999/-999;46291.2;8.59095e-15;2.53861e-15;7.84234e-15;3.27576e-15;-9.990E+02;1.61877e-15;1.70325e-15;-9.990E+02;1.4363e-14;5.99947e-15;-9.990E+02
20:43:44.947;-00:38:08.515;5.28E+20;0.8;-999/-999;45596.3;7.68399e-15;2.23545e-15;6.9953e-15;2.9392e-15;-9.990E+02;5.79953e-15;2.9692e-15;-9.990E+02;6.43695e-15;3.71883e-15;-9.990E+02
20:43:05.197;-00:35:36.268;5.28E+20;0.8;-999/-999;43082.3;1.93143e-14;3.42769e-15;1.01549e-14;3.55937e-15;-9.990E+02;1.57834e-14;4.86766e-15;-9.990E+02;2.80359e-14;7.85957e-15;-9.990E+02
20:42:50.981;-00:38:54.986;5.30E+20;0.8;-999/-999;46909.2;7.84915e-15;2.38576e-15;5.63348e-15;2.91534e-15;-9.990E+02;5.24901e-15;3.06351e-15;-9.990E+02;1.03536e-14;5.35801e-15;-9.990E+02
20:43:17.704;-00:34:29.402;5.27E+20;1.398;+0.28/-0.21;43978.5;2.44057e-14;2.82592e-15;3.70992e-14;6.79154e-15;-9.990E+02;4.4279e-14;7.61046e-15;-9.990E+02;2.0473e-14;6.01935e-15;-9.990E+02
20:42:57.031;-00:49:49.393;5.37E+20;0.8;-999/-999;46012.2;1.44863e-14;3.13782e-15;4.41038e-15;2.44715e-15;-9.990E+02;1.22773e-14;4.42288e-15;-9.990E+02;2.62277e-14;7.92024e-15;-9.990E+02
20:42:58.057;-00:36:11.682;5.28E+20;0.8;-999/-999;44955.1;6.86879e-15;2.38448e-15;9.67585e-16;1.27914e-15;-9.990E+02;3.60982e-15;2.80658e-15;-9.990E+02;1.78071e-14;7.26996e-15;-9.990E+02
20:43:27.143;-00:34:19.642;5.26E+20;0.844;+0.23/-0.18;41125.3;3.67521e-14;4.317e-15;2.71492e-14;5.24597e-15;-9.990E+02;3.33306e-14;6.4404e-15;-9.990E+02;3.86251e-14;8.63266e-15;-9.990E+02
20:43:17.150;-00:52:21.436;5.37E+20;0.8;-999/-999;44469.7;8.99658e-15;2.68956e-15;1.61921e-14;4.85999e-15;-9.990E+02;7.89827e-15;-6.57762e-12;1.32394e-14;2.96143e-15;2.8792e-15;-9.990E+02
20:43:38.710;-00:51:44.718;5.36E+20;0.8;-999/-999;41902.7;2.83374e-14;4.18264e-15;2.37211e-14;5.36791e-15;-9.990E+02;1.60106e-14;4.98206e-15;-9.990E+02;3.5516e-14;9.00748e-15;-9.990E+02
20:43:21.276;-00:53:11.730;5.38E+20;0.8;-999/-999;45207.3;1.10571e-14;2.83974e-15;1.59253e-14;4.64736e-15;-9.990E+02;6.2454e-15;-6.94421e-12;1.62776e-14;1.09174e-14;5.36293e-15;-9.990E+02
20:43:23.345;-00:53:07.177;5.38E+20;0.8;-999/-999;45631.4;8.32044e-15;2.69028e-15;1.44186e-14;5.04697e-15;-9.990E+02;4.70143e-15;-6.57834e-12;1.68264e-14;3.76482e-15;3.43373e-15;-9.990E+02
20:42:40.170;-00:41:29.587;5.33E+20;0.8;-999/-999;46682.6;1.75357e-14;3.43252e-15;1.15536e-14;3.87577e-15;-9.990E+02;1.75078e-14;5.28744e-15;-9.990E+02;1.64831e-14;6.39956e-15;-9.990E+02
20:42:53.482;-00:35:30.418;5.28E+20;0.8;-999/-999;46664.6;1.67659e-14;3.27866e-15;1.34704e-14;4.06491e-15;-9.990E+02;1.8272e-14;5.28426e-15;-9.990E+02;9.01714e-15;4.41986e-15;-9.990E+02
20:42:39.422;-00:45:38.753;5.37E+20;0.8;-999/-999;46693.9;8.38694e-15;2.68956e-15;7.66122e-15;3.77145e-15;-9.990E+02;1.57965e-15;1.8383e-15;-9.990E+02;1.40119e-14;6.89775e-15;-9.990E+02
20:42:58.247;-00:33:44.566;5.27E+20;0.122;+0.28/-0.21;40337.2;4.32287e-14;6.40262e-15;1.08907e-14;3.45243e-15;-9.990E+02;2.04357e-14;5.69721e-15;-9.990E+02;6.14082e-14;1.27821e-14;-9.990E+02
20:43:05.879;-00:53:46.372;5.39E+20;0.8;-999/-999;42965.9;1.87635e-14;3.73775e-15;7.43808e-15;3.26731e-15;-9.990E+02;1.37805e-14;4.84478e-15;-9.990E+02;3.39592e-14;9.54883e-15;-9.990E+02
20:42:48.345;-00:51:01.494;5.41E+20;0.8;-999/-999;42726.8;9.05917e-15;2.84221e-15;7.18734e-15;3.521e-15;-9.990E+02;6.65022e-15;3.76614e-15;-9.990E+02;9.83052e-15;5.5672e-15;-9.990E+02
20:42:43.210;-00:51:26.767;5.42E+20;0.8;-999/-999;40958.2;1.34631e-14;3.44172e-15;2.37294e-14;6.44736e-15;-9.990E+02;1.82952e-15;1.96459e-15;-9.990E+02;2.70412e-15;2.90376e-15;-9.990E+02
20:42:42.650;-00:51:59.627;5.43E+20;0.8;-999/-999;39296.1;1.29189e-14;3.59232e-15;1.70923e-14;5.83406e-15;-9.990E+02;5.26804e-15;3.55437e-15;-9.990E+02;7.78571e-15;5.25305e-15;-9.990E+02
20:42:27.541;-00:44:32.038;5.39E+20;0.575;+0.20/-0.16;38587.0;7.32378e-14;7.88445e-15;2.30277e-14;5.6008e-15;-9.990E+02;6.88663e-14;1.11675e-14;-9.990E+02;8.63164e-14;1.57407e-14;-9.990E+02
03:09:15.442;+00:25:08.277;6.40E+20;0.8;-999/-999;3890.3;8.55098e-14;2.00005e-14;0;-4.12796e-11;8.98046e-14;4.74737e-14;2.30555e-14;-9.990E+02;2.31704e-13;6.30195e-14;-9.990E+02
03:09:11.676;+00:23:59.944;6.41E+20;1.131;+0.22/-0.18;3708.0;3.06824e-13;3.27404e-14;3.17461e-13;5.8286e-14;-9.990E+02;4.02514e-13;6.63175e-14;-9.990E+02;2.87247e-13;6.53214e-14;-9.990E+02
03:09:39.303;+00:27:20.876;6.41E+20;0.8;-999/-999;4004.2;2.75463e-14;1.24651e-14;1.42305e-14;1.32479e-14;-9.990E+02;4.9701e-14;2.57134e-14;-9.990E+02;2.15506e-14;-4.38489e-11;1.60071e-13
03:09:16.148;+00:18:38.928;6.47E+20;0.8;-999/-999;3980.1;3.25698e-14;1.37185e-14;3.37181e-14;2.02979e-14;-9.990E+02;3.91364e-14;2.35597e-14;-9.990E+02;2.54382e-14;-4.8183e-11;1.89188e-13
03:09:08.735;+00:35:08.798;6.33E+20;0.698;+0.22/-0.18;1101.1;6.18877e-13;7.10403e-14;3.84521e-13;7.7767e-14;-9.990E+02;4.65479e-13;9.41402e-14;-9.990E+02;6.94262e-13;1.4041e-13;-9.990E+02
00:02:57.099;-00:24:48.684;3.00E+20;0.8;-999/-999;8050.2;6.51516e-14;1.20626e-14;1.59136e-14;7.87983e-15;-9.990E+02;9.87395e-14;2.36641e-14;-9.990E+02;6.90972e-14;2.39954e-14;-9.990E+02
00:02:36.168;-00:27:23.120;3.05E+20;0.283;+0.22/-0.17;8312.9;2.04559e-13;2.56191e-14;3.15267e-14;1.05841e-14;-9.990E+02;1.65562e-13;3.0754e-14;-9.990E+02;2.72023e-13;5.05299e-14;-9.990E+02
00:02:59.599;-00:16:15.903;2.94E+20;0.8;-999/-999;7765.7;3.67926e-14;9.54753e-15;1.09534e-14;7.0452e-15;-9.990E+02;3.15062e-14;1.41287e-14;-9.990E+02;7.16238e-14;2.62728e-14;-9.990E+02
00:02:11.461;-00:18:30.465;2.95E+20;0.8;-999/-999;7316.2;3.04225e-14;8.85824e-15;1.81188e-14;9.11632e-15;-9.990E+02;1.30212e-14;9.19271e-15;-9.990E+02;5.91745e-14;2.43866e-14;-9.990E+02
00:02:08.910;-00:17:42.434;2.95E+20;0.8;-999/-999;5854.9;4.38068e-14;1.0796e-14;6.52615e-14;1.78121e-14;-9.990E+02;1.87516e-14;1.1091e-14;-9.990E+02;8.52587e-14;-4.19934e-11;1.87763e-13
00:03:12.656;-00:15:01.843;2.94E+20;0.8;-999/-999;7365.6;6.59748e-14;1.31451e-14;7.25285e-14;1.7613e-14;-9.990E+02;5.2143e-14;1.85717e-14;-9.990E+02;1.9768e-14;1.40822e-14;-9.990E+02
00:03:19.487;-00:17:14.356;2.95E+20;0.8;-999/-999;8113.4;1.97788e-14;7.75096e-15;2.82767e-14;1.24215e-14;-9.990E+02;1.01596e-14;8.92255e-15;-9.990E+02;5.92284e-15;-3.01477e-11;1.01858e-13
00:01:55.182;-00:21:31.759;3.04E+20;1.424;+0.12/-0.11;1980.4;2.70951e-13;2.08653e-14;8.06084e-13;-7.75049e-11;1.66177e-12;9.14936e-13;8.05224e-14;-9.990E+02;4.04152e-13;6.40382e-14;-9.990E+02
00:02:43.983;-00:33:13.514;3.08E+20;0.8;-999/-999;7694.0;2.26341e-14;8.61986e-15;1.01697e-14;7.74597e-15;-9.990E+02;4.34713e-14;-2.20525e-11;9.57365e-14;6.58707e-14;2.86446e-14;-9.990E+02
23:36:01.308;+00:09:29.235;3.62E+20;0.8;-999/-999;7976.9;2.79561e-14;8.35145e-15;0;-1.5345e-11;4.25152e-14;6.18819e-14;1.97327e-14;-9.990E+02;1.33149e-14;1.10328e-14;-9.990E+02
23:36:10.676;+00:09:04.018;3.60E+20;0.8;-999/-999;7765.4;3.14324e-14;8.91198e-15;1.65049e-14;8.64367e-15;-9.990E+02;3.41116e-14;1.47308e-14;-9.990E+02;3.42522e-14;1.7938e-14;-9.990E+02
23:36:01.414;+00:10:41.218;3.62E+20;0.8;-999/-999;8217.6;2.41201e-14;7.78525e-15;1.26764e-14;-1.43036e-11;4.88417e-14;6.10577e-14;1.97076e-14;-9.990E+02;2.62683e-14;-2.96401e-11;1.0121e-13
23:35:58.627;+00:02:03.631;3.62E+20;0.8;-999/-999;8067.9;1.72549e-14;6.93595e-15;1.0578e-14;7.39394e-15;-9.990E+02;2.18504e-14;1.25699e-14;-9.990E+02;1.09572e-14;1.0817e-14;-9.990E+02
23:35:45.204;+00:03:23.583;3.64E+20;0.8;-999/-999;8247.3;2.11893e-14;7.50692e-15;3.11857e-14;1.24013e-14;-9.990E+02;2.68162e-14;-1.89778e-11;7.08577e-14;1.6137e-14;1.28298e-14;-9.990E+02
23:36:26.878;+00:10:04.409;3.58E+20;0.8;-999/-999;8331.5;1.65403e-14;6.92713e-15;2.43035e-14;-1.2706e-11;3.34067e-14;6.98751e-15;7.14151e-15;-9.990E+02;5.26307e-14;2.42815e-14;-9.990E+02
23:36:24.075;+00:02:44.123;3.59E+20;0.616;+0.26/-0.20;8088.3;1.42458e-13;1.95192e-14;6.55095e-14;1.73237e-14;-9.990E+02;1.16667e-13;2.75459e-14;-9.990E+02;1.65011e-13;3.92714e-14;-9.990E+02
23:36:18.638;+00:14:54.695;3.60E+20;0.8;-999/-999;7994.1;1.68196e-14;7.073e-15;1.54546e-14;9.0986e-15;-9.990E+02;7.09673e-15;7.36541e-15;-9.990E+02;2.13746e-14;1.55859e-14;-9.990E+02
23:36:34.960;+00:04:45.162;3.58E+20;0.8;-999/-999;8180.6;1.87174e-14;7.35124e-15;1.71835e-14;9.43018e-15;-9.990E+02;7.90437e-15;-1.86059e-11;7.83632e-14;3.57129e-14;1.95989e-14;-9.990E+02
23:35:34.041;+00:14:11.515;3.66E+20;0.8;-999/-999;8212.7;2.93402e-14;9.2131e-15;2.16302e-14;1.07642e-14;-9.990E+02;2.96937e-14;1.4777e-14;-9.990E+02;2.23477e-14;1.58247e-14;-9.990E+02
23:36:19.644;-00:00:57.016;3.60E+20;0.8;-999/-999;7523.8;3.52518e-14;1.00437e-14;2.88036e-14;1.24599e-14;-9.990E+02;4.96162e-14;1.90763e-14;-9.990E+02;2.6899e-14;-3.8266e-11;9.85648e-14
23:35:22.691;+00:09:59.694;3.67E+20;0.8;-999/-999;8316.6;2.31527e-14;8.36502e-15;1.42346e-14;8.91397e-15;-9.990E+02;1.95291e-14;1.22295e-14;-9.990E+02;2.93893e-14;1.84041e-14;-9.990E+02
23:36:06.647;-00:03:35.898;3.61E+20;0.8;-999/-999;8325.6;3.34247e-14;9.9057e-15;1.02451e-14;7.36253e-15;-9.990E+02;4.23129e-14;1.76095e-14;-9.990E+02;4.24964e-14;2.16933e-14;-9.990E+02
01:02:26.261;-00:39:00.141;3.37E+20;0.8;-999/-999;607.2;7.28624e-13;1.30563e-13;1.02013e-12;2.00884e-13;-9.990E+02;4.27997e-13;1.54051e-13;-9.990E+02;0;-5.01054e-10;1.42373e-12
01:51:05.539;-00:34:24.296;2.60E+20;0.8;-999/-999;930.6;1.94322e-13;5.88025e-14;1.14067e-13;6.05486e-14;-9.990E+02;3.3545e-13;1.23511e-13;-9.990E+02;0;-2.314e-10;8.44049e-13
01:50:56.866;-00:35:08.142;2.60E+20;0.8;-999/-999;955.7;8.09423e-14;3.829e-14;4.75e-14;4.00849e-14;-9.990E+02;1.39688e-13;8.30484e-14;-9.990E+02;0;-1.50658e-10;7.02925e-13
20:43:42.134;+00:01:15.242;5.51E+20;0.8;-999/-999;3148.8;1.09507e-13;2.55051e-14;1.45362e-13;4.06273e-14;-9.990E+02;8.91549e-14;3.48851e-14;-9.990E+02;0;-9.18805e-11;2.17418e-13
20:43:51.210;+00:07:39.126;5.59E+20;0.8;-999/-999;3279.8;8.69046e-14;2.40608e-14;1.1576e-13;-4.80103e-11;2.29626e-13;8.47629e-14;3.52109e-14;-9.990E+02;1.87681e-13;6.49416e-14;-9.990E+02
01:06:00.014;-00:32:07.932;3.78E+20;0.8;-999/-999;10171.4;1.65768e-14;5.83389e-15;2.45529e-14;9.62829e-15;-9.990E+02;8.3647e-15;6.72048e-15;-9.990E+02;0;-2.21037e-11;8.32125e-14
01:05:47.720;-00:36:28.285;3.78E+20;0.8;-999/-999;11379.1;1.70179e-14;5.83389e-15;3.93933e-15;3.75224e-15;-9.990E+02;1.60976e-14;8.99654e-15;-9.990E+02;3.22705e-14;1.56711e-14;-9.990E+02
01:05:23.795;-00:25:37.110;3.63E+20;0.8;-999/-999;9098.3;2.5927e-14;7.08e-15;1.59014e-14;7.56898e-15;-9.990E+02;4.37558e-14;1.47716e-14;-9.990E+02;4.93921e-14;-2.69485e-11;1.08657e-13
01:05:44.874;-00:22:34.393;3.62E+20;0.8;-999/-999;7716.5;5.03635e-14;9.9085e-15;1.85291e-14;8.16978e-15;-9.990E+02;1.0205e-13;2.21979e-14;-9.990E+02;9.5977e-14;-3.77272e-11;2.54051e-13
01:05:04.955;-00:31:04.770;3.68E+20;0.8;-999/-999;5928.9;6.62346e-14;1.14882e-14;2.44217e-14;9.62953e-15;-9.990E+02;6.69469e-14;1.87466e-14;-9.990E+02;1.00736e-13;2.82082e-14;-9.990E+02
01:06:20.257;-00:29:51.764;3.71E+20;0.8;-999/-999;9975.1;6.51216e-14;1.12156e-14;3.43639e-14;1.06997e-14;-9.990E+02;5.87551e-14;1.62957e-14;-9.990E+02;8.83832e-14;2.45131e-14;-9.990E+02
01:05:56.881;-00:41:44.686;3.89E+20;0.8;-999/-999;10946.8;3.64283e-14;8.8536e-15;4.84051e-14;1.39052e-14;-9.990E+02;1.30955e-14;8.39362e-15;-9.990E+02;1.96624e-14;1.26027e-14;-9.990E+02
01:05:47.742;-00:44:49.930;3.90E+20;0.8;-999/-999;10689.4;3.68384e-14;9.71312e-15;2.74378e-14;1.1358e-14;-9.990E+02;1.85507e-14;1.09687e-14;-9.990E+02;5.57012e-14;2.30577e-14;-9.990E+02
01:56:52.292;-00:12:23.024;2.65E+20;0.8;-999/-999;4068.0;1.57538e-13;2.46582e-14;1.71027e-13;3.34754e-14;-9.990E+02;1.40976e-13;3.6767e-14;-9.990E+02;2.38204e-14;1.86491e-14;-9.990E+02
01:56:46.235;-00:16:00.101;2.65E+20;0.8;-999/-999;4590.6;8.49064e-14;1.78087e-14;9.27403e-14;2.39404e-14;-9.990E+02;5.22814e-14;2.19256e-14;-9.990E+02;4.76893e-14;2.63415e-14;-9.990E+02
01:56:46.965;-00:21:14.628;2.63E+20;0.8;-999/-999;4539.9;3.20596e-13;3.42225e-14;3.948e-13;5.1184e-14;-9.990E+02;2.23881e-13;4.56119e-14;-9.990E+02;4.00601e-14;2.44821e-14;-9.990E+02
22:44:24.439;-00:09:38.783;5.22E+20;0.8;-999/-999;32393.8;2.95437e-14;4.31404e-15;2.7991e-14;5.74219e-15;-9.990E+02;2.68663e-14;6.54037e-15;-9.990E+02;1.59178e-14;5.99825e-15;-9.990E+02
22:44:35.681;-00:09:34.358;5.24E+20;0.8;-999/-999;35114.0;7.70299e-15;2.53045e-15;4.13536e-15;2.49118e-15;-9.990E+02;8.59115e-15;4.03623e-15;-9.990E+02;7.63182e-15;4.59748e-15;-9.990E+02
22:44:38.825;-00:08:47.087;5.25E+20;0.8;-999/-999;33965.4;1.42428e-14;3.12669e-15;7.65194e-15;3.18513e-15;-9.990E+02;1.11164e-14;4.23394e-15;-9.990E+02;2.11596e-14;7.44265e-15;-9.990E+02
22:44:04.965;-00:09:33.039;5.18E+20;0.8;-999/-999;35359.9;6.5974e-15;2.37744e-15;1.99356e-15;1.86778e-15;-9.990E+02;6.23437e-15;3.61542e-15;-9.990E+02;1.10816e-14;5.77066e-15;-9.990E+02
22:44:04.436;-00:10:11.860;5.18E+20;0.8;-999/-999;35895.8;8.22891e-15;2.52603e-15;5.38737e-15;2.89418e-15;-9.990E+02;7.77471e-15;-6.19787e-12;1.4845e-14;1.99674e-14;7.66356e-15;-9.990E+02
22:44:32.074;-00:03:54.921;5.24E+20;0.8;-999/-999;35074.5;8.60651e-15;2.6793e-15;9.12358e-15;3.86866e-15;-9.990E+02;8.11995e-15;3.94492e-15;-9.990E+02;2.40529e-15;2.66113e-15;-9.990E+02
22:44:46.462;-00:09:24.476;5.26E+20;0.8;-999/-999;33770.8;1.81111e-14;3.57456e-15;1.37329e-14;4.4612e-15;-9.990E+02;1.70947e-14;5.55332e-15;-9.990E+02;1.51885e-14;6.4908e-15;-9.990E+02
22:44:25.395;-00:02:33.257;5.23E+20;0.8;-999/-999;34642.5;7.15032e-15;2.52977e-15;7.03791e-15;3.46477e-15;-9.990E+02;4.38629e-15;3.2395e-15;-9.990E+02;6.49597e-15;4.79761e-15;-9.990E+02
22:44:48.176;-00:06:18.911;5.27E+20;1.394;+0.07/-0.07;35421.2;2.17069e-13;7.99819e-15;3.70724e-13;1.99414e-14;-9.990E+02;3.47464e-13;1.98961e-14;-9.990E+02;1.82273e-13;1.64e-14;-9.990E+02
22:43:58.779;-00:10:50.837;5.17E+20;0.8;-999/-999;35692.2;1.87606e-14;3.56496e-15;1.16273e-14;3.88743e-15;-9.990E+02;1.45514e-14;4.86505e-15;-9.990E+02;2.5154e-14;7.93398e-15;-9.990E+02
22:44:27.629;-00:16:17.136;5.21E+20;0.8;-999/-999;34403.4;7.90298e-15;2.52824e-15;5.97496e-15;3.04743e-15;-9.990E+02;7.45981e-15;3.80476e-15;-9.990E+02;6.63094e-15;4.44911e-15;-9.990E+02
22:43:56.188;-00:08:16.760;5.18E+20;0.8;-999/-999;35951.1;2.47848e-14;4.16052e-15;3.47581e-15;2.09045e-15;-9.990E+02;3.48001e-14;7.60681e-15;-9.990E+02;3.22172e-14;9.15625e-15;-9.990E+02
22:43:55.185;-00:11:51.213;5.17E+20;0.8;-999/-999;36312.1;7.85034e-15;2.52518e-15;5.60513e-15;2.93671e-15;-9.990E+02;3.50773e-15;2.52778e-15;-9.990E+02;1.29907e-14;6.1276e-15;-9.990E+02
22:44:01.837;-00:03:25.000;5.20E+20;0.8;-999/-999;34085.4;1.41712e-14;3.27074e-15;1.21927e-14;4.28731e-15;-9.990E+02;8.70375e-15;4.01599e-15;-9.990E+02;1.61173e-14;6.60919e-15;-9.990E+02
22:44:23.318;-00:17:06.808;5.20E+20;0.8;-999/-999;34660.2;1.22995e-14;3.12207e-15;6.59316e-15;3.28781e-15;-9.990E+02;1.09819e-14;4.6549e-15;-9.990E+02;1.62688e-14;6.89584e-15;-9.990E+02
22:44:59.261;-00:09:53.777;5.29E+20;0.8;-999/-999;29826.2;8.73699e-15;2.83233e-15;6.46498e-15;3.46779e-15;-9.990E+02;5.35428e-15;3.35218e-15;-9.990E+02;1.18896e-14;6.37756e-15;-9.990E+02
22:44:45.851;-00:01:51.808;5.28E+20;0.8;-999/-999;35667.5;9.65863e-15;2.83157e-15;6.92769e-15;3.39184e-15;-9.990E+02;8.61342e-15;4.21718e-15;-9.990E+02;9.55806e-15;5.50657e-15;-9.990E+02
22:43:56.525;-00:15:32.346;5.16E+20;0.8;-999/-999;35430.7;8.71249e-15;2.673e-15;5.70018e-15;3.02494e-15;-9.990E+02;2.37928e-15;2.17273e-15;-9.990E+02;1.76307e-14;7.11178e-15;-9.990E+02
22:44:37.443;+00:00:12.933;5.26E+20;0.8;-999/-999;34833.8;1.14058e-14;3.12774e-15;1.02167e-14;4.24988e-15;-9.990E+02;7.62851e-15;3.9677e-15;-9.990E+02;1.1294e-14;5.87417e-15;-9.990E+02
22:45:03.269;-00:11:15.506;5.30E+20;0.8;-999/-999;20971.1;2.7645e-14;4.77152e-15;1.98496e-14;5.76592e-15;-9.990E+02;3.08142e-14;7.87717e-15;-9.990E+02;1.82405e-14;7.41629e-15;-9.990E+02
22:44:12.822;-00:19:03.090;5.18E+20;0.8;-999/-999;30885.7;1.07356e-14;2.9718e-15;4.68403e-15;2.82414e-15;-9.990E+02;1.75825e-14;6.12122e-15;-9.990E+02;4.34124e-15;3.48944e-15;-9.990E+02
22:43:48.635;-00:14:49.163;5.16E+20;0.8;-999/-999;32702.3;9.80249e-15;2.97e-15;5.77303e-15;3.19688e-15;-9.990E+02;7.22907e-15;4.00317e-15;-9.990E+02;1.42831e-14;6.63045e-15;-9.990E+02
22:44:25.618;+00:01:49.023;5.24E+20;0.8;-999/-999;29189.7;2.00203e-14;3.8701e-15;1.39096e-14;4.50171e-15;-9.990E+02;1.44464e-14;5.17953e-15;-9.990E+02;2.56702e-14;8.30792e-15;-9.990E+02
22:43:31.838;-00:12:32.548;5.16E+20;0.898;+0.11/-0.09;15531.3;2.53886e-13;1.51041e-14;1.37718e-13;1.58912e-14;-9.990E+02;3.21737e-13;2.69538e-14;-9.990E+02;2.62117e-13;2.94078e-14;-9.990E+02
02:35:52.634;+00:39:32.709;2.32E+20;0.8;-999/-999;7718.2;2.03777e-14;7.3116e-15;5.90659e-15;5.23774e-15;-9.990E+02;3.54231e-14;1.54112e-14;-9.990E+02;1.35031e-14;1.1974e-14;-9.990E+02
02:35:18.335;+00:39:07.656;2.27E+20;0.8;-999/-999;6320.6;2.8868e-14;9.05505e-15;2.50531e-14;1.1485e-14;-9.990E+02;2.82476e-14;1.49013e-14;-9.990E+02;1.43742e-14;1.3319e-14;-9.990E+02
02:35:21.383;+00:49:21.229;2.22E+20;0.8;-999/-999;5684.0;3.52115e-14;1.10626e-14;3.04913e-14;-1.91406e-11;1.34092e-13;6.12824e-14;2.38328e-14;-9.990E+02;4.68114e-14;2.54836e-14;-9.990E+02
02:33:22.552;+00:51:00.130;2.06E+20;1.041;+0.24/-0.18;7085.8;1.00014e-13;1.1803e-14;6.18608e-14;1.37292e-14;-9.990E+02;1.65997e-13;2.60409e-14;-9.990E+02;9.69032e-14;2.48792e-14;-9.990E+02
02:33:13.443;+00:55:34.401;2.06E+20;0.8;-999/-999;7394.6;3.84953e-14;8.31606e-15;2.20692e-14;8.27911e-15;-9.990E+02;3.365e-14;1.26236e-14;-9.990E+02;5.14877e-14;1.93153e-14;-9.990E+02
02:33:29.580;+00:58:16.666;2.06E+20;0.8;-999/-999;9430.8;2.84087e-14;7.10889e-15;3.10957e-14;1.00254e-14;-9.990E+02;2.70902e-14;1.15578e-14;-9.990E+02;3.79955e-14;-2.84966e-11;6.85103e-14
02:33:59.885;+00:49:36.755;2.07E+20;0.8;-999/-999;10892.4;2.93586e-14;7.24572e-15;2.16431e-14;8.35251e-15;-9.990E+02;2.74838e-14;1.15873e-14;-9.990E+02;2.52303e-14;1.36593e-14;-9.990E+02
02:33:53.169;+00:58:22.358;2.09E+20;0.8;-999/-999;10669.6;1.68521e-14;5.90832e-15;1.9347e-14;8.25722e-15;-9.990E+02;1.47179e-14;8.97569e-15;-9.990E+02;1.44722e-14;-2.36593e-11;7.43792e-14
02:34:14.524;+00:57:06.270;2.12E+20;0.711;+0.21/-0.17;8583.4;1.76269e-13;2.02608e-14;1.2177e-13;2.12624e-14;-9.990E+02;1.15835e-13;2.53723e-14;-9.990E+02;1.96337e-13;4.1135e-14;-9.990E+02
02:33:51.670;+01:08:12.716;2.08E+20;0.769;+0.12/-0.10;4058.3;7.32131e-13;4.823e-14;4.62825e-13;5.04859e-14;-9.990E+02;6.46201e-13;7.17806e-14;-9.990E+02;7.9551e-13;1.01582e-13;-9.990E+02
02:34:08.593;+01:06:17.909;2.08E+20;0.8;-999/-999;7767.2;1.71546e-13;2.28191e-14;2.085e-13;3.27398e-14;-9.990E+02;1.32245e-13;3.23947e-14;-9.990E+02;1.89766e-13;-9.13847e-11;2.67534e-13
02:34:29.456;+01:03:23.222;2.12E+20;0.8;-999/-999;6524.4;7.73856e-14;1.88188e-14;2.67022e-14;1.4422e-14;-9.990E+02;1.21574e-13;3.83306e-14;-9.990E+02;6.20041e-14;3.34887e-14;-9.990E+02
02:06:15.866;-00:17:29.375;2.43E+20;0.872;+0.02/-0.02;22801.4;5.11311e-12;5.3634e-14;3.95459e-12;6.35095e-14;-9.990E+02;4.75457e-12;8.57508e-14;-9.990E+02;5.32264e-12;1.08301e-13;-9.990E+02
02:05:57.010;-00:21:57.588;2.46E+20;0.8;-999/-999;22776.2;1.18381e-14;3.26568e-15;7.53412e-15;3.31939e-15;-9.990E+02;1.95718e-14;6.56636e-15;-9.990E+02;1.17936e-14;-1.29137e-11;2.81484e-14
02:05:47.018;-00:19:13.623;2.44E+20;0.8;-999/-999;22705.4;9.2344e-15;2.99156e-15;7.18005e-15;3.44024e-15;-9.990E+02;8.00292e-15;4.50142e-15;-9.990E+02;8.13135e-15;5.61117e-15;-9.990E+02
02:06:21.050;-00:23:47.276;2.47E+20;0.8;-999/-999;22525.9;3.49284e-14;5.4448e-15;2.0385e-14;5.4287e-15;-9.990E+02;3.6264e-14;8.83625e-15;-9.990E+02;3.68624e-14;1.10722e-14;-9.990E+02
02:06:29.047;-00:22:07.016;2.46E+20;0.8;-999/-999;23601.4;9.81473e-15;3.12961e-15;3.81706e-15;2.66456e-15;-9.990E+02;8.49598e-15;4.612e-15;-9.990E+02;1.7265e-14;8.3686e-15;-9.990E+02
02:05:47.160;-00:23:33.563;2.46E+20;0.8;-999/-999;19552.3;1.05454e-14;3.26568e-15;4.10043e-15;-5.71012e-12;1.74232e-14;7.82803e-15;4.56606e-15;-9.990E+02;2.98232e-14;1.09373e-14;-9.990E+02
02:06:01.851;-00:11:39.105;2.40E+20;0.8;-999/-999;19063.6;2.5418e-14;4.7523e-15;1.10963e-14;4.1475e-15;-9.990E+02;2.48024e-14;7.41636e-15;-9.990E+02;3.78167e-14;1.13079e-14;-9.990E+02
02:06:28.256;-00:13:18.642;2.42E+20;0.8;-999/-999;23262.7;1.34888e-14;3.53288e-15;5.2366e-15;2.92452e-15;-9.990E+02;1.55849e-14;6.28414e-15;-9.990E+02;1.78183e-14;8.10412e-15;-9.990E+02
02:05:52.315;-00:26:07.167;2.48E+20;0.8;-999/-999;18738.6;1.34468e-14;3.67659e-15;6.72809e-15;3.37239e-15;-9.990E+02;9.97195e-15;4.99835e-15;-9.990E+02;2.27906e-14;9.34888e-15;-9.990E+02
02:05:41.381;-00:12:53.756;2.39E+20;0.8;-999/-999;18538.4;1.66812e-14;4.20763e-15;8.31238e-15;-7.33432e-12;1.92203e-14;1.73558e-14;6.94587e-15;-9.990E+02;3.97007e-14;1.28423e-14;-9.990E+02
02:06:06.074;-00:09:42.290;2.39E+20;0.8;-999/-999;17251.0;2.29248e-14;4.88628e-15;1.60043e-14;5.36871e-15;-9.990E+02;2.9828e-14;9.18112e-15;-9.990E+02;9.09459e-15;6.10075e-15;-9.990E+02
02:06:34.503;-00:26:10.674;2.48E+20;0.8;-999/-999;15138.7;2.22774e-14;4.90212e-15;1.95021e-14;6.11514e-15;-9.990E+02;1.15662e-14;5.7831e-15;-9.990E+02;2.64311e-14;1.05767e-14;-9.990E+02
02:06:09.465;-00:09:06.749;2.39E+20;0.8;-999/-999;14283.6;2.79197e-14;5.56493e-15;1.0825e-14;4.48063e-15;-9.990E+02;3.22822e-14;9.57661e-15;-9.990E+02;3.69222e-14;1.25677e-14;-9.990E+02
02:06:50.587;-00:17:55.959;2.45E+20;0.8;-999/-999;16886.5;1.42957e-14;4.0806e-15;8.3398e-15;4.09971e-15;-9.990E+02;1.65094e-14;-1.05905e-11;4.07789e-14;3.77496e-14;1.34035e-14;-9.990E+02
02:06:48.015;-00:14:39.360;2.44E+20;0.8;-999/-999;19795.6;1.16263e-14;3.67146e-15;4.06553e-15;2.89579e-15;-9.990E+02;1.81294e-14;7.48353e-15;-9.990E+02;9.20835e-15;6.55893e-15;-9.990E+02
02:07:00.340;-00:17:54.515;2.45E+20;0.313;+0.27/-0.20;10220.5;6.32161e-14;1.09092e-14;1.41175e-14;-1.21704e-11;7.76517e-14;6.04926e-14;1.48136e-14;-9.990E+02;9.95999e-14;2.43902e-14;-9.990E+02
01:05:47.591;-00:36:27.013;3.78E+20;0.8;-999/-999;9868.3;1.4727e-14;5.83389e-15;4.54801e-15;4.41363e-15;-9.990E+02;1.23891e-14;8.50112e-15;-9.990E+02;2.79372e-14;1.55794e-14;-9.990E+02
01:05:23.795;-00:25:37.110;3.63E+20;0.8;-999/-999;9098.3;2.21321e-14;7.08e-15;1.35773e-14;7.56898e-15;-9.990E+02;3.73411e-14;1.47716e-14;-9.990E+02;4.21735e-14;-2.69485e-11;9.27957e-14
01:05:57.944;-00:23:34.825;3.64E+20;0.8;-999/-999;8359.4;1.83282e-14;6.65708e-15;5.62438e-15;5.07159e-15;-9.990E+02;2.31927e-14;1.20032e-14;-9.990E+02;2.32749e-14;1.45724e-14;-9.990E+02
01:05:44.874;-00:22:34.393;3.62E+20;0.8;-999/-999;7716.5;4.35408e-14;9.9085e-15;1.60219e-14;8.16978e-15;-9.990E+02;8.82184e-14;2.21979e-14;-9.990E+02;5.53527e-14;-3.77272e-11;2.19684e-13
01:05:04.955;-00:31:04.770;3.68E+20;0.8;-999/-999;5928.9;5.65476e-14;1.14882e-14;2.08518e-14;9.62953e-15;-9.990E+02;5.71577e-14;1.87466e-14;-9.990E+02;8.60059e-14;2.82082e-14;-9.990E+02
01:06:20.284;-00:29:50.662;3.71E+20;0.8;-999/-999;8358.3;5.95422e-14;1.14996e-14;2.53706e-14;1.04533e-14;-9.990E+02;5.78583e-14;1.8326e-14;-9.990E+02;8.70343e-14;2.75671e-14;-9.990E+02
01:05:56.881;-00:41:44.686;3.89E+20;0.8;-999/-999;9269.4;4.44394e-14;1.04244e-14;5.90319e-14;1.64104e-14;-9.990E+02;1.59784e-14;9.80275e-15;-9.990E+02;2.3991e-14;1.47184e-14;-9.990E+02
01:05:48.107;-00:44:45.075;3.90E+20;0.8;-999/-999;8999.3;3.38674e-14;1.01416e-14;4.50118e-14;-1.88582e-11;1.04301e-13;6.39209e-14;2.21422e-14;-9.990E+02;3.19958e-14;1.89287e-14;-9.990E+02
01:30:52.274;+01:27:12.008;2.36E+20;0.8;-999/-999;1334.5;4.57345e-13;7.32186e-14;3.67857e-13;8.66838e-14;-9.990E+02;4.12292e-13;1.12427e-13;-9.990E+02;3.49226e-13;1.26746e-13;-9.990E+02
01:30:46.112;+01:18:54.492;2.36E+20;0.8;-999/-999;1376.5;7.86422e-14;3.38975e-14;6.32468e-14;-5.90177e-11;1.81424e-13;1.22911e-13;6.74917e-14;-9.990E+02;1.2497e-13;8.44797e-14;-9.990E+02
01:14:27.155;-01:16:32.213;4.68E+20;0.8;-999/-999;1442.7;5.13027e-13;7.75761e-14;4.48509e-13;1.00626e-13;-9.990E+02;4.62634e-13;1.16293e-13;-9.990E+02;3.44349e-13;1.23213e-13;-9.990E+02
20:35:49.962;-00:25:51.390;7.96E+20;0.8;-999/-999;5364.8;3.77667e-14;1.26637e-14;9.23447e-15;9.05811e-15;-9.990E+02;1.97469e-14;1.36588e-14;-9.990E+02;8.53383e-14;3.43309e-14;-9.990E+02
20:35:55.858;-00:23:37.746;7.86E+20;0.8;-999/-999;4599.9;3.60552e-13;3.67747e-14;1.33923e-14;1.07468e-14;-9.990E+02;1.15254e-13;3.1773e-14;-9.990E+02;1.03845e-12;1.16608e-13;-9.990E+02
20:35:53.472;-00:32:25.454;8.09E+20;0.8;-999/-999;5518.6;2.36405e-14;1.02925e-14;1.74343e-14;1.32189e-14;-9.990E+02;9.25585e-15;9.87921e-15;-9.990E+02;3.9934e-14;2.46776e-14;-9.990E+02
20:36:40.934;-00:23:22.087;7.39E+20;0.8;-999/-999;5518.6;3.01723e-14;1.26376e-14;6.48865e-14;2.71776e-14;-9.990E+02;1.19301e-14;-2.99452e-11;1.1829e-13;5.18298e-14;-4.33742e-11;1.71337e-13
03:33:24.637;+01:00:46.951;7.51E+20;0.8;-999/-999;5843.2;2.28989e-14;9.82514e-15;8.24571e-15;8.58814e-15;-9.990E+02;1.80706e-14;1.33316e-14;-9.990E+02;3.92079e-14;2.38244e-14;-9.990E+02
03:34:06.198;+01:01:24.665;7.36E+20;0.8;-999/-999;5702.1;6.38503e-14;1.5785e-14;4.57026e-14;1.89862e-14;-9.990E+02;6.73084e-14;2.42228e-14;-9.990E+02;4.8777e-14;2.49637e-14;-9.990E+02
03:33:26.447;+01:08:42.039;7.58E+20;0.8;-999/-999;5693.2;6.01663e-14;1.55575e-14;3.26131e-14;1.66471e-14;-9.990E+02;5.34004e-14;2.20812e-14;-9.990E+02;7.71975e-14;3.19213e-14;-9.990E+02
03:33:49.186;+00:52:05.753;7.36E+20;0.8;-999/-999;5892.6;4.55397e-14;1.42065e-14;1.39752e-14;1.11171e-14;-9.990E+02;6.17649e-14;2.40805e-14;-9.990E+02;4.47177e-14;2.54684e-14;-9.990E+02
03:33:05.766;+00:57:36.276;7.57E+20;0.8;-999/-999;5943.9;7.25463e-14;1.74581e-14;6.5492e-14;2.52101e-14;-9.990E+02;8.5837e-14;2.98289e-14;-9.990E+02;2.06779e-14;1.72524e-14;-9.990E+02
02:53:29.778;-00:14:04.140;5.54E+20;0.8;-999/-999;33818.6;9.08018e-15;2.70288e-15;5.56865e-15;3.0448e-15;-9.990E+02;1.0231e-14;4.30353e-15;-9.990E+02;7.55431e-15;4.65867e-15;-9.990E+02
02:53:15.988;-00:14:27.070;5.45E+20;0.8;-999/-999;33278.2;7.96477e-15;2.54609e-15;5.75307e-15;3.12938e-15;-9.990E+02;7.08192e-15;3.85221e-15;-9.990E+02;7.85078e-15;4.81814e-15;-9.990E+02
02:53:12.816;-00:16:27.079;5.44E+20;0.8;-999/-999;33398.8;7.94863e-15;2.54524e-15;9.4707e-15;3.79007e-15;-9.990E+02;3.8883e-15;2.73865e-15;-9.990E+02;5.74606e-15;4.04713e-15;-9.990E+02
02:53:34.061;-00:17:47.120;5.53E+20;0.8;-999/-999;31469.2;2.19926e-14;3.753e-15;7.97614e-15;3.19524e-15;-9.990E+02;2.44176e-14;6.24917e-15;-9.990E+02;2.88368e-14;7.99249e-15;-9.990E+02
02:53:27.109;-00:11:00.270;5.54E+20;0.8;-999/-999;33274.3;7.38937e-15;2.55272e-15;4.91e-15;2.90827e-15;-9.990E+02;6.01175e-15;3.56086e-15;-9.990E+02;8.8747e-15;5.25663e-15;-9.990E+02
02:53:14.675;-00:11:24.750;5.45E+20;0.8;-999/-999;32850.6;8.26281e-15;2.54609e-15;1.36777e-15;1.49419e-15;-9.990E+02;8.41848e-15;3.96207e-15;-9.990E+02;1.49278e-14;6.6875e-15;-9.990E+02
02:53:37.835;-00:12:06.814;5.55E+20;1.157;+0.27/-0.20;34151.4;3.10177e-14;3.8703e-15;4.01994e-14;7.38124e-15;-9.990E+02;3.47733e-14;7.15085e-15;-9.990E+02;2.86415e-14;7.6849e-15;-9.990E+02
02:53:18.286;-00:20:12.323;5.44E+20;0.8;-999/-999;34458.2;1.18833e-14;2.84468e-15;3.14501e-15;2.11798e-15;-9.990E+02;1.16173e-14;4.34962e-15;-9.990E+02;2.003e-14;7.06624e-15;-9.990E+02
02:53:01.552;-00:16:14.509;5.44E+20;0.8;-999/-999;35067.7;1.52565e-14;3.14412e-15;1.27554e-14;3.98923e-15;-9.990E+02;1.37482e-14;4.69745e-15;-9.990E+02;1.16111e-14;5.04971e-15;-9.990E+02
02:53:46.610;-00:12:12.429;5.55E+20;0.8;-999/-999;35003.4;2.66905e-14;4.2056e-15;2.25898e-14;5.53361e-15;-9.990E+02;1.38175e-14;4.80626e-15;-9.990E+02;3.49637e-14;9.35107e-15;-9.990E+02
02:53:18.791;-00:09:01.679;5.54E+20;0.8;-999/-999;33037.3;1.91754e-14;3.60384e-15;2.91247e-14;6.28719e-15;-9.990E+02;8.91498e-15;3.73901e-15;-9.990E+02;3.29067e-15;2.82475e-15;-9.990E+02
02:53:49.082;-00:16:00.590;5.55E+20;0.8;-999/-999;34658.0;9.96126e-15;2.7036e-15;5.67742e-15;2.95735e-15;-9.990E+02;8.68132e-15;4.04371e-15;-9.990E+02;1.28144e-14;5.96888e-15;-9.990E+02
02:53:41.810;-00:10:27.562;5.55E+20;0.8;-999/-999;34228.1;6.63584e-15;2.4032e-15;8.82622e-15;3.87982e-15;-9.990E+02;5.40017e-15;3.35192e-15;-9.990E+02;8.53935e-15;-8.64758e-12;2.63324e-14
02:52:56.397;-00:19:02.376;5.43E+20;0.8;-999/-999;31039.4;2.46523e-14;4.04136e-15;6.66877e-15;2.91644e-15;-9.990E+02;3.56242e-14;7.63664e-15;-9.990E+02;2.42986e-14;7.63422e-15;-9.990E+02
02:52:53.924;-00:19:06.742;5.43E+20;0.736;+0.23/-0.18;27520.8;4.77371e-14;5.81011e-15;4.82592e-14;7.99055e-15;-9.990E+02;1.59773e-14;5.02647e-15;-9.990E+02;5.25652e-14;1.12734e-14;-9.990E+02
02:52:51.108;-00:12:04.897;5.44E+20;0.8;-999/-999;32937.8;7.36173e-15;2.39552e-15;8.76917e-15;3.73656e-15;-9.990E+02;1.80026e-15;1.88301e-15;-9.990E+02;7.98064e-15;4.94691e-15;-9.990E+02
02:52:50.966;-00:11:20.541;5.44E+20;0.8;-999/-999;32436.3;7.34227e-15;2.54524e-15;2.91523e-15;2.26542e-15;-9.990E+02;3.59064e-15;2.79028e-15;-9.990E+02;1.59234e-14;7.29349e-15;-9.990E+02
02:53:56.796;-00:11:23.841;5.56E+20;-0.052;+0.27/-0.20;31138.9;5.15596e-14;7.28841e-15;3.83264e-15;1.90216e-15;-9.990E+02;3.14496e-14;7.20397e-15;-9.990E+02;7.85245e-14;1.47894e-14;-9.990E+02
02:54:00.747;-00:15:33.420;5.56E+20;0.8;-999/-999;27050.1;1.10404e-14;3.005e-15;5.50751e-15;2.9981e-15;-9.990E+02;1.01049e-14;4.35214e-15;-9.990E+02;1.49144e-14;6.42357e-15;-9.990E+02
02:53:50.018;-00:07:50.169;5.56E+20;0.8;-999/-999;33221.8;1.04289e-14;3.005e-15;2.31213e-15;1.99164e-15;-9.990E+02;1.4138e-14;5.49975e-15;-9.990E+02;1.25224e-14;6.18546e-15;-9.990E+02
02:53:10.057;-00:05:46.567;5.54E+20;0.8;-999/-999;24006.9;1.68329e-14;3.754e-15;6.71532e-15;3.2873e-15;-9.990E+02;8.22217e-15;4.02494e-15;-9.990E+02;3.64025e-14;1.05576e-14;-9.990E+02
02:53:58.475;-00:09:11.439;5.57E+20;0.8;-999/-999;24850.1;1.34915e-14;3.45667e-15;1.79562e-14;5.56537e-15;-9.990E+02;1.09717e-14;4.89544e-15;-9.990E+02;2.9142e-14;-1.24361e-11;5.34838e-14
02:53:43.857;-00:05:00.872;5.56E+20;0.8;-999/-999;30797.0;1.48252e-14;3.606e-15;1.88221e-14;5.75635e-15;-9.990E+02;6.5777e-15;3.77283e-15;-9.990E+02;9.70841e-15;5.56854e-15;-9.990E+02
02:53:37.246;-00:04:20.511;5.56E+20;0.8;-999/-999;34146.5;9.68962e-15;3.005e-15;8.59255e-15;4.06842e-15;-9.990E+02;7.87931e-15;4.19081e-15;-9.990E+02;7.75482e-15;5.02521e-15;-9.990E+02
02:54:11.194;-00:18:44.418;5.55E+20;0.531;+0.22/-0.18;18570.3;7.10002e-14;8.6784e-15;2.74671e-14;6.71568e-15;-9.990E+02;5.50719e-14;1.07749e-14;-9.990E+02;8.5139e-14;1.66576e-14;-9.990E+02
22:28:41.562;+00:22:18.979;4.69E+20;0.8;-999/-999;5957.9;2.84348e-14;9.95656e-15;2.73523e-14;1.34113e-14;-9.990E+02;3.52303e-14;1.7274e-14;-9.990E+02;0;-3.67107e-11;8.65753e-14
22:29:09.388;+00:14:52.606;4.74E+20;0.8;-999/-999;6320.9;6.3935e-14;1.4664e-14;1.37002e-14;9.2381e-15;-9.990E+02;1.75927e-14;1.18628e-14;-9.990E+02;1.8327e-13;4.68417e-14;-9.990E+02
22:29:09.781;+00:25:24.995;4.80E+20;0.650;+0.14/-0.12;3030.0;7.3966e-13;5.74525e-14;3.29408e-13;4.89453e-14;-9.990E+02;6.62559e-13;8.14044e-14;-9.990E+02;8.43628e-13;1.12334e-13;-9.990E+02
22:47:30.098;+00:00:05.955;6.03E+20;1.015;+0.13/-0.11;21855.3;1.44851e-13;9.85292e-15;1.2296e-13;1.45029e-14;-9.990E+02;1.72079e-13;1.79684e-14;-9.990E+02;1.42308e-13;1.96304e-14;-9.990E+02
22:47:21.548;+00:05:05.503;6.07E+20;0.8;-999/-999;22426.3;1.24132e-14;3.65856e-15;1.26466e-14;5.3991e-15;-9.990E+02;1.26117e-14;-8.8455e-12;1.98489e-14;2.20481e-14;9.41283e-15;-9.990E+02
22:47:02.974;+00:00:24.230;5.92E+20;0.8;-999/-999;22579.3;3.18628e-14;5.6166e-15;1.38256e-14;5.26337e-15;-9.990E+02;4.13879e-14;9.96403e-15;-9.990E+02;2.84104e-14;9.8654e-15;-9.990E+02
22:47:10.159;-00:03:35.732;5.90E+20;0.8;-999/-999;22580.5;1.31077e-14;3.79275e-15;1.32598e-14;5.43715e-15;-9.990E+02;1.13568e-14;5.36734e-15;-9.990E+02;6.68149e-15;5.07609e-15;-9.990E+02
22:47:39.283;-00:04:14.122;6.01E+20;0.8;-999/-999;21981.4;1.60104e-14;4.26132e-15;1.77393e-14;6.44727e-15;-9.990E+02;1.0568e-14;5.52178e-15;-9.990E+02;1.03542e-14;6.34685e-15;-9.990E+02
22:47:32.286;+00:07:29.011;6.15E+20;0.8;-999/-999;17594.6;1.75391e-14;4.43062e-15;7.97481e-15;4.34819e-15;-9.990E+02;9.42619e-15;5.13954e-15;-9.990E+02;3.45633e-14;1.1624e-14;-9.990E+02
22:47:10.186;-00:05:06.407;5.88E+20;0.8;-999/-999;22247.4;3.32373e-14;5.91357e-15;8.76541e-15;4.29839e-15;-9.990E+02;4.90965e-14;1.12142e-14;-9.990E+02;3.0959e-14;1.08882e-14;-9.990E+02
22:47:51.358;-00:02:08.988;6.10E+20;0.8;-999/-999;22894.7;1.13375e-14;3.66168e-15;1.1571e-14;5.41662e-15;-9.990E+02;2.74204e-15;2.8782e-15;-9.990E+02;1.61024e-14;8.44927e-15;-9.990E+02
22:46:50.173;+00:02:00.690;5.88E+20;-0.273;+0.22/-0.17;19030.4;3.43618e-14;8.1873e-15;1.54831e-14;-7.37044e-12;2.04258e-14;5.43529e-15;-1.29387e-11;3.58572e-14;9.1856e-14;2.18863e-14;-9.990E+02
22:46:58.284;-00:04:09.643;5.84E+20;0.777;+0.16/-0.14;20883.2;1.2093e-13;1.04781e-14;6.50581e-14;1.07103e-14;-9.990E+02;1.21621e-13;1.63047e-14;-9.990E+02;1.31164e-13;2.05297e-14;-9.990E+02
22:48:01.643;-00:00:05.958;6.18E+20;0.864;+0.26/-0.20;17091.7;6.16325e-14;8.008e-15;2.56364e-14;7.67946e-15;-9.990E+02;8.14659e-14;1.47866e-14;-9.990E+02;6.43672e-14;1.57111e-14;-9.990E+02
22:48:00.489;+00:03:56.345;6.24E+20;0.8;-999/-999;16181.3;3.47849e-14;6.27997e-15;4.39091e-14;1.00453e-14;-9.990E+02;2.58283e-14;8.46777e-15;-9.990E+02;9.4642e-15;6.20834e-15;-9.990E+02
22:47:21.050;-00:08:13.817;5.88E+20;0.8;-999/-999;22236.8;1.46111e-14;4.24564e-15;1.18129e-14;5.46343e-15;-9.990E+02;1.41806e-14;6.55847e-15;-9.990E+02;1.04334e-14;6.8924e-15;-9.990E+02
22:47:59.556;-00:02:15.667;6.13E+20;0.8;-999/-999;18724.7;1.19137e-14;3.9702e-15;4.05522e-15;3.24418e-15;-9.990E+02;1.43998e-14;6.71817e-15;-9.990E+02;1.40881e-14;8.09752e-15;-9.990E+02
22:47:27.231;-00:09:26.906;5.88E+20;0.8;-999/-999;17890.6;3.29189e-14;6.36846e-15;1.10924e-14;-1.28645e-11;2.73969e-14;2.49642e-14;8.70783e-15;-9.990E+02;8.07814e-14;1.88959e-14;-9.990E+02
22:47:52.785;-00:06:49.625;6.02E+20;0.8;-999/-999;21060.4;2.27279e-14;5.17582e-15;8.4051e-15;4.54154e-15;-9.990E+02;3.00192e-14;9.0946e-15;-9.990E+02;2.20519e-14;9.38506e-15;-9.990E+02
22:46:58.979;-00:08:21.470;5.79E+20;0.8;-999/-999;12443.3;2.866e-14;6.35208e-15;1.04989e-14;-1.2784e-11;7.62284e-14;5.5699e-14;1.38972e-14;-9.990E+02;2.05172e-14;1.02315e-14;-9.990E+02
22:48:13.870;+00:03:09.051;6.28E+20;0.8;-999/-999;10482.5;6.32374e-14;9.35374e-15;3.89878e-14;1.09588e-14;-9.990E+02;6.09767e-14;1.48873e-14;-9.990E+02;6.70169e-14;1.88373e-14;-9.990E+02
00:54:41.013;+00:01:08.726;2.92E+20;0.8;-999/-999;1398.8;4.26978e-13;7.05177e-14;4.57092e-13;9.77368e-14;-9.990E+02;2.74295e-13;9.16803e-14;-9.990E+02;2.49623e-13;1.06704e-13;-9.990E+02
00:54:35.917;-00:01:58.680;2.93E+20;0.8;-999/-999;1553.9;7.97138e-14;3.18136e-14;8.53914e-14;-5.67629e-11;1.5695e-13;1.02423e-13;5.7893e-14;-9.990E+02;1.55317e-13;8.77901e-14;-9.990E+02
00:10:02.746;-01:01:15.407;3.35E+20;0.8;-999/-999;2671.6;5.76914e-14;2.2448e-14;2.62233e-14;2.12949e-14;-9.990E+02;3.67171e-14;2.98166e-14;-9.990E+02;1.1082e-13;6.00208e-14;-9.990E+02
00:10:38.818;-00:51:41.125;3.33E+20;0.8;-999/-999;2418.2;7.40677e-14;2.5236e-14;2.68974e-14;2.07054e-14;-9.990E+02;1.13198e-13;4.97783e-14;-9.990E+02;5.69459e-14;4.38364e-14;-9.990E+02
21:27:47.301;+00:49:29.308;3.83E+20;0.8;-999/-999;16163.2;4.11313e-14;7.126e-15;3.66569e-14;9.21713e-15;-9.990E+02;3.31596e-14;1.00689e-14;-9.990E+02;3.11503e-14;1.22669e-14;-9.990E+02
21:27:34.876;+00:43:12.369;3.84E+20;0.8;-999/-999;16099.9;2.10291e-14;5.41766e-15;1.06507e-14;5.19567e-15;-9.990E+02;1.44566e-14;7.05227e-15;-9.990E+02;3.61916e-14;1.36703e-14;-9.990E+02
21:27:24.015;+00:47:19.847;3.85E+20;0.8;-999/-999;16918.9;1.79831e-14;4.99135e-15;3.34014e-15;2.91898e-15;-9.990E+02;9.06514e-15;5.59071e-15;-9.990E+02;4.76609e-14;1.5743e-14;-9.990E+02
21:27:55.257;+00:41:34.793;3.81E+20;0.8;-999/-999;15658.8;1.26791e-14;4.41533e-15;7.83555e-15;4.67703e-15;-9.990E+02;1.42072e-14;7.35498e-15;-9.990E+02;1.06747e-14;7.76585e-15;-9.990E+02
21:27:23.612;+00:44:28.235;3.85E+20;0.8;-999/-999;16748.0;1.78833e-14;5.13396e-15;1.32811e-14;6.0684e-15;-9.990E+02;9.00765e-15;5.6446e-15;-9.990E+02;2.7066e-14;1.23645e-14;-9.990E+02
21:28:14.586;+00:50:40.233;3.80E+20;0.8;-999/-999;16688.0;4.25859e-14;7.54614e-15;3.78682e-14;9.74282e-15;-9.990E+02;3.00702e-14;1.00509e-14;-9.990E+02;3.8726e-14;1.41391e-14;-9.990E+02
21:28:06.760;+00:41:37.850;3.80E+20;0.8;-999/-999;16971.6;4.54762e-14;7.8309e-15;3.71029e-14;9.61879e-15;-9.990E+02;5.50844e-14;1.37783e-14;-9.990E+02;1.37883e-14;8.28378e-15;-9.990E+02
21:27:26.102;+00:53:52.693;3.86E+20;0.8;-999/-999;16662.6;2.72623e-14;6.13438e-15;7.99716e-15;4.58836e-15;-9.990E+02;4.33723e-14;1.22391e-14;-9.990E+02;2.17125e-14;1.05513e-14;-9.990E+02
21:28:10.868;+00:54:30.907;3.80E+20;0.8;-999/-999;16824.4;1.84952e-14;5.26806e-15;6.85586e-15;4.35946e-15;-9.990E+02;2.33265e-14;9.49075e-15;-9.990E+02;2.10306e-14;1.10522e-14;-9.990E+02
21:27:40.578;+00:57:01.684;3.86E+20;0.8;-999/-999;15966.4;3.84469e-14;7.41832e-15;3.12518e-14;9.12901e-15;-9.990E+02;3.62933e-14;1.14055e-14;-9.990E+02;2.72715e-14;1.20301e-14;-9.990E+02
21:27:38.920;+00:38:20.028;3.83E+20;0.8;-999/-999;12140.0;2.26322e-14;6.27088e-15;4.66543e-15;3.87992e-15;-9.990E+02;4.43637e-14;1.3909e-14;-9.990E+02;9.51996e-15;7.91711e-15;-9.990E+02
21:27:53.500;+00:37:03.494;3.81E+20;0.8;-999/-999;12792.2;3.88976e-14;7.83365e-15;1.60276e-14;6.77919e-15;-9.990E+02;5.45159e-14;1.47495e-14;-9.990E+02;3.27526e-14;1.38533e-14;-9.990E+02
21:27:33.560;+00:58:05.515;3.87E+20;0.8;-999/-999;9955.0;4.61349e-14;8.8474e-15;6.66889e-14;1.45421e-14;-9.990E+02;1.29093e-14;7.50406e-15;-9.990E+02;1.93867e-14;1.12694e-14;-9.990E+02
22:29:47.060;-00:38:27.050;4.52E+20;0.8;-999/-999;10556.2;1.75363e-14;6.26295e-15;8.37961e-15;6.09199e-15;-9.990E+02;1.63556e-14;9.62648e-15;-9.990E+02;2.43986e-14;1.43604e-14;-9.990E+02
22:29:23.975;-00:31:06.167;4.62E+20;0.8;-999/-999;10382.5;3.96808e-14;8.9121e-15;3.80688e-14;1.18159e-14;-9.990E+02;2.46205e-14;1.08599e-14;-9.990E+02;3.66904e-14;1.61838e-14;-9.990E+02
22:30:00.562;-00:33:51.569;4.55E+20;0.8;-999/-999;10247.0;2.15769e-14;6.85213e-15;2.06421e-14;9.36301e-15;-9.990E+02;2.01077e-14;1.03944e-14;-9.990E+02;9.99555e-15;8.90414e-15;-9.990E+02
22:29:53.722;-00:39:53.936;4.51E+20;0.8;-999/-999;9924.9;3.58783e-14;8.7366e-15;5.99584e-14;1.56682e-14;-9.990E+02;1.11533e-14;7.68419e-15;-9.990E+02;1.664e-14;-3.23832e-11;1.09727e-13
22:29:58.119;-00:38:47.609;4.52E+20;0.8;-999/-999;10271.1;1.89345e-14;6.6999e-15;3.6179e-15;4.027e-15;-9.990E+02;2.3541e-14;1.17923e-14;-9.990E+02;2.80994e-14;1.56354e-14;-9.990E+02
22:29:20.357;-00:29:38.356;4.63E+20;0.8;-999/-999;10279.8;3.17438e-14;8.1844e-15;2.34271e-14;9.71195e-15;-9.990E+02;2.42316e-14;1.10787e-14;-9.990E+02;3.61069e-14;1.6508e-14;-9.990E+02
22:29:28.176;-00:28:14.030;4.63E+20;0.8;-999/-999;10130.1;2.48163e-14;7.45365e-15;1.58696e-14;8.27283e-15;-9.990E+02;4.10146e-14;1.49299e-14;-9.990E+02;2.82284e-14;-2.75313e-11;6.73289e-14
22:29:18.030;-00:40:02.748;4.55E+20;0.8;-999/-999;9568.9;1.64305e-14;6.12318e-15;1.57194e-14;8.27805e-15;-9.990E+02;2.04192e-14;1.07531e-14;-9.990E+02;1.8743e-14;-2.2671e-11;6.71593e-14
22:29:42.083;-00:42:36.859;4.50E+20;0.8;-999/-999;9725.2;3.72488e-14;9.02472e-15;2.13336e-14;9.39824e-15;-9.990E+02;3.7077e-14;1.40596e-14;-9.990E+02;4.1475e-14;1.82713e-14;-9.990E+02
22:29:22.896;-00:27:56.403;4.64E+20;0.8;-999/-999;10250.7;2.87848e-14;8.04045e-15;2.01066e-14;9.23073e-15;-9.990E+02;3.24599e-14;1.34445e-14;-9.990E+02;1.93506e-14;1.26014e-14;-9.990E+02
22:29:47.939;-00:43:35.496;4.49E+20;0.8;-999/-999;9405.5;1.02795e-13;1.44065e-14;9.19709e-14;1.83275e-14;-9.990E+02;9.59044e-14;2.19034e-14;-9.990E+02;5.96436e-14;2.13939e-14;-9.990E+02
00:42:47.600;-01:31:23.433;2.52E+20;0.8;-999/-999;8120.1;2.25676e-14;7.63616e-15;1.31994e-14;7.78998e-15;-9.990E+02;1.95114e-14;1.15152e-14;-9.990E+02;2.97129e-14;1.75358e-14;-9.990E+02
00:42:55.399;-01:32:07.888;2.52E+20;0.8;-999/-999;7888.5;2.62766e-14;8.31796e-15;5.76353e-15;4.90941e-15;-9.990E+02;8.51967e-15;7.2571e-15;-9.990E+02;7.78772e-14;2.74778e-14;-9.990E+02
00:43:19.705;-01:27:40.785;2.51E+20;0.8;-999/-999;7960.6;2.12916e-14;7.63336e-15;1.8661e-14;9.48351e-15;-9.990E+02;1.37983e-14;9.90136e-15;-9.990E+02;2.10146e-14;1.50797e-14;-9.990E+02
00:42:59.081;-01:32:52.508;2.53E+20;0.8;-999/-999;7552.3;6.64453e-14;1.25497e-14;4.80317e-14;1.45388e-14;-9.990E+02;5.06852e-14;1.82226e-14;-9.990E+02;7.71785e-14;2.77476e-14;-9.990E+02
00:42:15.094;-01:27:33.973;2.48E+20;0.8;-999/-999;8238.6;2.84595e-14;8.57871e-15;2.13577e-14;9.85959e-15;-9.990E+02;2.11069e-14;1.20611e-14;-9.990E+02;3.21556e-14;1.83746e-14;-9.990E+02
00:43:31.653;-01:29:04.326;2.52E+20;0.8;-999/-999;4829.4;8.56204e-14;1.63632e-14;3.75622e-14;1.4355e-14;-9.990E+02;1.38776e-13;3.35057e-14;-9.990E+02;4.22724e-14;2.27923e-14;-9.990E+02
00:11:29.613;-00:52:54.040;3.34E+20;0.8;-999/-999;9814.2;2.15144e-14;6.4515e-15;1.30356e-14;6.8874e-15;-9.990E+02;1.21781e-14;7.82115e-15;-9.990E+02;3.67728e-14;1.65394e-14;-9.990E+02
00:11:33.627;-00:48:31.032;3.26E+20;0.8;-999/-999;10307.9;1.41139e-14;5.31544e-15;8.52016e-15;-9.61717e-12;2.80965e-14;1.19988e-14;7.91003e-15;-9.990E+02;3.6272e-14;1.66451e-14;-9.990E+02
00:11:19.030;-00:54:10.258;3.34E+20;0.8;-999/-999;10514.1;2.05186e-14;6.31125e-15;2.12994e-14;8.60288e-15;-9.990E+02;2.23813e-14;1.05068e-14;-9.990E+02;5.26058e-14;-2.42456e-11;7.42036e-14
00:11:13.776;-00:50:29.946;3.33E+20;0.8;-999/-999;10673.0;1.33316e-14;5.3276e-15;1.0382e-14;6.40596e-15;-9.990E+02;9.70571e-15;7.26321e-15;-9.990E+02;1.46571e-14;1.09685e-14;-9.990E+02
00:11:59.057;-00:55:01.592;3.32E+20;0.8;-999/-999;9796.4;1.84451e-14;6.16704e-15;1.43544e-14;-1.11883e-11;3.15847e-14;4.02752e-14;1.45462e-14;-9.990E+02;1.01325e-14;8.78977e-15;-9.990E+02
00:12:06.304;-00:53:17.605;3.30E+20;0.8;-999/-999;10565.4;1.3569e-14;5.46234e-15;1.64092e-14;8.01526e-15;-9.990E+02;5.7649e-15;5.73278e-15;-9.990E+02;8.70317e-15;8.66003e-15;-9.990E+02
00:12:05.407;-00:55:55.840;3.32E+20;0.8;-999/-999;10165.5;2.16547e-14;6.72768e-15;1.47489e-14;7.5055e-15;-9.990E+02;2.75821e-14;1.19755e-14;-9.990E+02;1.04183e-14;9.04322e-15;-9.990E+02
00:11:10.524;-00:45:24.127;3.26E+20;0.8;-999/-999;7764.3;2.94727e-14;8.11304e-15;1.77902e-14;8.44162e-15;-9.990E+02;2.50538e-14;1.18882e-14;-9.990E+02;3.78626e-14;1.79661e-14;-9.990E+02
00:12:09.003;-00:55:47.292;3.31E+20;0.8;-999/-999;10147.4;2.22775e-14;7.0055e-15;2.02261e-14;8.98513e-15;-9.990E+02;1.89281e-14;1.02352e-14;-9.990E+02;1.42953e-14;1.07848e-14;-9.990E+02
00:11:30.273;+00:57:52.640;2.66E+20;0.8;-999/-999;9490.1;5.48805e-14;1.02772e-14;3.63304e-14;1.12136e-14;-9.990E+02;4.72924e-14;1.54595e-14;-9.990E+02;6.2919e-14;2.20378e-14;-9.990E+02
00:11:44.783;+00:59:56.811;2.63E+20;0.8;-999/-999;10142.9;2.96914e-14;7.52895e-15;2.01309e-14;8.18075e-15;-9.990E+02;3.54484e-14;1.33401e-14;-9.990E+02;1.79751e-14;1.17697e-14;-9.990E+02
00:11:16.446;+01:00:49.682;2.67E+20;0.8;-999/-999;9606.3;2.71967e-14;7.5394e-15;4.80267e-15;4.30643e-15;-9.990E+02;4.91755e-14;1.63328e-14;-9.990E+02;2.13648e-14;1.35052e-14;-9.990E+02
00:11:33.826;+01:06:08.370;2.64E+20;0.8;-999/-999;10341.2;1.54742e-14;5.75148e-15;2.72906e-14;1.01434e-14;-9.990E+02;2.80148e-14;-1.4861e-11;3.77899e-14;1.21739e-14;-2.26026e-11;5.74761e-14
00:11:03.409;+01:00:32.131;2.69E+20;0.8;-999/-999;9465.2;2.25798e-14;7.13336e-15;1.33032e-14;7.37775e-15;-9.990E+02;2.59264e-14;1.23501e-14;-9.990E+02;1.9706e-14;1.34085e-14;-9.990E+02
00:11:03.031;+00:59:28.775;2.69E+20;0.8;-999/-999;9724.8;3.66819e-14;8.77952e-15;4.32046e-14;1.25541e-14;-9.990E+02;2.36868e-14;1.11346e-14;-9.990E+02;1.20025e-14;9.71833e-15;-9.990E+02
00:11:10.238;+01:05:52.710;2.67E+20;0.8;-999/-999;9638.5;2.96504e-14;8.08772e-15;3.05492e-14;1.03872e-14;-9.990E+02;3.19322e-14;1.2921e-14;-9.990E+02;9.70737e-15;-3.1751e-11;6.41592e-14
00:10:55.350;+00:59:48.718;2.70E+20;0.8;-999/-999;10375.9;2.00478e-14;6.99822e-15;2.06802e-14;-1.23625e-11;3.34601e-14;1.4797e-14;9.73237e-15;-9.990E+02;5.62424e-14;2.32458e-14;-9.990E+02
00:11:14.232;+01:09:28.541;2.66E+20;0.8;-999/-999;10159.5;4.68643e-14;1.02772e-14;3.8604e-14;1.28632e-14;-9.990E+02;4.03845e-14;1.59413e-14;-9.990E+02;3.6841e-14;1.87303e-14;-9.990E+02
00:10:48.568;+01:04:15.761;2.70E+20;0.8;-999/-999;10180.9;2.04321e-14;7.40988e-15;3.01116e-14;1.20689e-14;-9.990E+02;1.75899e-14;-1.9121e-11;5.81603e-14;1.33656e-14;1.1868e-14;-9.990E+02
23:03:51.670;+01:06:51.723;4.46E+20;0.930;+0.16/-0.13;4408.2;4.7156e-13;3.9177e-14;3.98271e-13;5.42241e-14;-9.990E+02;4.63584e-13;6.54745e-14;-9.990E+02;4.79323e-13;8.01131e-14;-9.990E+02
23:03:49.007;+01:08:59.436;4.49E+20;0.8;-999/-999;4136.0;3.67438e-14;1.30968e-14;1.16852e-14;1.04134e-14;-9.990E+02;3.27755e-14;-3.2551e-11;1.00828e-13;1.13723e-13;4.45706e-14;-9.990E+02
23:03:58.355;+01:00:59.012;4.32E+20;0.8;-999/-999;4579.6;5.39773e-14;1.4475e-14;6.29381e-14;2.2282e-14;-9.990E+02;2.0732e-14;1.44524e-14;-9.990E+02;4.64972e-14;2.63299e-14;-9.990E+02
23:03:35.439;+01:14:41.071;4.60E+20;0.8;-999/-999;3944.6;6.30471e-14;1.89813e-14;4.03085e-14;2.15035e-14;-9.990E+02;5.22014e-14;2.7848e-14;-9.990E+02;7.7809e-14;4.15089e-14;-9.990E+02
21:18:17.313;+00:13:16.884;5.82E+20;1.009;+0.20/-0.16;13263.6;1.23106e-13;1.20066e-14;1.01576e-13;1.77821e-14;-9.990E+02;1.47921e-13;2.2761e-14;-9.990E+02;1.2137e-13;2.44782e-14;-9.990E+02
21:18:12.757;+00:11:59.514;5.84E+20;0.8;-999/-999;13033.7;2.68236e-14;6.8157e-15;2.32148e-14;8.9429e-15;-9.990E+02;1.86216e-14;8.82888e-15;-9.990E+02;2.74057e-14;1.29936e-14;-9.990E+02
21:18:35.479;+00:14:12.923;5.75E+20;0.8;-999/-999;13532.5;1.89291e-14;5.89173e-15;2.07691e-14;8.82901e-15;-9.990E+02;8.37487e-15;6.18101e-15;-9.990E+02;1.85023e-14;1.11783e-14;-9.990E+02
21:18:16.741;+00:17:18.918;5.85E+20;0.8;-999/-999;13704.3;1.63923e-14;5.6055e-15;1.10326e-14;6.6024e-15;-9.990E+02;1.32668e-14;7.9395e-15;-9.990E+02;1.95232e-14;1.16836e-14;-9.990E+02
21:18:06.980;+00:16:15.176;5.91E+20;0.8;-999/-999;13999.6;3.84712e-14;8.04328e-15;1.29805e-14;6.55014e-15;-9.990E+02;3.62979e-14;1.21128e-14;-9.990E+02;6.10225e-14;1.91298e-14;-9.990E+02
21:18:41.250;+00:06:57.092;5.60E+20;0.8;-999/-999;13540.0;7.55259e-14;1.08302e-14;8.84813e-14;1.62351e-14;-9.990E+02;7.62273e-14;1.67274e-14;-9.990E+02;1.20739e-13;-3.89278e-11;6.21286e-14
21:18:01.594;+00:08:01.924;5.84E+20;0.8;-999/-999;13235.8;1.85841e-14;6.0584e-15;2.50126e-14;1.00405e-14;-9.990E+02;5.01775e-15;4.83013e-15;-9.990E+02;1.4764e-14;1.03407e-14;-9.990E+02
21:18:03.448;+00:18:05.395;5.95E+20;0.8;-999/-999;14233.7;1.5664e-14;5.62141e-15;2.11774e-14;-1.13866e-11;4.20837e-14;7.60274e-15;6.22143e-15;-9.990E+02;4.46838e-14;1.78583e-14;-9.990E+02
21:18:48.052;+00:18:48.940;5.68E+20;0.8;-999/-999;11300.0;3.38479e-14;7.68927e-15;2.90821e-14;1.00558e-14;-9.990E+02;3.53181e-14;1.22121e-14;-9.990E+02;1.73528e-14;1.0403e-14;-9.990E+02
21:17:51.727;+00:06:46.176;5.89E+20;0.8;-999/-999;13913.3;1.86402e-14;6.37014e-15;1.50823e-14;8.02896e-15;-9.990E+02;1.80948e-14;9.63265e-15;-9.990E+02;1.33086e-14;1.0217e-14;-9.990E+02
21:18:01.769;+00:04:31.728;5.79E+20;0.8;-999/-999;13158.0;3.53902e-14;8.3182e-15;3.96071e-14;1.25676e-14;-9.990E+02;1.91141e-14;9.70596e-15;-9.990E+02;2.81448e-14;1.42916e-14;-9.990E+02
21:17:49.836;+00:20:35.422;6.06E+20;0.8;-999/-999;12819.3;4.62534e-14;9.4488e-15;6.2802e-15;5.05396e-15;-9.990E+02;1.49225e-14;8.31689e-15;-9.990E+02;1.31496e-13;2.98465e-14;-9.990E+02
21:17:53.217;+00:01:59.372;5.78E+20;0.8;-999/-999;6910.4;8.70005e-14;1.45152e-14;8.75931e-14;2.08768e-14;-9.990E+02;5.28991e-14;1.78989e-14;-9.990E+02;7.79003e-14;2.63583e-14;-9.990E+02
02:06:15.882;-00:17:29.427;2.43E+20;0.906;+0.01/-0.01;30158.1;5.38835e-12;4.70706e-14;4.40126e-12;5.90389e-14;-9.990E+02;5.16047e-12;7.84574e-14;-9.990E+02;5.54433e-12;9.68166e-14;-9.990E+02
02:05:57.076;-00:21:56.802;2.46E+20;0.8;-999/-999;27992.3;1.22259e-14;2.85747e-15;8.91283e-15;3.26939e-15;-9.990E+02;1.58787e-14;5.13858e-15;-9.990E+02;4.03244e-15;3.26235e-15;-9.990E+02
02:05:47.018;-00:19:13.623;2.44E+20;0.8;-999/-999;25065.5;8.74487e-15;2.58362e-15;6.79727e-15;3.05509e-15;-9.990E+02;7.5754e-15;3.95023e-15;-9.990E+02;7.70055e-15;4.81473e-15;-9.990E+02
02:06:20.921;-00:23:47.761;2.47E+20;0.549;+0.25/-0.19;29872.5;4.2539e-14;5.782e-15;1.83862e-14;4.35397e-15;-9.990E+02;3.17618e-14;7.36182e-15;-9.990E+02;5.05157e-14;1.17086e-14;-9.990E+02
02:06:29.047;-00:22:07.016;2.46E+20;0.8;-999/-999;31220.1;7.53964e-15;2.44926e-15;2.93126e-15;1.98997e-15;-9.990E+02;6.52748e-15;3.63659e-15;-9.990E+02;1.32637e-14;6.57533e-15;-9.990E+02
02:06:18.546;-00:24:51.692;2.47E+20;0.8;-999/-999;29472.0;7.19394e-15;2.31404e-15;2.79776e-15;-4.0465e-12;1.18845e-14;2.66855e-15;2.28788e-15;-9.990E+02;2.43954e-14;8.44954e-15;-9.990E+02
02:06:01.851;-00:11:39.105;2.40E+20;0.440;+0.26/-0.20;19063.6;4.27398e-14;6.20445e-15;1.32327e-14;3.8416e-15;-9.990E+02;3.28261e-14;7.62384e-15;-9.990E+02;5.31245e-14;1.23381e-14;-9.990E+02
02:06:28.238;-00:13:19.653;2.42E+20;0.8;-999/-999;30797.0;1.56262e-14;3.26112e-15;7.28044e-15;2.92452e-15;-9.990E+02;1.89619e-14;5.72955e-15;-9.990E+02;1.65152e-14;6.63407e-15;-9.990E+02
02:05:52.315;-00:26:07.167;2.48E+20;0.8;-999/-999;18738.6;1.67489e-14;3.67659e-15;8.3785e-15;3.37239e-15;-9.990E+02;1.24181e-14;4.99835e-15;-9.990E+02;2.83805e-14;9.34888e-15;-9.990E+02
02:06:26.045;-00:26:27.027;2.48E+20;0.8;-999/-999;23612.3;1.37259e-14;3.26808e-15;1.71792e-14;4.85586e-15;-9.990E+02;1.0184e-14;4.62718e-15;-9.990E+02;2.32699e-14;-1.29139e-11;5.12519e-14
02:05:41.381;-00:12:53.756;2.39E+20;0.523;+0.24/-0.18;18538.4;2.65308e-14;5.20211e-15;2.52377e-14;-6.92303e-12;2.33376e-14;2.28129e-14;7.09792e-15;-9.990E+02;5.47009e-14;1.3756e-14;-9.990E+02
02:06:06.074;-00:09:42.290;2.39E+20;0.8;-999/-999;17251.0;2.93855e-14;4.88628e-15;2.05086e-14;5.36871e-15;-9.990E+02;3.82076e-14;9.18112e-15;-9.990E+02;1.16577e-14;6.10075e-15;-9.990E+02
02:06:34.541;-00:26:13.145;2.48E+20;0.8;-999/-999;22736.2;2.10246e-14;4.0851e-15;1.71887e-14;4.99419e-15;-9.990E+02;1.09158e-14;4.80039e-15;-9.990E+02;2.77181e-14;9.4512e-15;-9.990E+02
02:06:09.421;-00:09:05.701;2.39E+20;0.8;-999/-999;14227.3;2.94806e-14;5.15774e-15;6.42966e-15;3.24443e-15;-9.990E+02;3.83488e-14;9.46008e-15;-9.990E+02;4.3863e-14;1.24115e-14;-9.990E+02
02:06:50.998;-00:18:14.162;2.45E+20;0.8;-999/-999;23279.1;1.99541e-14;4.0806e-15;3.87604e-15;2.43651e-15;-9.990E+02;2.87891e-14;8.01443e-15;-9.990E+02;2.63224e-14;9.45624e-15;-9.990E+02
02:06:47.968;-00:14:40.107;2.44E+20;0.8;-999/-999;27227.0;1.03617e-14;3.12754e-15;6.58568e-15;3.36416e-15;-9.990E+02;1.22358e-14;5.41655e-15;-9.990E+02;7.45822e-15;5.40115e-15;-9.990E+02
02:06:53.253;-00:20:35.665;2.46E+20;0.8;-999/-999;20861.2;1.64645e-14;3.94603e-15;1.04773e-14;-6.89834e-12;2.71933e-14;1.83278e-14;6.58756e-15;-9.990E+02;3.72333e-14;1.15243e-14;-9.990E+02
02:07:00.383;-00:17:56.987;2.45E+20;0.8;-999/-999;17843.1;4.67229e-14;6.66498e-15;1.25704e-14;4.53514e-15;-9.990E+02;7.46671e-14;1.37072e-14;-9.990E+02;4.26769e-14;1.28273e-14;-9.990E+02
02:06:59.126;-00:22:13.609;2.47E+20;0.8;-999/-999;19940.6;2.50597e-14;5.03644e-15;1.31619e-14;4.7948e-15;-9.990E+02;1.9521e-14;7.11141e-15;-9.990E+02;3.96573e-14;1.25854e-14;-9.990E+02
02:07:00.636;-00:16:37.248;2.45E+20;0.8;-999/-999;17948.6;2.2933e-14;5.03274e-15;4.45662e-15;2.88621e-15;-9.990E+02;4.63268e-14;1.15729e-14;-9.990E+02;1.00863e-14;6.53213e-15;-9.990E+02
22:40:28.716;-01:06:55.834;4.56E+20;0.8;-999/-999;4735.7;5.26884e-14;1.41455e-14;8.25049e-14;2.34648e-14;-9.990E+02;1.19029e-14;1.03086e-14;-9.990E+02;1.77492e-14;1.53718e-14;-9.990E+02
22:40:07.664;-01:04:39.598;4.54E+20;0.8;-999/-999;5573.6;3.20628e-14;1.10762e-14;5.0166e-14;-2.11589e-11;5.78581e-14;7.245e-15;-2.7502e-11;7.52031e-14;1.18864e-13;4.1062e-14;-9.990E+02
22:40:55.741;-01:07:42.086;4.62E+20;0.8;-999/-999;5359.6;2.6897e-14;1.05192e-14;4.22177e-14;-2.01641e-11;8.53044e-14;3.33556e-14;1.78e-14;-9.990E+02;4.97077e-14;2.65263e-14;-9.990E+02
22:40:17.188;-01:14:43.426;4.49E+20;0.8;-999/-999;5292.8;8.5202e-14;1.74624e-14;8.12799e-14;2.35231e-14;-9.990E+02;4.23949e-14;1.94234e-14;-9.990E+02;9.49219e-14;3.54674e-14;-9.990E+02
22:41:10.250;-01:05:23.079;4.66E+20;0.8;-999/-999;5446.9;2.93438e-14;1.15561e-14;1.40935e-14;1.13075e-14;-9.990E+02;1.81857e-14;1.45906e-14;-9.990E+02;5.42011e-14;3.06617e-14;-9.990E+02
02:49:44.231;+00:44:46.280;5.11E+20;0.8;-999/-999;15612.2;1.66963e-14;4.89324e-15;0;-9.57416e-12;1.96304e-14;1.49276e-14;7.22126e-15;-9.990E+02;3.87299e-14;1.42763e-14;-9.990E+02
02:49:53.408;+00:48:49.670;5.09E+20;0.8;-999/-999;16090.3;2.79783e-14;6.07579e-15;0;-1.18772e-11;2.78255e-14;4.23324e-14;1.17699e-14;-9.990E+02;3.92646e-14;1.36812e-14;-9.990E+02
02:49:41.661;+00:43:10.327;5.12E+20;0.8;-999/-999;15543.5;1.42476e-14;4.59792e-15;3.9898e-15;3.34469e-15;-9.990E+02;1.00087e-14;6.13874e-15;-9.990E+02;2.96834e-14;1.24542e-14;-9.990E+02
02:49:23.228;+00:43:57.295;4.97E+20;0.8;-999/-999;16512.7;2.83803e-14;6.05406e-15;2.12541e-14;7.33387e-15;-9.990E+02;3.76843e-14;1.09485e-14;-9.990E+02;7.99621e-15;6.4013e-15;-9.990E+02
02:49:18.674;+00:50:17.922;5.03E+20;0.8;-999/-999;16377.5;1.8654e-14;5.02962e-15;8.40204e-15;4.67454e-15;-9.990E+02;2.12094e-14;8.4568e-15;-9.990E+02;2.09795e-14;1.0214e-14;-9.990E+02
02:49:15.220;+00:45:20.135;4.95E+20;0.8;-999/-999;16949.2;3.83387e-14;7.08336e-15;2.76228e-14;8.45451e-15;-9.990E+02;3.5026e-14;1.07204e-14;-9.990E+02;3.64013e-14;1.32727e-14;-9.990E+02
02:49:37.861;+00:55:14.942;5.02E+20;0.8;-999/-999;15963.4;7.22394e-14;9.90796e-15;1.34537e-13;1.93308e-14;-9.990E+02;8.09155e-15;5.07133e-15;-9.990E+02;6.84526e-14;-3.61891e-11;3.96171e-14
02:49:07.768;+00:44:06.396;4.92E+20;0.8;-999/-999;15157.8;1.13529e-14;4.27576e-15;8.82297e-15;5.28519e-15;-9.990E+02;1.27361e-15;-1.05419e-11;3.68984e-14;2.49762e-14;1.21151e-14;-9.990E+02
02:50:12.530;+00:44:01.679;5.18E+20;0.8;-999/-999;16902.1;1.41324e-14;4.60629e-15;1.58615e-14;6.92828e-15;-9.990E+02;9.92097e-15;6.01901e-15;-9.990E+02;7.34988e-15;6.41965e-15;-9.990E+02
02:49:48.861;+00:56:55.865;5.03E+20;0.8;-999/-999;14226.6;1.55474e-14;5.02962e-15;5.05566e-15;4.07398e-15;-9.990E+02;1.27562e-14;7.01393e-15;-9.990E+02;2.83981e-14;1.28365e-14;-9.990E+02
02:48:54.068;+00:49:00.790;4.89E+20;0.8;-999/-999;9558.0;4.10258e-14;8.24936e-15;3.18437e-14;1.00305e-14;-9.990E+02;4.05229e-14;1.27643e-14;-9.990E+02;3.01109e-14;1.33201e-14;-9.990E+02
02:49:07.900;+00:39:14.316;4.92E+20;0.8;-999/-999;11282.9;2.6318e-14;6.78224e-15;3.40601e-14;1.06936e-14;-9.990E+02;2.16478e-14;9.70495e-15;-9.990E+02;1.92944e-14;-2.4841e-11;1.065e-13
00:10:50.726;-00:31:34.666;3.22E+20;0.8;-999/-999;18097.4;1.89699e-14;4.60977e-15;1.14338e-14;4.71043e-15;-9.990E+02;2.58336e-14;8.69796e-15;-9.990E+02;9.76419e-15;6.57775e-15;-9.990E+02
00:10:42.428;-00:33:49.058;3.23E+20;0.8;-999/-999;19313.0;8.81836e-15;3.21379e-15;3.98618e-15;2.81333e-15;-9.990E+02;5.62453e-15;3.96963e-15;-9.990E+02;1.70108e-14;8.79925e-15;-9.990E+02
00:10:39.941;-00:38:17.437;3.24E+20;0.8;-999/-999;18354.3;1.04849e-14;3.4945e-15;4.74319e-15;3.23296e-15;-9.990E+02;1.67226e-14;7.1342e-15;-9.990E+02;5.05697e-15;4.79277e-15;-9.990E+02
00:11:14.864;-00:37:16.932;3.22E+20;0.8;-999/-999;14511.1;2.50045e-14;5.30822e-15;2.05491e-14;6.44559e-15;-9.990E+02;5.80221e-15;4.04407e-15;-9.990E+02;4.38661e-14;1.37594e-14;-9.990E+02
00:10:34.510;-00:29:13.380;3.23E+20;0.8;-999/-999;18947.9;1.39101e-14;4.05217e-15;5.59127e-15;3.50592e-15;-9.990E+02;1.57786e-14;6.96914e-15;-9.990E+02;1.78897e-14;8.837e-15;-9.990E+02
00:10:21.803;-00:36:57.020;3.25E+20;0.8;-999/-999;19773.7;3.16435e-14;5.87286e-15;2.50679e-14;7.08848e-15;-9.990E+02;2.52365e-14;8.49065e-15;-9.990E+02;3.05128e-14;1.1323e-14;-9.990E+02
00:11:25.904;-00:28:43.625;3.19E+20;0.8;-999/-999;19105.3;2.35002e-14;5.3029e-15;1.41467e-14;5.5715e-15;-9.990E+02;2.50149e-14;8.86591e-15;-9.990E+02;2.27032e-14;1.04324e-14;-9.990E+02
00:10:47.246;-00:23:41.278;3.21E+20;0.8;-999/-999;19250.3;1.26821e-14;4.1892e-15;1.5281e-14;6.05688e-15;-9.990E+02;5.39862e-15;4.27896e-15;-9.990E+02;8.16288e-15;6.46992e-15;-9.990E+02
00:10:41.285;-00:20:25.001;3.17E+20;0.8;-999/-999;13329.0;4.18071e-14;8.0881e-15;2.74244e-14;8.75568e-15;-9.990E+02;3.88487e-14;1.24031e-14;-9.990E+02;4.40838e-14;1.61305e-14;-9.990E+02
22:35:35.848;-00:21:46.078;4.70E+20;0.8;-999/-999;7384.0;1.84979e-14;7.323e-15;7.12513e-15;6.26515e-15;-9.990E+02;3.66932e-14;1.61291e-14;-9.990E+02;0;-2.6994e-11;9.03042e-14
22:35:24.982;-00:25:26.654;4.65E+20;0.8;-999/-999;7497.6;1.83531e-14;7.312e-15;1.51005e-14;9.16988e-15;-9.990E+02;1.30002e-14;9.57244e-15;-9.990E+02;1.93672e-14;1.42606e-14;-9.990E+02
22:35:24.171;-00:27:13.669;4.63E+20;0.8;-999/-999;7702.7;2.4144e-14;8.33055e-15;1.32354e-14;8.56178e-15;-9.990E+02;1.71094e-14;1.10678e-14;-9.990E+02;3.82521e-14;2.02203e-14;-9.990E+02
22:36:10.428;-00:33:18.786;4.58E+20;0.8;-999/-999;7290.9;3.96611e-14;1.16736e-14;1.08538e-14;8.19832e-15;-9.990E+02;5.62838e-14;2.12632e-14;-9.990E+02;4.19613e-14;2.23314e-14;-9.990E+02
22:36:33.658;-00:33:55.212;4.59E+20;1.893;+0.06/-0.06;2738.2;2.00908e-12;5.03184e-14;5.94821e-12;2.25924e-13;-9.990E+02;7.3423e-12;2.46582e-13;-9.990E+02;1.36976e-12;1.12245e-13;-9.990E+02
01:05:29.591;-00:11:05.087;3.51E+20;0.8;-999/-999;5923.2;6.19307e-14;1.38219e-14;4.24997e-14;1.53629e-14;-9.990E+02;4.9097e-14;1.95386e-14;-9.990E+02;7.40071e-14;2.94518e-14;-9.990E+02
01:05:18.648;-00:10:33.119;3.49E+20;0.8;-999/-999;5770.8;2.72456e-14;9.5846e-15;1.99321e-14;1.10089e-14;-9.990E+02;4.15013e-14;1.8672e-14;-9.990E+02;3.25845e-14;-3.66408e-11;1.37544e-13
01:05:50.445;-00:12:54.556;3.55E+20;0.8;-999/-999;6156.7;2.84155e-14;9.8861e-15;2.89551e-14;1.42445e-14;-9.990E+02;1.60071e-14;1.19937e-14;-9.990E+02;2.41188e-14;1.80716e-14;-9.990E+02
01:05:30.801;-00:06:34.507;3.47E+20;0.8;-999/-999;6131.5;2.87354e-14;1.00011e-14;1.50056e-14;1.02045e-14;-9.990E+02;1.62172e-14;-2.53702e-11;6.88892e-14;7.85877e-14;3.51029e-14;-9.990E+02
23:51:56.131;-01:09:14.245;3.60E+20;0.893;+0.04/-0.05;5934.9;3.25792e-12;8.5046e-14;2.54518e-12;1.0583e-13;-9.990E+02;3.16066e-12;1.38625e-13;-9.990E+02;3.36713e-12;1.70934e-13;-9.990E+02
23:51:35.401;-01:01:31.923;3.44E+20;0.8;-999/-999;6391.6;2.14035e-14;8.72464e-15;7.81307e-15;7.32508e-15;-9.990E+02;2.17569e-14;1.44093e-14;-9.990E+02;3.28194e-14;2.17358e-14;-9.990E+02
23:51:28.239;-01:11:17.579;3.62E+20;0.8;-999/-999;6061.1;3.49487e-14;1.10409e-14;1.28587e-14;-2.02865e-11;1.06223e-13;6.63609e-14;2.51541e-14;-9.990E+02;3.33033e-14;2.18821e-14;-9.990E+02
23:51:57.336;-00:58:32.511;3.41E+20;0.8;-999/-999;4850.4;4.94982e-14;1.32145e-14;3.86696e-14;1.65621e-14;-9.990E+02;9.43973e-14;-3.35663e-11;1.18917e-13;1.08513e-13;3.80228e-14;-9.990E+02
23:56:03.877;-00:23:53.813;3.22E+20;0.8;-999/-999;11529.7;1.24436e-13;1.28515e-14;1.21436e-13;1.68464e-14;-9.990E+02;1.26065e-13;2.05056e-14;-9.990E+02;3.04949e-14;1.24007e-14;-9.990E+02
23:55:44.485;-00:19:33.219;3.21E+20;0.8;-999/-999;4532.9;8.27646e-14;1.2009e-14;9.96862e-14;1.8153e-14;-9.990E+02;3.52194e-14;1.28226e-14;-9.990E+02;5.32528e-14;1.93882e-14;-9.990E+02
23:55:50.815;-00:24:44.123;3.21E+20;0.8;-999/-999;11952.1;1.49415e-14;5.02704e-15;9.00204e-15;5.2821e-15;-9.990E+02;1.90806e-14;9.25325e-15;-9.990E+02;9.61322e-15;8.12514e-15;-9.990E+02
23:56:26.787;-00:23:28.654;3.23E+20;0.8;-999/-999;11669.3;1.66279e-14;5.44947e-15;1.20243e-14;6.18275e-15;-9.990E+02;2.54513e-14;1.0846e-14;-9.990E+02;1.06917e-14;-2.10061e-11;8.47575e-14
23:55:35.310;-00:15:13.090;3.22E+20;0.740;+0.12/-0.10;3866.1;4.1432e-13;2.63898e-14;3.31702e-13;3.07261e-14;-9.990E+02;2.38329e-13;3.19146e-14;-9.990E+02;4.55336e-13;5.70745e-14;-9.990E+02
23:56:30.354;-00:24:53.339;3.23E+20;0.8;-999/-999;12291.3;1.73964e-14;5.72893e-15;2.62122e-14;9.5269e-15;-9.990E+02;7.39713e-15;5.89559e-15;-9.990E+02;1.97336e-14;-2.20844e-11;7.39741e-14
23:55:25.098;-00:17:14.921;3.22E+20;0.216;+0.11/-0.10;3564.5;5.41338e-13;3.68118e-14;2.64576e-13;2.68535e-14;-9.990E+02;8.95139e-14;2.03201e-14;-9.990E+02;7.40086e-13;7.51159e-14;-9.990E+02
23:55:33.615;-00:28:11.825;3.19E+20;0.8;-999/-999;10325.0;3.42316e-14;7.8148e-15;2.64841e-14;9.34883e-15;-9.990E+02;3.74671e-14;1.32258e-14;-9.990E+02;1.88915e-14;1.13219e-14;-9.990E+02
23:55:33.444;-00:12:04.657;3.24E+20;1.119;+0.17/-0.14;2681.2;1.96393e-13;1.67232e-14;1.01069e-13;1.91144e-14;-9.990E+02;3.91168e-13;4.31394e-14;-9.990E+02;1.84913e-13;3.49712e-14;-9.990E+02
23:56:16.275;-00:32:57.845;3.20E+20;0.8;-999/-999;9649.1;2.56566e-14;7.95663e-15;1.15902e-14;7.33087e-15;-9.990E+02;3.27732e-14;1.46324e-14;-9.990E+02;2.47793e-14;1.56731e-14;-9.990E+02
23:56:05.029;-00:34:47.852;3.19E+20;0.8;-999/-999;9688.7;1.17208e-13;1.6746e-14;5.03728e-14;1.44466e-14;-9.990E+02;1.5682e-13;3.0897e-14;-9.990E+02;1.07774e-13;3.09089e-14;-9.990E+02
23:42:20.173;+00:15:40.706;3.38E+20;0.8;-999/-999;9190.5;3.29191e-14;8.4264e-15;2.99657e-14;1.08741e-14;-9.990E+02;3.48975e-14;1.38382e-14;-9.990E+02;1.05325e-14;9.42157e-15;-9.990E+02
23:42:24.775;+00:11:20.828;3.36E+20;0.8;-999/-999;9615.9;2.38017e-14;7.15734e-15;2.75713e-14;1.03086e-14;-9.990E+02;2.20298e-14;1.08809e-14;-9.990E+02;7.62003e-15;-2.74763e-11;5.49526e-14
23:42:28.536;+00:08:55.303;3.35E+20;0.8;-999/-999;9750.5;1.98384e-14;6.5941e-15;1.08235e-14;6.515e-15;-9.990E+02;1.51547e-14;9.12212e-15;-9.990E+02;3.05065e-14;1.59786e-14;-9.990E+02
23:41:58.175;+00:17:32.801;3.41E+20;0.8;-999/-999;9673.3;6.61288e-14;1.18087e-14;2.51084e-14;9.61488e-15;-9.990E+02;5.6045e-14;1.68135e-14;-9.990E+02;1.1628e-13;2.99005e-14;-9.990E+02
23:42:56.625;+00:14:23.124;3.36E+20;0.8;-999/-999;8565.5;3.56323e-14;8.98176e-15;5.75934e-14;1.60118e-14;-9.990E+02;1.00736e-14;8.00173e-15;-9.990E+02;6.27183e-14;-3.44816e-11;1.00414e-13
23:41:51.439;+00:13:49.300;3.40E+20;0.8;-999/-999;10049.5;2.01239e-14;6.88597e-15;3.66678e-15;3.9126e-15;-9.990E+02;4.09557e-14;1.56282e-14;-9.990E+02;7.72306e-15;8.24081e-15;-9.990E+02
03:10:43.976;-00:19:41.533;5.06E+20;0.8;-999/-999;6497.3;2.38821e-14;9.03166e-15;2.80091e-14;1.34837e-14;-9.990E+02;1.17621e-14;9.88132e-15;-9.990E+02;1.74494e-14;1.46592e-14;-9.990E+02
03:10:15.180;-00:30:39.658;5.06E+20;0.8;-999/-999;4959.4;7.29492e-14;1.62866e-14;4.07115e-14;1.68517e-14;-9.990E+02;5.12837e-14;2.12279e-14;-9.990E+02;1.14202e-13;3.84892e-14;-9.990E+02
03:10:26.666;-00:31:47.920;5.06E+20;0.8;-999/-999;5951.7;2.54219e-14;1.02161e-14;9.93628e-15;8.81939e-15;-9.990E+02;3.75425e-14;1.90738e-14;-9.990E+02;1.85687e-14;1.64815e-14;-9.990E+02
00:18:21.993;+01:18:58.845;2.92E+20;0.886;+0.08/-0.08;11100.5;4.9547e-13;2.44074e-14;3.61749e-13;2.90453e-14;-9.990E+02;5.08356e-13;4.08166e-14;-9.990E+02;5.13345e-13;4.7834e-14;-9.990E+02
00:18:08.655;+01:15:51.461;2.92E+20;0.8;-999/-999;7977.8;3.45952e-14;8.57274e-15;3.08759e-14;1.08596e-14;-9.990E+02;4.44543e-14;1.56354e-14;-9.990E+02;3.40968e-14;-3.33801e-11;1.4847e-13
00:18:35.726;+01:24:08.358;2.92E+20;0.8;-999/-999;10931.7;1.41588e-14;5.39253e-15;8.42609e-15;5.54088e-15;-9.990E+02;6.06582e-15;5.66783e-15;-9.990E+02;2.75976e-14;1.49655e-14;-9.990E+02
00:18:50.251;+01:21:47.690;2.92E+20;1.034;+0.16/-0.13;11544.7;2.04322e-13;1.6812e-14;2.07577e-13;2.5802e-14;-9.990E+02;2.17217e-13;2.98408e-14;-9.990E+02;1.9873e-13;3.49492e-14;-9.990E+02
00:18:49.573;+01:16:37.742;2.92E+20;0.684;+0.14/-0.12;11067.6;2.53777e-13;2.12366e-14;1.13666e-13;1.76137e-14;-9.990E+02;2.46176e-13;3.06904e-14;-9.990E+02;2.85839e-13;4.23288e-14;-9.990E+02
00:18:59.806;+01:14:42.662;2.93E+20;0.8;-999/-999;10219.8;4.10119e-14;9.6824e-15;4.5771e-14;1.37189e-14;-9.990E+02;1.31743e-14;8.92384e-15;-9.990E+02;3.99448e-14;1.88622e-14;-9.990E+02
00:18:52.216;+01:07:54.949;2.93E+20;0.8;-999/-999;10117.1;5.85232e-14;1.25871e-14;1.74216e-14;8.99116e-15;-9.990E+02;1.25311e-14;9.05534e-15;-9.990E+02;1.71053e-13;4.25046e-14;-9.990E+02
03:20:50.931;-01:06:55.692;5.20E+20;0.8;-999/-999;10477.8;2.0011e-14;6.54148e-15;4.36914e-15;4.35452e-15;-9.990E+02;2.1836e-14;1.06241e-14;-9.990E+02;3.23482e-14;1.57387e-14;-9.990E+02
03:21:06.535;-01:05:30.676;5.22E+20;0.8;-999/-999;11629.9;1.62148e-14;5.80164e-15;1.27663e-14;7.13237e-15;-9.990E+02;7.96458e-15;6.40891e-15;-9.990E+02;2.35927e-14;1.3181e-14;-9.990E+02
03:21:07.645;-01:05:05.419;5.22E+20;0.8;-999/-999;11679.7;1.43107e-14;5.50412e-15;4.02129e-15;4.14713e-15;-9.990E+02;1.00351e-14;7.18674e-15;-9.990E+02;2.97316e-14;1.53283e-14;-9.990E+02
03:20:40.781;-01:01:27.245;5.17E+20;0.8;-999/-999;11052.1;9.00004e-14;1.26259e-14;6.07465e-14;1.48731e-14;-9.990E+02;1.10549e-13;2.21573e-14;-9.990E+02;5.11896e-14;1.87181e-14;-9.990E+02
03:21:11.654;-01:08:52.112;5.23E+20;0.8;-999/-999;11400.7;3.66668e-14;8.33336e-15;3.15725e-14;1.08219e-14;-9.990E+02;2.81073e-14;1.13876e-14;-9.990E+02;3.33128e-14;1.53015e-14;-9.990E+02
03:21:06.383;-01:00:38.061;5.22E+20;0.8;-999/-999;11852.0;2.55867e-14;7.28924e-15;4.19689e-15;4.05055e-15;-9.990E+02;5.23668e-15;5.05409e-15;-9.990E+02;7.75608e-14;2.40092e-14;-9.990E+02
03:21:00.910;-00:58:46.063;5.21E+20;0.8;-999/-999;11353.7;3.47707e-14;8.47704e-15;2.48766e-14;9.96411e-15;-9.990E+02;2.3285e-14;1.07643e-14;-9.990E+02;4.60056e-14;1.84271e-14;-9.990E+02
03:20:20.158;-01:09:23.537;5.09E+20;0.8;-999/-999;11815.7;1.4819e-14;5.77941e-15;4.8338e-15;4.56123e-15;-9.990E+02;1.21528e-14;8.25864e-15;-9.990E+02;2.7038e-14;1.49682e-14;-9.990E+02
03:20:20.259;-00:58:20.192;5.13E+20;0.8;-999/-999;9973.9;3.24337e-14;8.75383e-15;1.27167e-14;7.5986e-15;-9.990E+02;1.59523e-14;9.53196e-15;-9.990E+02;7.09516e-14;2.46114e-14;-9.990E+02
03:20:41.431;-00:54:21.541;5.17E+20;0.8;-999/-999;9697.7;2.57717e-14;8.31824e-15;1.4459e-14;8.80723e-15;-9.990E+02;1.80952e-14;1.10221e-14;-9.990E+02;4.02053e-14;1.97349e-14;-9.990E+02
03:10:48.423;+01:21:59.824;6.12E+20;0.8;-999/-999;34844.3;9.3489e-15;2.74788e-15;6.94223e-15;3.36668e-15;-9.990E+02;1.02755e-14;4.31835e-15;-9.990E+02;6.02845e-15;4.14355e-15;-9.990E+02
03:10:28.527;+01:22:41.352;6.08E+20;0.8;-999/-999;33486.8;1.18683e-14;2.89731e-15;8.06397e-15;3.41957e-15;-9.990E+02;1.27606e-14;4.79583e-15;-9.990E+02;9.36968e-15;4.82024e-15;-9.990E+02
03:10:50.513;+01:23:33.285;6.11E+20;0.8;-999/-999;33921.7;7.03227e-15;2.44176e-15;3.5886e-15;2.61077e-15;-9.990E+02;4.25134e-15;3.09292e-15;-9.990E+02;1.24792e-14;6.19083e-15;-9.990E+02
03:10:44.083;+01:19:31.854;6.12E+20;0.8;-999/-999;35072.7;8.75047e-15;2.59522e-15;1.40372e-14;4.81623e-15;-9.990E+02;3.02137e-15;2.42418e-15;-9.990E+02;2.21747e-15;2.51104e-15;-9.990E+02
03:11:01.989;+01:21:19.755;6.14E+20;0.8;-999/-999;35490.8;1.53351e-14;3.36028e-15;8.3534e-15;3.54302e-15;-9.990E+02;1.48185e-14;5.23852e-15;-9.990E+02;1.81182e-14;6.91687e-15;-9.990E+02
03:10:37.494;+01:16:32.131;6.11E+20;0.8;-999/-999;35905.1;1.16197e-14;2.89959e-15;1.82514e-15;1.63262e-15;-9.990E+02;1.08129e-14;4.35098e-15;-9.990E+02;2.22122e-14;7.45283e-15;-9.990E+02
03:11:07.127;+01:19:36.638;6.16E+20;0.8;-999/-999;35934.2;1.04199e-14;2.75094e-15;8.52746e-15;3.4635e-15;-9.990E+02;1.25881e-14;4.60098e-15;-9.990E+02;3.69311e-15;3.03769e-15;-9.990E+02
03:10:11.384;+01:26:03.076;6.04E+20;0.8;-999/-999;33597.9;9.47521e-15;2.74158e-15;8.57178e-15;3.86272e-15;-9.990E+02;2.54873e-15;2.24636e-15;-9.990E+02;1.49744e-14;6.74796e-15;-9.990E+02
03:10:26.743;+01:15:00.026;6.01E+20;0.8;-999/-999;33410.8;9.76908e-15;2.73942e-15;9.92768e-15;3.9785e-15;-9.990E+02;7.09574e-15;3.55451e-15;-9.990E+02;6.95337e-15;4.17744e-15;-9.990E+02
03:11:01.046;+01:16:16.758;6.16E+20;0.8;-999/-999;35276.4;1.43309e-14;3.20943e-15;1.85053e-14;5.14523e-15;-9.990E+02;1.09338e-14;4.40158e-15;-9.990E+02;2.67314e-15;2.61302e-15;-9.990E+02
03:11:09.344;+01:25:53.382;6.14E+20;0.8;-999/-999;34809.4;7.86306e-15;2.59658e-15;1.01452e-14;-5.30048e-12;9.66135e-15;1.55494e-14;5.604e-15;-9.990E+02;5.07039e-15;3.94646e-15;-9.990E+02
03:10:06.929;+01:25:12.999;5.95E+20;0.8;-999/-999;30759.7;2.83653e-14;4.40597e-15;9.0822e-15;3.61686e-15;-9.990E+02;3.61978e-14;7.62853e-15;-9.990E+02;3.19208e-14;8.97249e-15;-9.990E+02
03:10:15.734;+01:16:05.689;5.98E+20;0.8;-999/-999;28590.3;1.45385e-14;3.34532e-15;9.07946e-15;3.75404e-15;-9.990E+02;1.3549e-14;4.90815e-15;-9.990E+02;1.59261e-14;6.58488e-15;-9.990E+02
03:11:09.275;+01:18:24.137;6.16E+20;0.8;-999/-999;35126.3;7.24414e-15;2.44528e-15;3.70419e-15;2.50072e-15;-9.990E+02;4.37573e-15;2.95408e-15;-9.990E+02;1.28376e-14;6.13712e-15;-9.990E+02
03:10:19.819;+01:14:57.902;5.99E+20;0.8;-999/-999;29018.4;1.40814e-14;3.3462e-15;1.22587e-14;4.53215e-15;-9.990E+02;9.74735e-15;4.50331e-15;-9.990E+02;1.43232e-14;6.61737e-15;-9.990E+02
03:11:14.406;+01:23:12.795;6.16E+20;0.8;-999/-999;35230.6;7.8845e-15;2.59811e-15;7.33024e-15;3.60729e-15;-9.990E+02;5.19549e-15;3.36285e-15;-9.990E+02;7.6213e-15;4.93299e-15;-9.990E+02
03:10:49.463;+01:13:58.400;6.14E+20;0.8;-999/-999;29766.1;1.28515e-14;3.20754e-15;4.77605e-15;2.69925e-15;-9.990E+02;1.9758e-14;6.15776e-15;-9.990E+02;8.28725e-15;4.68365e-15;-9.990E+02
03:10:18.198;+01:15:00.285;5.99E+20;0.8;-999/-999;25626.4;2.22218e-14;4.1067e-15;3.22533e-15;2.32786e-15;-9.990E+02;1.53894e-14;5.32143e-15;-9.990E+02;5.0865e-14;1.19026e-14;-9.990E+02
03:11:12.763;+01:26:14.539;6.14E+20;0.8;-999/-999;33742.9;1.3296e-14;3.20754e-15;1.72905e-14;5.24429e-15;-9.990E+02;5.84396e-15;3.35945e-15;-9.990E+02;8.57432e-15;4.92901e-15;-9.990E+02
03:10:32.952;+01:12:38.590;6.04E+20;0.8;-999/-999;22487.9;2.51159e-14;4.41699e-15;1.39442e-14;4.69045e-15;-9.990E+02;1.65859e-14;5.57904e-15;-9.990E+02;4.05961e-14;1.05823e-14;-9.990E+02
03:10:11.330;+01:30:14.484;6.03E+20;0.8;-999/-999;26584.4;2.00996e-14;4.11129e-15;7.43496e-15;3.64623e-15;-9.990E+02;1.76934e-14;6.12763e-15;-9.990E+02;3.24882e-14;9.74808e-15;-9.990E+02
03:11:18.063;+01:18:58.846;6.18E+20;0.8;-999/-999;29841.9;1.38017e-14;3.36402e-15;9.41877e-15;3.97222e-15;-9.990E+02;1.66688e-14;5.6252e-15;-9.990E+02;8.14702e-15;4.58378e-15;-9.990E+02
03:10:18.426;+01:31:55.952;6.05E+20;0.8;-999/-999;30186.8;2.27473e-14;4.26608e-15;9.93014e-15;4.00804e-15;-9.990E+02;1.96707e-14;6.08856e-15;-9.990E+02;3.46665e-14;9.72136e-15;-9.990E+02
03:11:20.091;+01:18:53.674;6.18E+20;0.8;-999/-999;26910.9;1.73553e-14;3.82275e-15;7.61265e-15;-7.81611e-12;3.90962e-14;2.79376e-14;7.64185e-15;-9.990E+02;2.04921e-14;7.94118e-15;-9.990E+02
03:11:13.659;+01:29:46.086;6.14E+20;0.8;-999/-999;31062.8;1.40322e-14;3.51302e-15;6.14643e-15;-7.17344e-12;1.8945e-14;1.35633e-14;5.40465e-15;-9.990E+02;2.98503e-14;9.8147e-15;-9.990E+02
03:10:05.577;+01:30:57.963;6.02E+20;0.8;-999/-999;16871.7;3.28056e-14;5.63251e-15;6.67145e-14;1.14545e-14;-9.990E+02;3.17629e-14;-1.36253e-11;1.04955e-13;7.00224e-14;-2.00157e-11;1.54179e-13
03:11:27.153;+01:18:10.024;6.20E+20;0.8;-999/-999;17641.2;3.10896e-14;5.661e-15;2.38818e-14;7.12158e-15;-9.990E+02;1.8767e-14;6.95267e-15;-9.990E+02;4.12721e-14;1.23074e-14;-9.990E+02
03:11:30.275;+01:30:37.201;6.26E+20;1.464;+0.19/-0.15;8973.0;9.76766e-14;8.17447e-15;9.82489e-14;1.67252e-14;-9.990E+02;2.50612e-13;2.59586e-14;-9.990E+02;7.94475e-14;1.66262e-14;-9.990E+02
21:31:18.689;+00:06:15.131;3.57E+20;0.8;-999/-999;1365.1;1.42451e-13;4.80488e-14;2.61455e-13;8.81892e-14;-9.990E+02;0;-1.2165e-10;2.38895e-13;0;-1.83255e-10;3.59874e-13
21:31:22.342;+00:06:44.383;3.58E+20;0.8;-999/-999;1254.2;1.17295e-13;4.52384e-14;2.15365e-13;8.30624e-14;-9.990E+02;0;-1.14501e-10;3.26812e-13;0;-1.72469e-10;4.92266e-13
21:31:15.654;-00:09:52.626;3.52E+20;0.8;-999/-999;1357.9;1.28434e-13;5.07924e-14;2.35222e-13;9.3024e-14;-9.990E+02;0;-1.28697e-10;4.31973e-13;0;-1.93975e-10;6.5108e-13
21:32:09.396;-00:03:34.115;3.54E+20;0.8;-999/-999;1349.0;1.31382e-13;5.22366e-14;2.4083e-13;9.57523e-14;-9.990E+02;0;-1.32309e-10;3.66214e-13;0;-1.99377e-10;5.51847e-13
02:27:39.812;-00:15:44.871;2.47E+20;0.8;-999/-999;12113.2;2.26776e-14;6.1254e-15;1.44392e-14;6.39624e-15;-9.990E+02;3.21321e-14;1.17204e-14;-9.990E+02;8.15334e-15;7.22707e-15;-9.990E+02
02:27:52.126;-00:13:19.361;2.44E+20;0.8;-999/-999;12073.6;1.21988e-14;4.62332e-15;5.33273e-15;4.04175e-15;-9.990E+02;1.18896e-14;7.50826e-15;-9.990E+02;1.81205e-14;1.14431e-14;-9.990E+02
02:27:29.075;-00:17:26.153;2.49E+20;0.8;-999/-999;11289.6;2.67672e-14;6.53856e-15;1.80474e-14;7.09148e-15;-9.990E+02;3.20908e-14;1.1582e-14;-9.990E+02;1.62854e-14;1.02592e-14;-9.990E+02
02:27:39.850;-00:18:15.989;2.47E+20;0.8;-999/-999;11997.7;1.21038e-14;4.62808e-15;7.06351e-15;4.60415e-15;-9.990E+02;5.23813e-15;4.91649e-15;-9.990E+02;2.3943e-14;1.28978e-14;-9.990E+02
02:27:47.670;-00:09:34.774;2.34E+20;0.8;-999/-999;12191.9;1.8115e-14;5.55509e-15;1.80165e-14;7.29341e-15;-9.990E+02;6.74039e-15;5.45583e-15;-9.990E+02;2.05623e-14;1.19422e-14;-9.990E+02
02:27:16.180;-00:17:41.021;2.52E+20;0.8;-999/-999;12353.7;1.04479e-14;4.36352e-15;3.66531e-15;3.32318e-15;-9.990E+02;5.41807e-15;4.91234e-15;-9.990E+02;2.47581e-14;1.33296e-14;-9.990E+02
02:27:12.620;-00:11:31.071;2.52E+20;0.8;-999/-999;11749.0;2.99719e-14;6.95436e-15;2.62936e-14;8.62018e-15;-9.990E+02;2.77623e-14;1.07831e-14;-9.990E+02;1.69111e-14;1.04483e-14;-9.990E+02
02:27:57.784;-00:20:17.127;2.45E+20;0.8;-999/-999;11956.6;1.48262e-14;5.30478e-15;7.41183e-15;4.98722e-15;-9.990E+02;1.6513e-14;9.04981e-15;-9.990E+02;1.67746e-14;1.12872e-14;-9.990E+02
02:28:09.954;-00:15:24.558;2.29E+20;0.8;-999/-999;12527.1;1.36738e-14;5.00425e-15;1.0178e-14;5.6576e-15;-9.990E+02;1.01857e-14;6.83513e-15;-9.990E+02;1.55481e-14;1.04336e-14;-9.990E+02
02:28:04.982;-00:07:04.548;2.30E+20;0.8;-999/-999;12404.4;1.29496e-14;5.0061e-15;9.64544e-15;-8.69077e-12;3.70816e-14;2.53197e-14;1.14535e-14;-9.990E+02;1.2878e-14;1.01646e-14;-9.990E+02
01:09:31.442;-00:53:33.652;4.04E+20;0.8;-999/-999;1752.8;1.16018e-13;3.44352e-14;6.51452e-14;3.54068e-14;-9.990E+02;1.1646e-13;5.42326e-14;-9.990E+02;1.30916e-13;7.11535e-14;-9.990E+02
01:10:12.102;-00:47:49.441;3.91E+20;0.8;-999/-999;1823.1;1.99617e-13;5.00115e-14;1.85896e-13;6.71269e-14;-9.990E+02;8.37415e-14;5.26755e-14;-9.990E+02;2.5147e-13;1.09839e-13;-9.990E+02
01:56:18.010;+01:02:13.302;2.55E+20;0.8;-999/-999;9389.5;8.12235e-14;1.22859e-14;5.18949e-14;1.30049e-14;-9.990E+02;9.57002e-14;2.16343e-14;-9.990E+02;5.82754e-14;2.05095e-14;-9.990E+02
01:56:19.006;+01:03:15.922;2.55E+20;0.8;-999/-999;10259.0;3.45643e-14;8.1906e-15;3.64511e-14;1.12399e-14;-9.990E+02;1.7923e-14;9.61955e-15;-9.990E+02;2.7285e-14;1.46443e-14;-9.990E+02
01:56:23.063;+01:02:54.256;2.55E+20;0.8;-999/-999;10258.1;1.54802e-14;5.86993e-15;7.76745e-15;5.52522e-15;-9.990E+02;1.71907e-14;1.00512e-14;-9.990E+02;1.74449e-14;1.24091e-14;-9.990E+02
01:56:16.281;+01:02:23.903;2.55E+20;0.8;-999/-999;9956.3;5.58872e-14;1.01017e-14;3.27341e-14;1.02591e-14;-9.990E+02;9.65493e-14;2.12699e-14;-9.990E+02;6.3015e-14;-3.9818e-11;1.61792e-13
01:56:16.723;+01:03:04.696;2.55E+20;0.8;-999/-999;9390.2;6.7941e-14;1.10573e-14;3.18228e-14;1.01344e-14;-9.990E+02;8.21854e-14;1.96247e-14;-9.990E+02;7.14709e-14;2.27608e-14;-9.990E+02
01:56:14.724;+01:03:13.421;2.56E+20;0.8;-999/-999;10458.0;3.50524e-14;8.193e-15;2.31048e-14;8.6904e-15;-9.990E+02;5.67543e-14;1.68388e-14;-9.990E+02;3.68779e-14;-3.22837e-11;1.1456e-13
01:56:15.220;+01:03:39.593;2.55E+20;0.8;-999/-999;9522.5;3.10014e-14;7.91758e-15;2.33383e-14;8.9593e-15;-9.990E+02;3.44308e-14;1.32176e-14;-9.990E+02;1.74719e-14;1.16497e-14;-9.990E+02
01:56:13.091;+01:02:31.761;2.56E+20;0.8;-999/-999;10755.9;1.73828e-14;6.0082e-15;1.01832e-14;6.1608e-15;-9.990E+02;1.5013e-14;9.08282e-15;-9.990E+02;2.28528e-14;1.38259e-14;-9.990E+02
01:56:12.734;+01:02:02.732;2.56E+20;0.8;-999/-999;10602.1;1.41329e-14;5.59855e-15;3.5496e-15;3.7128e-15;-9.990E+02;5.23315e-15;5.47375e-15;-9.990E+02;3.98079e-14;1.87487e-14;-9.990E+02
01:56:11.849;+01:03:07.592;2.56E+20;0.8;-999/-999;10540.0;1.98544e-14;6.41785e-15;2.09496e-14;8.7744e-15;-9.990E+02;1.02965e-14;7.39151e-15;-9.990E+02;1.56733e-14;1.12514e-14;-9.990E+02
01:56:27.307;+01:03:12.441;2.54E+20;0.8;-999/-999;9561.4;1.76852e-14;6.1407e-15;1.33085e-14;7.1287e-15;-9.990E+02;1.30994e-14;8.63504e-15;-9.990E+02;1.9944e-14;1.3147e-14;-9.990E+02
01:56:14.530;+01:04:44.377;2.55E+20;0.8;-999/-999;9089.9;1.92616e-14;6.55248e-15;1.12783e-14;6.60437e-15;-9.990E+02;8.32114e-15;6.95905e-15;-9.990E+02;3.79975e-14;1.82259e-14;-9.990E+02
01:56:08.108;+01:01:55.457;2.56E+20;0.8;-999/-999;10236.8;1.41193e-14;5.462e-15;4.9632e-15;4.1736e-15;-9.990E+02;7.3172e-15;6.1531e-15;-9.990E+02;3.34255e-14;1.63896e-14;-9.990E+02
01:56:19.335;+01:06:20.353;2.55E+20;0.8;-999/-999;10720.3;1.42516e-14;5.4604e-15;1.07315e-14;6.20628e-15;-9.990E+02;1.58321e-14;9.15609e-15;-9.990E+02;8.03576e-15;8.02499e-15;-9.990E+02
01:56:04.912;+01:03:24.039;2.56E+20;0.8;-999/-999;10625.5;1.45289e-14;5.59855e-15;1.09392e-14;-9.8304e-12;4.2048e-14;1.88238e-14;1.04168e-14;-9.990E+02;2.86535e-14;1.58564e-14;-9.990E+02
01:56:33.672;+00:57:46.794;2.54E+20;0.8;-999/-999;10091.7;3.10174e-14;7.77822e-15;2.26896e-14;9.15109e-15;-9.990E+02;2.0093e-14;1.04852e-14;-9.990E+02;4.07874e-14;1.84198e-14;-9.990E+02
01:55:59.040;+00:58:48.212;2.57E+20;0.8;-999/-999;10285.4;3.24835e-14;8.196e-15;4.39308e-15;4.03519e-15;-9.990E+02;5.17712e-14;1.65611e-14;-9.990E+02;3.94101e-14;1.77741e-14;-9.990E+02
01:55:53.899;+01:02:52.735;2.58E+20;0.8;-999/-999;10157.5;2.90928e-14;7.78905e-15;1.53579e-14;7.54312e-15;-9.990E+02;1.50735e-14;9.06743e-15;-9.990E+02;5.7363e-14;2.17333e-14;-9.990E+02
01:56:02.544;+00:57:11.400;2.57E+20;0.8;-999/-999;10437.4;2.19106e-14;6.6934e-15;4.27778e-15;3.9223e-15;-9.990E+02;1.89144e-14;1.01136e-14;-9.990E+02;4.7974e-14;1.97939e-14;-9.990E+02
01:56:26.160;+01:11:45.039;2.54E+20;0.8;-999/-999;10866.0;2.58046e-14;7.36884e-15;1.64811e-14;7.79244e-15;-9.990E+02;3.04048e-14;1.2735e-14;-9.990E+02;1.85167e-14;1.25114e-14;-9.990E+02
01:55:54.847;+01:10:24.373;2.57E+20;0.8;-999/-999;9490.7;3.97369e-14;9.4254e-15;6.98713e-15;5.3034e-15;-9.990E+02;4.11905e-14;1.58711e-14;-9.990E+02;7.83139e-14;2.67581e-14;-9.990E+02
01:56:53.551;+00:54:19.428;2.53E+20;0.8;-999/-999;10059.8;2.00386e-14;7.22973e-15;1.40743e-14;8.05955e-15;-9.990E+02;2.07905e-14;1.19055e-14;-9.990E+02;1.58289e-14;1.2732e-14;-9.990E+02
01:56:50.157;+00:53:05.057;2.53E+20;0.8;-999/-999;7165.2;8.67022e-14;1.3641e-14;5.43529e-14;1.40839e-14;-9.990E+02;8.02899e-14;2.08046e-14;-9.990E+02;9.78061e-14;2.91479e-14;-9.990E+02
01:42:54.557;+01:19:42.600;2.76E+20;0.8;-999/-999;4298.1;1.07794e-13;2.06265e-14;7.86646e-14;2.30216e-14;-9.990E+02;8.17514e-14;2.95547e-14;-9.990E+02;1.24186e-13;4.48957e-14;-9.990E+02
01:42:54.830;+01:27:14.528;2.76E+20;0.8;-999/-999;4506.7;7.19865e-14;1.78763e-14;1.0938e-13;2.9935e-14;-9.990E+02;5.45837e-14;-4.60716e-11;1.75101e-13;4.02946e-14;2.6459e-14;-9.990E+02
01:35:27.593;-00:44:47.990;2.57E+20;0.715;+0.04/-0.04;12202.4;9.67609e-13;2.63574e-14;5.01283e-13;2.3612e-14;-9.990E+02;9.02228e-13;3.91963e-14;-9.990E+02;1.07609e-12;5.39696e-14;-9.990E+02
01:35:33.682;-00:48:16.232;2.58E+20;0.747;+0.27/-0.20;9488.4;4.8756e-14;6.85296e-15;2.32023e-14;6.08896e-15;-9.990E+02;5.20067e-14;1.1091e-14;-9.990E+02;5.32818e-14;1.39827e-14;-9.990E+02
01:35:39.295;-00:43:24.598;2.56E+20;0.8;-999/-999;10464.8;3.21029e-14;5.59855e-15;8.0592e-15;3.6456e-15;-9.990E+02;3.56307e-14;9.40126e-15;-9.990E+02;5.4237e-14;1.43106e-14;-9.990E+02
01:35:43.558;-00:48:14.294;2.58E+20;0.177;+0.17/-0.14;11165.8;1.22086e-13;1.25501e-14;1.9023e-14;4.85942e-15;-9.990E+02;8.4487e-14;1.39442e-14;-9.990E+02;1.69552e-13;2.55412e-14;-9.990E+02
01:35:33.689;-00:41:27.856;2.56E+20;0.8;-999/-999;18241.7;2.04279e-14;4.3696e-15;1.34616e-14;4.8e-15;-9.990E+02;1.32297e-14;5.66128e-15;-9.990E+02;3.02101e-14;1.0772e-14;-9.990E+02
01:35:35.523;-00:50:57.876;2.67E+20;0.8;-999/-999;11335.4;2.62782e-14;5.07196e-15;6.6303e-15;3.47613e-15;-9.990E+02;4.85023e-14;1.1153e-14;-9.990E+02;1.4755e-14;7.73573e-15;-9.990E+02
01:35:14.718;-00:38:31.605;2.54E+20;0.380;+0.24/-0.18;24002.0;6.70691e-14;9.04344e-15;6.62042e-15;3.06096e-15;-9.990E+02;6.90883e-14;1.29924e-14;-9.990E+02;8.55883e-14;1.84033e-14;-9.990E+02
01:34:57.983;-00:43:04.387;2.64E+20;0.8;-999/-999;22862.9;1.35844e-14;3.69738e-15;9.98402e-15;4.14914e-15;-9.990E+02;1.17159e-14;5.43297e-15;-9.990E+02;1.3359e-14;7.27204e-15;-9.990E+02
01:35:14.215;-00:53:15.271;2.68E+20;0.8;-999/-999;11361.5;3.14576e-14;5.62233e-15;3.17845e-14;7.51975e-15;-9.990E+02;2.32305e-14;7.67855e-15;-9.990E+02;1.76586e-14;8.2044e-15;-9.990E+02
01:35:00.455;-00:41:01.416;2.55E+20;0.820;+0.16/-0.13;23011.5;1.04429e-13;9.12628e-15;8.49125e-14;1.10456e-14;-9.990E+02;7.69248e-14;1.27325e-14;-9.990E+02;1.1116e-13;1.88731e-14;-9.990E+02
01:34:54.584;-00:43:03.429;2.64E+20;0.8;-999/-999;23305.6;2.94832e-14;5.34066e-15;2.26126e-14;6.22854e-15;-9.990E+02;2.65344e-14;8.24154e-15;-9.990E+02;2.52205e-14;9.82534e-15;-9.990E+02
01:34:52.100;-00:45:23.970;2.65E+20;0.8;-999/-999;24010.2;1.14811e-14;3.56174e-15;4.67448e-15;3.07201e-15;-9.990E+02;1.37008e-14;6.3439e-15;-9.990E+02;1.38926e-14;7.77854e-15;-9.990E+02
01:35:15.271;-00:36:59.178;2.54E+20;0.8;-999/-999;24266.6;1.25762e-14;3.54796e-15;3.68056e-15;2.60707e-15;-9.990E+02;1.63008e-14;6.62928e-15;-9.990E+02;1.65455e-14;8.14348e-15;-9.990E+02
01:35:07.002;-00:54:33.138;2.69E+20;0.371;+0.13/-0.11;7644.7;2.43922e-13;1.82476e-14;1.15508e-13;1.35068e-14;-9.990E+02;9.58946e-14;1.58409e-14;-9.990E+02;3.1241e-13;3.65313e-14;-9.990E+02
01:35:18.353;-00:35:17.415;2.53E+20;0.8;-999/-999;23083.9;1.6983e-14;4.22871e-15;1.19265e-14;-7.41546e-12;1.64232e-14;1.83535e-14;7.08107e-15;-9.990E+02;3.91278e-14;1.2522e-14;-9.990E+02
01:34:46.365;-00:46:50.651;2.66E+20;0.8;-999/-999;21492.6;2.62549e-14;5.34417e-15;2.72357e-14;7.14997e-15;-9.990E+02;1.19737e-14;5.79199e-15;-9.990E+02;2.42788e-14;1.01651e-14;-9.990E+02
01:35:17.135;-00:33:56.531;2.53E+20;0.8;-999/-999;18657.2;1.44595e-14;4.22871e-15;1.45101e-14;5.56698e-15;-9.990E+02;1.07206e-14;5.93862e-15;-9.990E+02;8.15949e-15;6.26369e-15;-9.990E+02
01:34:59.308;-00:35:51.318;2.53E+20;1.203;+0.23/-0.18;12469.4;6.98147e-14;7.23949e-15;9.08921e-14;1.40229e-14;-9.990E+02;9.04961e-14;1.59579e-14;-9.990E+02;6.35262e-14;1.59437e-14;-9.990E+02
01:34:38.314;-00:43:50.062;2.65E+20;0.8;-999/-999;20883.2;1.43703e-14;4.52067e-15;8.44983e-15;4.55846e-15;-9.990E+02;1.23832e-14;6.6804e-15;-9.990E+02;1.88323e-14;1.01595e-14;-9.990E+02
01:34:44.502;-00:35:00.179;2.53E+20;0.727;+0.17/-0.14;11654.9;1.86844e-13;1.73808e-14;1.14115e-13;1.74264e-14;-9.990E+02;1.52944e-13;2.46355e-14;-9.990E+02;2.0653e-13;3.59808e-14;-9.990E+02
01:57:48.987;-00:06:01.328;2.54E+20;0.8;-999/-999;4977.6;2.99939e-14;1.07803e-14;2.63342e-14;1.3251e-14;-9.990E+02;1.9435e-14;1.37396e-14;-9.990E+02;2.95901e-14;2.09188e-14;-9.990E+02
01:58:15.061;-00:09:44.480;2.47E+20;0.8;-999/-999;4902.1;5.79463e-14;1.49732e-14;3.68904e-14;1.61026e-14;-9.990E+02;8.20711e-14;3.05487e-14;-9.990E+02;2.08411e-14;1.81969e-14;-9.990E+02
01:57:43.882;-00:09:20.984;2.54E+20;0.8;-999/-999;5064.6;3.71171e-14;1.21449e-14;2.17239e-14;1.22781e-14;-9.990E+02;6.41349e-14;2.57601e-14;-9.990E+02;1.33193e-14;-4.7886e-11;3.22615e-13
01:58:03.739;-00:13:29.512;2.48E+20;0.8;-999/-999;5061.2;3.39336e-14;1.18468e-14;2.97171e-14;1.48204e-14;-9.990E+02;2.93503e-14;1.80139e-14;-9.990E+02;2.23652e-14;1.94086e-14;-9.990E+02
01:58:27.795;+00:01:13.805;2.44E+20;0.8;-999/-999;4961.0;2.49931e-14;1.06064e-14;3.63995e-14;1.73082e-14;-9.990E+02;2.16379e-14;-2.75315e-11;7.15493e-14;1.64943e-14;1.70812e-14;-9.990E+02
01:58:38.811;-00:10:01.871;2.42E+20;0.8;-999/-999;5015.9;5.0493e-14;1.49468e-14;2.93876e-14;1.51448e-14;-9.990E+02;6.5632e-14;2.84959e-14;-9.990E+02;3.33427e-14;2.44847e-14;-9.990E+02
01:58:43.602;-00:03:11.534;2.43E+20;0.8;-999/-999;5064.7;5.49157e-14;1.49523e-14;4.3616e-14;1.82921e-14;-9.990E+02;3.89315e-14;2.13734e-14;-9.990E+02;5.93416e-14;3.25786e-14;-9.990E+02
01:58:42.950;-00:13:06.609;2.42E+20;0.8;-999/-999;4603.2;3.24481e-14;1.29086e-14;1.13325e-14;9.86551e-15;-9.990E+02;6.74688e-14;2.93613e-14;-9.990E+02;3.50658e-14;-5.11018e-11;1.69729e-13
00:52:39.785;-00:38:38.912;3.39E+20;0.747;+0.10/-0.08;2295.9;2.53601e-12;1.37795e-13;1.21445e-12;1.26353e-13;-9.990E+02;2.66562e-12;2.31964e-13;-9.990E+02;2.77328e-12;2.79515e-13;-9.990E+02
00:52:25.251;-00:37:04.956;3.36E+20;0.8;-999/-999;2454.7;7.94745e-14;2.66646e-14;5.41981e-14;2.91031e-14;-9.990E+02;7.58378e-14;4.07231e-14;-9.990E+02;7.6362e-14;4.97702e-14;-9.990E+02
03:06:17.517;-00:08:26.236;6.24E+20;0.8;-999/-999;8878.6;2.70192e-14;8.11801e-15;2.07885e-14;1.02905e-14;-9.990E+02;1.62961e-14;9.79467e-15;-9.990E+02;3.58307e-14;1.77366e-14;-9.990E+02
03:06:24.344;-00:03:12.882;6.27E+20;0.8;-999/-999;9414.6;1.79208e-14;6.7452e-15;2.45354e-14;1.13197e-14;-9.990E+02;7.20254e-15;6.64423e-15;-9.990E+02;1.05535e-14;9.73543e-15;-9.990E+02
03:06:04.788;-00:15:29.018;6.34E+20;0.8;-999/-999;9536.0;5.49084e-14;1.15193e-14;3.3262e-14;1.2963e-14;-9.990E+02;6.22794e-14;1.90021e-14;-9.990E+02;4.55725e-14;1.96952e-14;-9.990E+02
03:05:51.686;-00:10:04.062;6.39E+20;0.8;-999/-999;9734.3;1.92558e-14;7.3824e-15;1.3255e-14;8.78053e-15;-9.990E+02;1.54547e-14;1.02377e-14;-9.990E+02;2.26177e-14;1.49827e-14;-9.990E+02
03:06:09.288;-00:16:51.747;6.32E+20;0.8;-999/-999;9456.8;4.66517e-14;1.08992e-14;1.92121e-14;1.00975e-14;-9.990E+02;3.74769e-14;1.53237e-14;-9.990E+02;7.68287e-14;2.66083e-14;-9.990E+02
03:06:26.208;-00:17:47.471;6.29E+20;0.8;-999/-999;9180.4;3.14582e-14;9.04942e-15;2.58651e-14;1.19091e-14;-9.990E+02;3.03298e-14;1.39648e-14;-9.990E+02;2.22238e-14;1.47039e-14;-9.990E+02
03:06:27.265;-00:18:16.527;6.29E+20;0.8;-999/-999;9080.8;3.03079e-14;9.04942e-15;3.11637e-14;1.31801e-14;-9.990E+02;1.82659e-14;1.091e-14;-9.990E+02;2.67585e-14;1.59825e-14;-9.990E+02
03:06:07.170;-00:18:20.444;6.31E+20;0.8;-999/-999;9859.3;1.80481e-14;7.36656e-15;6.19027e-15;6.21869e-15;-9.990E+02;1.45005e-14;1.02428e-14;-9.990E+02;3.18578e-14;1.83399e-14;-9.990E+02
01:12:48.596;-00:17:23.686;2.95E+20;0.8;-999/-999;3448.7;1.0861e-13;2.21456e-14;1.34382e-13;3.29771e-14;-9.990E+02;4.29064e-14;2.25125e-14;-9.990E+02;6.50489e-14;3.41304e-14;-9.990E+02
00:00:11.977;+00:02:27.101;2.83E+20;0.8;-999/-999;965.4;1.47902e-13;5.5136e-14;2.19144e-13;8.87997e-14;-9.990E+02;0;-1.41846e-10;4.1993e-13;9.62889e-14;8.94458e-14;-9.990E+02
23:59:40.175;-00:03:06.684;3.30E+20;0.8;-999/-999;952.6;2.03507e-13;6.58282e-14;1.67853e-13;8.08388e-14;-9.990E+02;2.82962e-13;1.23722e-13;-9.990E+02;1.30548e-13;-2.53168e-10;4.71233e-13
21:33:27.525;-00:48:57.657;3.71E+20;0.8;-999/-999;66246.2;7.71749e-15;1.84561e-15;8.3826e-15;2.6212e-15;-9.990E+02;3.44101e-15;2.00872e-15;-9.990E+02;6.90123e-15;3.45331e-15;-9.990E+02
21:33:27.432;-00:48:35.874;3.71E+20;0.761;+0.27/-0.20;66313.1;1.76631e-14;2.48982e-15;6.87748e-15;2.01984e-15;-9.990E+02;2.11634e-14;4.07721e-15;-9.990E+02;1.9239e-14;4.85474e-15;-9.990E+02
21:33:27.137;-00:49:29.802;3.72E+20;0.419;+0.22/-0.18;66067.5;2.85006e-14;3.52317e-15;1.00559e-14;2.3994e-15;-9.990E+02;1.89116e-14;4.06065e-15;-9.990E+02;3.58038e-14;7.09572e-15;-9.990E+02
21:33:26.485;-00:50:34.125;3.73E+20;0.8;-999/-999;66755.5;6.1924e-15;1.70472e-15;3.81427e-15;1.80423e-15;-9.990E+02;5.21322e-15;2.46596e-15;-9.990E+02;7.84039e-15;3.70867e-15;-9.990E+02
21:33:26.020;-00:46:54.022;3.69E+20;0.8;-999/-999;66156.4;4.83385e-15;1.56068e-15;5.09588e-15;2.15927e-15;-9.990E+02;3.49045e-15;2.10402e-15;-9.990E+02;2.62658e-15;2.22568e-15;-9.990E+02
21:33:26.191;-00:45:26.923;3.68E+20;0.8;-999/-999;67196.6;5.91289e-15;1.56013e-15;3.89418e-15;1.65418e-15;-9.990E+02;4.27427e-15;2.03781e-15;-9.990E+02;8.03405e-15;3.41272e-15;-9.990E+02
21:33:43.678;-00:46:59.252;3.71E+20;0.8;-999/-999;69874.6;9.77463e-15;1.84561e-15;8.09164e-15;2.34257e-15;-9.990E+02;7.66542e-15;2.62281e-15;-9.990E+02;8.96782e-15;3.46356e-15;-9.990E+02
21:33:42.503;-00:51:57.394;3.75E+20;0.8;-999/-999;69291.1;4.27019e-15;1.4215e-15;3.64393e-15;1.7686e-15;-9.990E+02;3.31704e-15;1.95764e-15;-9.990E+02;3.74011e-15;2.55078e-15;-9.990E+02
21:33:44.450;-00:46:20.656;3.70E+20;0.8;-999/-999;69857.6;9.71584e-15;1.84496e-15;4.18548e-15;1.70248e-15;-9.990E+02;7.36688e-15;2.62252e-15;-9.990E+02;1.72393e-14;4.82214e-15;-9.990E+02
21:33:16.793;-00:53:06.703;3.74E+20;0.8;-999/-999;67275.1;6.9975e-15;1.70532e-15;4.31107e-15;1.75149e-15;-9.990E+02;4.90879e-15;2.27247e-15;-9.990E+02;1.03335e-14;3.95696e-15;-9.990E+02
21:33:24.811;-00:54:30.911;3.76E+20;0.8;-999/-999;68587.0;1.01829e-14;1.9908e-15;6.90638e-15;2.24214e-15;-9.990E+02;8.56742e-15;2.84013e-15;-9.990E+02;1.1591e-14;4.27001e-15;-9.990E+02
21:33:05.192;-00:49:32.725;3.70E+20;0.8;-999/-999;68248.9;5.24111e-15;1.56112e-15;7.44115e-16;8.06714e-16;-9.990E+02;3.05578e-15;1.91991e-15;-9.990E+02;1.37968e-14;5.14372e-15;-9.990E+02
21:33:53.533;-00:49:05.341;3.73E+20;0.8;-999/-999;71004.6;9.79788e-15;1.98884e-15;1.39288e-15;9.97538e-16;-9.990E+02;1.04695e-14;3.10963e-15;-9.990E+02;1.86108e-14;5.396e-15;-9.990E+02
21:33:03.591;-00:49:58.851;3.70E+20;0.8;-999/-999;68770.5;1.41636e-14;2.27072e-15;1.17654e-14;2.79469e-15;-9.990E+02;1.25316e-14;3.40046e-15;-9.990E+02;1.07752e-14;3.83688e-15;-9.990E+02
21:33:18.066;-00:54:40.868;3.75E+20;0.8;-999/-999;67028.7;5.14725e-15;1.56365e-15;3.17332e-15;1.65002e-15;-9.990E+02;3.46453e-15;2.02008e-15;-9.990E+02;7.8137e-15;3.84102e-15;-9.990E+02
21:33:02.229;-00:46:37.301;3.67E+20;0.8;-999/-999;68598.1;7.88864e-15;1.84314e-15;6.36077e-15;2.19831e-15;-9.990E+02;4.98715e-15;2.33044e-15;-9.990E+02;9.38277e-15;3.91983e-15;-9.990E+02
21:33:00.744;-00:51:05.798;3.71E+20;0.8;-999/-999;70733.3;6.51926e-15;1.70364e-15;6.01828e-15;2.27179e-15;-9.990E+02;3.29502e-15;1.96101e-15;-9.990E+02;7.43002e-15;3.59738e-15;-9.990E+02
21:33:13.705;-00:55:24.163;3.76E+20;0.8;-999/-999;67657.4;4.81347e-15;1.5642e-15;1.48441e-15;1.17685e-15;-9.990E+02;4.04862e-15;2.26371e-15;-9.990E+02;9.13577e-15;4.35311e-15;-9.990E+02
21:33:57.541;-00:52:24.101;3.76E+20;0.8;-999/-999;69507.0;4.61155e-15;1.422e-15;1.00373e-15;9.2848e-16;-9.990E+02;4.10963e-15;2.11117e-15;-9.990E+02;9.26528e-15;4.12647e-15;-9.990E+02
21:33:18.848;-00:56:37.712;3.77E+20;0.891;+0.22/-0.17;68442.4;2.59481e-14;2.9007e-15;2.21672e-14;3.93743e-15;-9.990E+02;2.25001e-14;4.57056e-15;-9.990E+02;2.68512e-14;5.79029e-15;-9.990E+02
21:32:55.350;-00:48:58.029;3.68E+20;0.8;-999/-999;69791.0;1.16357e-14;2.12745e-15;9.44385e-15;2.6153e-15;-9.990E+02;9.41631e-15;3.07339e-15;-9.990E+02;1.06293e-14;3.85408e-15;-9.990E+02
21:33:48.414;-00:41:50.931;3.66E+20;0.761;+0.25/-0.19;68139.3;2.38062e-14;3.07083e-15;1.23208e-14;2.96498e-15;-9.990E+02;2.43189e-14;4.80479e-15;-9.990E+02;2.59373e-14;6.24174e-15;-9.990E+02
21:32:55.610;-00:52:28.288;3.72E+20;0.8;-999/-999;69951.8;7.96818e-15;1.84613e-15;6.05959e-15;2.08387e-15;-9.990E+02;3.55234e-15;1.94335e-15;-9.990E+02;1.24645e-14;4.2865e-15;-9.990E+02
21:34:03.981;-00:47:05.742;3.72E+20;0.8;-999/-999;62426.3;5.86501e-15;1.70412e-15;2.49965e-15;1.53693e-15;-9.990E+02;3.41853e-15;2.10192e-15;-9.990E+02;1.20005e-14;4.95128e-15;-9.990E+02
21:33:21.809;-00:39:56.452;3.62E+20;0.8;-999/-999;65050.3;7.30256e-15;1.84015e-15;4.47802e-15;1.93414e-15;-9.990E+02;5.28164e-15;2.44016e-15;-9.990E+02;1.06012e-14;4.3419e-15;-9.990E+02
21:33:51.945;-00:56:15.347;3.79E+20;0.8;-999/-999;67908.6;6.14339e-15;1.70808e-15;5.69307e-15;2.17544e-15;-9.990E+02;1.29147e-15;1.21176e-15;-9.990E+02;9.7083e-15;4.04737e-15;-9.990E+02
21:33:33.439;-00:58:20.866;3.80E+20;1.141;+0.12/-0.10;66744.1;6.37326e-14;3.76992e-15;7.54103e-14;6.84368e-15;-9.990E+02;7.67591e-14;7.6794e-15;-9.990E+02;5.92559e-14;7.90079e-15;-9.990E+02
21:33:42.044;-00:58:06.686;3.80E+20;0.8;-999/-999;63633.4;6.13943e-15;1.70856e-15;3.7921e-15;1.77334e-15;-9.990E+02;5.16012e-15;2.41308e-15;-9.990E+02;7.75491e-15;3.62652e-15;-9.990E+02
21:33:27.856;-00:38:59.204;3.62E+20;0.8;-999/-999;57131.9;1.3276e-14;2.40635e-15;5.42569e-15;2.11665e-15;-9.990E+02;1.30679e-14;3.70861e-15;-9.990E+02;1.96756e-14;5.58382e-15;-9.990E+02
21:34:06.419;-00:52:45.397;3.77E+20;0.8;-999/-999;51735.3;7.3467e-15;1.99136e-15;2.47318e-15;1.56664e-15;-9.990E+02;6.74127e-15;3.01526e-15;-9.990E+02;1.26651e-14;4.91063e-15;-9.990E+02
21:32:56.691;-00:55:16.062;3.74E+20;0.8;-999/-999;69868.1;7.10408e-15;1.84743e-15;5.05191e-15;2.13452e-15;-9.990E+02;8.27821e-15;3.20686e-15;-9.990E+02;4.15014e-15;2.76226e-15;-9.990E+02
21:32:48.414;-00:51:25.162;3.70E+20;0.8;-999/-999;64915.9;5.40006e-15;1.70304e-15;6.22846e-16;7.94141e-16;-9.990E+02;1.10898e-14;3.85201e-15;-9.990E+02;2.56673e-15;2.35145e-15;-9.990E+02
21:33:57.893;-00:56:34.352;3.80E+20;0.8;-999/-999;50371.0;1.39447e-14;2.56284e-15;1.10755e-14;3.09807e-15;-9.990E+02;1.2561e-14;3.93563e-15;-9.990E+02;1.13275e-14;4.64593e-15;-9.990E+02
21:33:41.330;-00:38:57.524;3.62E+20;0.399;+0.28/-0.21;50732.9;2.36221e-14;3.7436e-15;1.19678e-14;2.84496e-15;-9.990E+02;9.31937e-15;3.24922e-15;-9.990E+02;2.99715e-14;7.12476e-15;-9.990E+02
21:34:09.784;-00:46:17.519;3.72E+20;0.8;-999/-999;42486.6;1.56921e-14;2.69819e-15;1.08732e-14;2.99045e-15;-9.990E+02;1.48702e-14;4.08975e-15;-9.990E+02;1.49089e-14;5.12611e-15;-9.990E+02
21:33:42.547;-00:39:12.111;3.63E+20;0.8;-999/-999;52993.2;1.02759e-14;2.2656e-15;3.15265e-15;1.73005e-15;-9.990E+02;1.5173e-14;4.58701e-15;-9.990E+02;9.78671e-15;4.31608e-15;-9.990E+02
21:32:49.379;-00:52:57.939;3.71E+20;1.839;+0.20/-0.15;65851.0;2.10655e-14;1.48512e-15;7.71569e-14;7.30732e-15;-9.990E+02;5.36627e-14;6.39625e-15;-9.990E+02;1.46386e-14;3.48906e-15;-9.990E+02
21:33:40.165;-00:38:37.701;3.62E+20;1.000;+0.23/-0.18;48652.5;2.60729e-14;2.975e-15;2.0569e-14;4.0677e-15;-9.990E+02;3.26526e-14;5.63584e-15;-9.990E+02;2.57963e-14;6.12132e-15;-9.990E+02
21:33:38.551;-00:38:23.844;3.62E+20;0.8;-999/-999;48147.4;2.26622e-14;3.1141e-15;1.04166e-14;2.73888e-15;-9.990E+02;3.82327e-14;6.51067e-15;-9.990E+02;7.19693e-15;3.40586e-15;-9.990E+02
21:33:41.830;-00:38:29.186;3.62E+20;0.707;+0.27/-0.20;46465.7;2.28725e-14;3.19788e-15;5.89605e-15;2.05737e-15;-9.990E+02;2.91913e-14;5.45847e-15;-9.990E+02;2.55472e-14;6.5001e-15;-9.990E+02
21:33:10.334;-00:38:50.921;3.61E+20;0.8;-999/-999;40544.5;1.34236e-14;2.54718e-15;1.51933e-14;3.55379e-15;-9.990E+02;5.23089e-15;2.44634e-15;-9.990E+02;1.18151e-14;4.68825e-15;-9.990E+02
21:33:39.336;-00:38:02.366;3.61E+20;0.8;-999/-999;41080.8;1.66982e-14;2.8302e-15;7.67472e-15;2.6016e-15;-9.990E+02;2.11349e-14;5.21297e-15;-9.990E+02;1.59153e-14;5.395e-15;-9.990E+02
21:34:05.900;-00:56:41.438;3.81E+20;0.8;-999/-999;36895.7;1.76328e-14;2.99103e-15;2.33376e-15;1.48445e-15;-9.990E+02;1.26952e-14;3.99353e-15;-9.990E+02;4.29254e-14;9.0017e-15;-9.990E+02
02:42:40.037;-00:23:01.316;2.92E+20;0.860;+0.07/-0.06;17302.5;5.29057e-13;2.10256e-14;3.48193e-13;2.39789e-14;-9.990E+02;5.61839e-13;3.5358e-14;-9.990E+02;5.53009e-13;4.40074e-14;-9.990E+02
02:42:35.977;-00:19:05.679;2.91E+20;0.8;-999/-999;17279.8;3.65868e-14;6.49634e-15;1.5066e-14;5.60814e-15;-9.990E+02;4.7043e-14;1.18496e-14;-9.990E+02;3.84128e-14;1.30737e-14;-9.990E+02
02:42:20.710;-00:20:57.485;2.91E+20;0.8;-999/-999;17760.4;4.31385e-14;6.911e-15;1.24149e-14;4.9324e-15;-9.990E+02;3.21875e-14;9.56495e-15;-9.990E+02;9.22597e-14;1.98962e-14;-9.990E+02
02:42:21.017;-00:17:49.772;2.90E+20;0.8;-999/-999;18649.4;1.42049e-14;4.1454e-15;3.89606e-15;2.82162e-15;-9.990E+02;2.52846e-14;8.91372e-15;-9.990E+02;8.51985e-15;6.17029e-15;-9.990E+02
02:42:56.913;-00:20:15.976;2.92E+20;0.8;-999/-999;17999.5;1.02057e-14;3.73329e-15;3.03576e-15;2.73465e-15;-9.990E+02;2.18576e-14;8.61013e-15;-9.990E+02;6.11663e-15;-1.45344e-11;4.37218e-14
02:42:52.908;-00:18:10.444;2.91E+20;0.8;-999/-999;18801.6;1.54945e-14;4.42304e-15;9.21372e-15;4.46629e-15;-9.990E+02;1.32744e-14;6.43466e-15;-9.990E+02;2.01333e-14;9.75948e-15;-9.990E+02
02:42:42.165;-00:28:11.649;2.93E+20;0.8;-999/-999;18131.2;1.00351e-14;3.73464e-15;6.72114e-15;4.05837e-15;-9.990E+02;9.67016e-15;5.83906e-15;-9.990E+02;9.77601e-15;7.27542e-15;-9.990E+02
02:42:56.800;-00:15:58.001;2.91E+20;0.8;-999/-999;18504.7;2.07054e-14;5.11414e-15;1.23088e-14;5.31219e-15;-9.990E+02;2.06826e-14;8.23964e-15;-9.990E+02;2.24129e-14;1.04169e-14;-9.990E+02
02:43:06.537;-00:25:30.887;2.94E+20;0.8;-999/-999;18980.2;3.41774e-14;6.36502e-15;2.74886e-14;7.63601e-15;-9.990E+02;3.07385e-14;9.81014e-15;-9.990E+02;2.66285e-14;1.0978e-14;-9.990E+02
02:43:08.128;-00:23:38.094;2.94E+20;-0.422;+0.15/-0.13;18839.3;2.76101e-13;2.22264e-14;5.93339e-15;2.92909e-15;-9.990E+02;1.36274e-13;2.00261e-14;-9.990E+02;4.90365e-13;5.06168e-14;-9.990E+02
02:42:31.149;-00:12:24.405;2.90E+20;0.8;-999/-999;14585.0;2.12244e-14;5.5272e-15;2.52344e-14;8.13712e-15;-9.990E+02;1.21183e-14;6.76789e-15;-9.990E+02;9.19346e-15;7.1834e-15;-9.990E+02
02:41:58.630;-00:18:32.252;2.90E+20;0.8;-999/-999;12758.8;2.09619e-14;5.5272e-15;1.06827e-14;5.23664e-15;-9.990E+02;7.6987e-15;5.32905e-15;-9.990E+02;4.67272e-14;1.61667e-14;-9.990E+02
02:43:00.384;-00:30:29.548;2.95E+20;0.8;-999/-999;18010.7;3.47132e-14;6.50527e-15;2.58523e-14;7.61714e-15;-9.990E+02;2.2285e-14;8.35378e-15;-9.990E+02;4.50545e-14;1.48475e-14;-9.990E+02
21:36:38.488;+00:41:54.660;4.57E+20;0.705;+0.05/-0.05;16351.6;1.19552e-12;3.44982e-14;6.00013e-13;3.23778e-14;-9.990E+02;1.10084e-12;4.94372e-14;-9.990E+02;1.33637e-12;7.02798e-14;-9.990E+02
21:36:49.394;+00:36:56.505;4.60E+20;0.8;-999/-999;17708.8;1.07201e-14;3.94227e-15;1.14179e-14;5.6152e-15;-9.990E+02;5.91616e-15;4.75251e-15;-9.990E+02;8.81835e-15;7.08386e-15;-9.990E+02
21:36:19.245;+00:41:31.272;4.54E+20;0.8;-999/-999;16865.3;3.59541e-14;6.84978e-15;2.3918e-14;7.69491e-15;-9.990E+02;3.4968e-14;1.06429e-14;-9.990E+02;3.47731e-14;1.30156e-14;-9.990E+02
21:36:23.392;+00:35:02.567;4.56E+20;0.8;-999/-999;17021.3;1.14914e-14;4.22907e-15;8.25049e-15;4.95699e-15;-9.990E+02;1.78489e-14;8.36281e-15;-9.990E+02;1.11034e-14;-1.56528e-11;3.52498e-14
21:37:03.095;+00:36:21.326;4.62E+20;0.8;-999/-999;17502.4;2.71308e-14;5.9901e-15;2.74079e-14;8.46036e-15;-9.990E+02;2.48127e-14;9.08676e-15;-9.990E+02;1.0564e-14;7.38672e-15;-9.990E+02
21:37:00.247;+00:35:25.616;4.62E+20;0.8;-999/-999;17212.8;2.5772e-14;5.844e-15;1.52135e-14;6.16726e-15;-9.990E+02;1.47578e-14;7.00906e-15;-9.990E+02;4.39907e-14;1.44114e-14;-9.990E+02
21:37:07.119;+00:40:48.303;4.61E+20;0.8;-999/-999;17812.9;1.04126e-14;3.79756e-15;2.49736e-15;2.53322e-15;-9.990E+02;1.29249e-14;6.76156e-15;-9.990E+02;1.4449e-14;8.55374e-15;-9.990E+02
21:36:41.606;+00:32:23.713;4.59E+20;0.8;-999/-999;13303.2;1.78667e-14;5.25492e-15;4.28251e-15;-1.00587e-11;3.77063e-14;7.39439e-15;5.4153e-15;-9.990E+02;5.51137e-14;1.76148e-14;-9.990E+02
21:36:31.530;+00:31:50.710;4.56E+20;0.584;+0.13/-0.12;13352.9;2.27791e-13;1.7063e-14;1.00409e-13;1.43626e-14;-9.990E+02;1.79393e-13;2.24122e-14;-9.990E+02;2.67493e-13;3.42282e-14;-9.990E+02
21:36:27.653;+00:31:23.863;4.55E+20;0.8;-999/-999;12378.9;2.96537e-14;6.70634e-15;4.05535e-14;1.08245e-14;-9.990E+02;2.10605e-14;8.85461e-15;-9.990E+02;3.86044e-14;-2.48268e-11;1.039e-13
21:37:14.073;+00:35:24.630;4.63E+20;0.8;-999/-999;17245.4;1.31374e-14;4.53065e-15;3.15035e-15;3.13071e-15;-9.990E+02;1.63007e-14;7.86929e-15;-9.990E+02;1.82155e-14;1.03857e-14;-9.990E+02
21:36:33.706;+00:30:24.905;4.56E+20;0.8;-999/-999;7631.7;6.5186e-14;1.03539e-14;1.24762e-14;6.09855e-15;-9.990E+02;8.0983e-14;1.7809e-14;-9.990E+02;9.66074e-14;2.36061e-14;-9.990E+02
22:19:05.545;-01:00:43.016;4.98E+20;0.8;-999/-999;6591.6;3.09727e-14;1.01913e-14;1.50899e-14;9.92565e-15;-9.990E+02;3.81993e-14;1.77523e-14;-9.990E+02;2.83576e-14;1.86528e-14;-9.990E+02
22:19:06.821;-01:06:08.691;5.00E+20;0.8;-999/-999;6493.0;2.50208e-14;9.31077e-15;4.8777e-14;1.81509e-14;-9.990E+02;3.08394e-14;-2.29246e-11;4.52738e-14;2.2887e-14;-3.40304e-11;6.72065e-14
22:19:30.706;-00:58:15.699;4.92E+20;0.8;-999/-999;4418.1;8.25811e-14;1.62184e-14;7.12999e-14;2.04819e-14;-9.990E+02;9.05722e-14;2.60181e-14;-9.990E+02;3.36422e-14;1.99215e-14;-9.990E+02
22:19:02.123;-01:11:27.713;5.01E+20;0.8;-999/-999;6870.3;2.76609e-14;1.00531e-14;5.39447e-14;1.96058e-14;-9.990E+02;3.02972e-14;-2.47455e-11;5.00521e-14;1.12409e-14;-3.67291e-11;7.42908e-14
22:19:37.823;-00:59:32.975;4.91E+20;0.8;-999/-999;4234.7;1.03453e-13;1.91607e-14;5.02386e-14;1.82348e-14;-9.990E+02;9.57627e-14;2.83795e-14;-9.990E+02;1.42286e-13;4.21668e-14;-9.990E+02
22:18:29.654;-01:07:22.109;5.08E+20;0.8;-999/-999;6553.9;6.28156e-14;1.4815e-14;1.22858e-13;2.8976e-14;-9.990E+02;5.79682e-14;-3.64215e-11;6.81035e-14;8.59792e-14;-5.40209e-11;1.01012e-13
22:18:27.086;-01:08:48.000;5.09E+20;0.8;-999/-999;6822.8;3.10754e-14;1.12624e-14;6.08067e-14;2.20377e-14;-9.990E+02;2.8681e-14;-2.7682e-11;1.01182e-13;4.25362e-14;-4.10545e-11;1.50061e-13
01:12:48.578;-00:17:25.448;2.95E+20;0.971;+0.16/-0.13;10303.8;1.71847e-13;1.42908e-14;1.78639e-13;2.04568e-14;-9.990E+02;1.43623e-13;2.24192e-14;-9.990E+02;1.71677e-13;2.95978e-14;-9.990E+02
01:12:59.874;-00:15:12.337;2.95E+20;0.8;-999/-999;9980.0;2.07753e-14;6.36686e-15;2.12186e-14;8.69081e-15;-9.990E+02;1.52465e-14;8.62039e-15;-9.990E+02;1.15547e-14;9.46361e-15;-9.990E+02
01:12:54.393;-00:20:01.049;2.95E+20;0.8;-999/-999;9065.0;1.92528e-14;6.22845e-15;4.91564e-15;4.30953e-15;-9.990E+02;2.82571e-14;1.21254e-14;-9.990E+02;2.14225e-14;1.29074e-14;-9.990E+02
01:13:06.775;-00:15:12.180;2.95E+20;0.8;-999/-999;9940.5;2.57166e-14;6.9205e-15;1.14913e-14;6.10064e-15;-9.990E+02;2.20184e-14;1.02272e-14;-9.990E+02;4.17347e-14;1.73482e-14;-9.990E+02
01:12:57.311;-00:20:41.418;2.95E+20;0.8;-999/-999;9292.3;3.13637e-14;7.75096e-15;7.00608e-15;4.99728e-15;-9.990E+02;6.03961e-14;1.72977e-14;-9.990E+02;1.52625e-14;1.08864e-14;-9.990E+02
01:12:30.281;-00:14:28.962;2.94E+20;0.8;-999/-999;11189.7;1.53176e-14;5.39643e-15;1.71062e-14;7.63106e-15;-9.990E+02;1.47579e-14;8.47014e-15;-9.990E+02;7.4534e-15;-2.09967e-11;4.92744e-14
01:12:22.767;-00:16:32.326;2.94E+20;0.8;-999/-999;10536.0;1.59679e-14;5.67317e-15;1.78355e-14;-1.01253e-11;6.29371e-14;1.5387e-14;-1.45588e-11;9.0495e-14;6.21925e-14;2.20961e-14;-9.990E+02
01:12:22.176;-00:14:38.684;2.94E+20;0.8;-999/-999;10481.6;1.42383e-14;5.39643e-15;3.63384e-15;3.56462e-15;-9.990E+02;5.22497e-15;5.12544e-15;-9.990E+02;3.96383e-14;1.75637e-14;-9.990E+02
01:12:42.948;-00:23:44.816;3.03E+20;0.8;-999/-999;9086.6;2.76886e-14;7.49466e-15;6.20806e-15;4.76931e-15;-9.990E+02;3.54966e-14;1.3635e-14;-9.990E+02;4.03226e-14;1.78409e-14;-9.990E+02
01:13:07.118;-00:23:26.428;2.95E+20;0.8;-999/-999;9367.2;5.17515e-14;9.82711e-15;4.89585e-14;1.32403e-14;-9.990E+02;6.25289e-14;1.78629e-14;-9.990E+02;7.5558e-14;-3.82263e-11;7.83604e-14
01:12:54.511;-00:08:01.480;2.94E+20;0.8;-999/-999;9659.0;1.90397e-14;6.36502e-15;2.7192e-14;1.02341e-14;-9.990E+02;9.77815e-15;7.24031e-15;-9.990E+02;2.7798e-14;-2.47638e-11;9.80853e-14
01:13:29.409;-00:19:55.151;2.95E+20;0.8;-999/-999;9282.3;4.19798e-14;9.27347e-15;3.00084e-14;1.0096e-14;-9.990E+02;3.2338e-14;1.25591e-14;-9.990E+02;4.90265e-14;1.90404e-14;-9.990E+02
01:13:26.660;-00:25:59.125;2.95E+20;0.8;-999/-999;6306.4;6.37655e-14;1.27337e-14;1.89946e-14;8.94067e-15;-9.990E+02;8.1867e-14;2.24272e-14;-9.990E+02;8.27796e-14;2.76256e-14;-9.990E+02
01:12:51.432;-00:29:20.696;3.11E+20;0.8;-999/-999;7233.3;3.70471e-14;1.00202e-14;3.80934e-14;1.31787e-14;-9.990E+02;4.74036e-14;-2.56179e-11;8.94649e-14;6.15079e-14;2.44846e-14;-9.990E+02
00:39:13.434;+00:51:50.888;1.98E+20;0.8;-999/-999;13400.2;2.72428e-14;6.15204e-15;1.3732e-14;5.66607e-15;-9.990E+02;2.52649e-14;9.64917e-15;-9.990E+02;3.86901e-14;1.47765e-14;-9.990E+02
00:39:22.317;+00:52:19.361;1.97E+20;0.8;-999/-999;14558.0;1.99465e-14;5.3476e-15;1.99202e-14;7.14542e-15;-9.990E+02;1.31018e-14;7.027e-15;-9.990E+02;1.33772e-14;9.04008e-15;-9.990E+02
00:38:59.171;+00:54:53.426;2.00E+20;0.8;-999/-999;13975.1;6.13924e-14;8.56576e-15;6.91954e-14;1.18555e-14;-9.990E+02;3.22342e-14;9.96797e-15;-9.990E+02;3.52637e-14;1.29151e-14;-9.990E+02
00:39:24.378;+00:56:07.973;1.96E+20;0.8;-999/-999;14524.1;1.14636e-14;4.27648e-15;1.12132e-14;5.58827e-15;-9.990E+02;4.30355e-15;4.14194e-15;-9.990E+02;1.31832e-14;9.06144e-15;-9.990E+02
00:39:01.748;+00:47:49.145;2.00E+20;0.8;-999/-999;13224.1;1.41201e-14;4.6844e-15;1.03793e-14;5.26427e-15;-9.990E+02;5.2968e-15;4.66765e-15;-9.990E+02;2.43289e-14;1.23393e-14;-9.990E+02
00:39:36.821;+00:51:17.410;1.95E+20;0.8;-999/-999;13383.0;3.8848e-14;7.21386e-15;1.66213e-14;6.17382e-15;-9.990E+02;6.38258e-14;1.50449e-14;-9.990E+02;1.95538e-14;1.05195e-14;-9.990E+02
00:39:41.237;+00:54:28.389;1.94E+20;0.8;-999/-999;14571.8;2.65344e-14;6.14284e-15;1.33541e-14;5.70947e-15;-9.990E+02;3.69494e-14;1.17697e-14;-9.990E+02;1.88701e-14;1.03901e-14;-9.990E+02
00:39:22.549;+00:59:50.418;1.96E+20;0.8;-999/-999;13734.2;1.73197e-14;5.07832e-15;1.34833e-14;5.9178e-15;-9.990E+02;1.65572e-14;7.97122e-15;-9.990E+02;1.26828e-14;8.80315e-15;-9.990E+02
00:39:20.769;+00:44:29.639;1.98E+20;0.8;-999/-999;13157.4;1.67175e-14;5.21586e-15;1.43187e-14;6.29869e-15;-9.990E+02;1.09774e-14;6.8521e-15;-9.990E+02;1.68106e-14;1.04931e-14;-9.990E+02
00:39:55.582;+00:52:56.895;1.92E+20;0.8;-999/-999;11489.0;1.94422e-14;5.73792e-15;4.74925e-15;3.64292e-15;-9.990E+02;1.46215e-14;7.98141e-15;-9.990E+02;4.48096e-14;1.75192e-14;-9.990E+02
00:39:40.118;+00:42:49.843;1.95E+20;0.8;-999/-999;10014.3;2.61569e-14;7.08027e-15;2.23812e-14;8.57704e-15;-9.990E+02;1.71912e-14;9.45268e-15;-9.990E+02;2.63336e-14;1.44797e-14;-9.990E+02
02:46:14.579;+01:14:40.891;3.96E+20;1.280;+0.14/-0.12;16287.4;1.16162e-13;7.59168e-15;1.56004e-13;1.55769e-14;-9.990E+02;1.7869e-13;1.83099e-14;-9.990E+02;1.02148e-13;1.61407e-14;-9.990E+02
02:46:28.786;+01:12:48.035;4.03E+20;0.8;-999/-999;22363.3;8.22915e-15;3.01224e-15;8.55787e-15;4.22793e-15;-9.990E+02;4.59089e-15;3.51068e-15;-9.990E+02;6.88309e-15;5.26354e-15;-9.990E+02
02:46:28.226;+01:18:15.796;4.27E+20;0.8;-999/-999;22531.8;1.34268e-14;3.61325e-15;3.17505e-15;2.46681e-15;-9.990E+02;7.45672e-15;-9.01667e-12;2.77216e-14;4.39177e-14;1.27508e-14;-9.990E+02
02:46:39.530;+01:18:09.363;4.32E+20;0.8;-999/-999;22350.3;1.21214e-14;3.61875e-15;1.4617e-14;5.58078e-15;-9.990E+02;5.50275e-15;3.78292e-15;-9.990E+02;8.22572e-15;5.65485e-15;-9.990E+02
02:46:37.368;+01:18:46.160;4.31E+20;0.8;-999/-999;22146.5;8.45975e-15;3.18362e-15;6.40706e-15;3.73242e-15;-9.990E+02;8.44649e-15;4.9205e-15;-9.990E+02;6.31365e-15;5.37498e-15;-9.990E+02
02:46:45.889;+01:10:37.131;4.11E+20;0.8;-999/-999;22585.3;1.21511e-14;3.7388e-15;2.28184e-15;2.22621e-15;-9.990E+02;1.52309e-14;6.62794e-15;-9.990E+02;1.82547e-14;8.90328e-15;-9.990E+02
02:46:39.972;+01:20:08.271;4.31E+20;0.8;-999/-999;22070.9;1.52814e-14;4.05188e-15;3.86122e-15;2.80343e-15;-9.990E+02;2.03503e-14;7.39158e-15;-9.990E+02;1.90166e-14;8.72245e-15;-9.990E+02
02:46:36.722;+01:04:42.951;4.11E+20;0.8;-999/-999;22092.3;8.86239e-15;3.3074e-15;5.54662e-15;3.54833e-15;-9.990E+02;7.40282e-15;4.73579e-15;-9.990E+02;1.109e-14;7.09455e-15;-9.990E+02
02:46:56.770;+01:16:47.758;4.40E+20;0.8;-999/-999;22118.7;2.54378e-14;5.22396e-15;2.41772e-14;7.04296e-15;-9.990E+02;1.98112e-14;7.33788e-15;-9.990E+02;1.775e-14;8.48607e-15;-9.990E+02
02:46:11.545;+01:23:24.022;3.88E+20;0.8;-999/-999;2823.7;5.01623e-13;2.5695e-14;3.10865e-13;2.73169e-14;-9.990E+02;8.42144e-13;5.31597e-14;-9.990E+02;3.55628e-13;-9.70435e-11;2.08768e-12
02:47:00.541;+01:10:17.044;4.44E+20;0.8;-999/-999;20542.8;1.94253e-14;4.93986e-15;1.00822e-14;4.98024e-15;-9.990E+02;2.19769e-14;8.44126e-15;-9.990E+02;1.96849e-14;9.7236e-15;-9.990E+02
02:47:01.564;+01:08:44.032;4.45E+20;1.090;+0.22/-0.17;21132.6;7.67224e-14;8.13312e-15;7.33151e-14;1.29089e-14;-9.990E+02;9.98707e-14;1.63534e-14;-9.990E+02;7.31396e-14;1.68703e-14;-9.990E+02
02:47:00.545;+01:06:42.765;4.45E+20;0.8;-999/-999;19286.1;2.50421e-14;5.8136e-15;4.77064e-15;3.42224e-15;-9.990E+02;2.49473e-14;9.20959e-15;-9.990E+02;4.65499e-14;1.53204e-14;-9.990E+02
02:47:03.513;+01:05:38.611;4.47E+20;0.8;-999/-999;20005.4;3.17037e-14;6.68978e-15;2.58961e-14;8.44071e-15;-9.990E+02;2.25422e-14;9.05961e-15;-9.990E+02;3.36455e-14;1.3522e-14;-9.990E+02
02:47:14.543;+01:17:09.004;4.48E+20;0.8;-999/-999;16216.2;3.22943e-14;7.12803e-15;1.53979e-14;6.69583e-15;-9.990E+02;2.00874e-14;8.73506e-15;-9.990E+02;5.99666e-14;1.8568e-14;-9.990E+02
01:07:36.865;-00:19:03.154;3.51E+20;0.8;-999/-999;1493.7;1.80108e-13;4.65432e-14;1.31914e-13;5.4222e-14;-9.990E+02;1.82826e-13;7.51485e-14;-9.990E+02;1.37765e-13;8.09115e-14;-9.990E+02
03:53:10.170;+00:01:23.366;1.11E+21;0.8;-999/-999;250955.0;4.4618e-15;8.10609e-16;3.36556e-15;1.11212e-15;-9.990E+02;2.76083e-15;9.38409e-16;-9.990E+02;5.99387e-15;1.67534e-15;-9.990E+02
03:53:04.527;+00:03:14.010;1.11E+21;-0.542;+0.20/-0.16;212432.0;1.99475e-14;1.90354e-15;6.02841e-16;3.36983e-16;-9.990E+02;7.88763e-15;1.50559e-15;-9.990E+02;3.71862e-14;4.1286e-15;-9.990E+02
03:53:15.984;+00:01:51.679;1.12E+21;0.8;-999/-999;265389.0;2.29877e-15;6.56792e-16;8.83831e-16;6.40626e-16;-9.990E+02;1.2028e-15;6.89942e-16;-9.990E+02;4.46885e-15;1.61938e-15;-9.990E+02
03:53:16.370;+00:01:27.075;1.12E+21;0.8;-999/-999;267445.0;2.48371e-15;6.74076e-16;5.64166e-16;5.00665e-16;-9.990E+02;1.53543e-15;7.84755e-16;-9.990E+02;4.99408e-15;1.72639e-15;-9.990E+02
03:53:14.150;+00:04:40.157;1.12E+21;0.634;+0.13/-0.11;237285.0;2.17023e-14;1.5488e-15;1.03145e-14;1.55271e-15;-9.990E+02;1.76614e-14;2.02462e-15;-9.990E+02;2.49594e-14;2.8569e-15;-9.990E+02
03:53:04.296;+00:00:28.888;1.11E+21;0.8;-999/-999;246218.0;6.20202e-15;8.96844e-16;2.6283e-15;9.24047e-16;-9.990E+02;5.68994e-15;1.29804e-15;-9.990E+02;8.35212e-15;1.85985e-15;-9.990E+02
03:53:17.740;+00:04:22.585;1.12E+21;1.957;+0.07/-0.06;242284.0;4.11571e-14;1.08324e-15;2.1894e-13;7.70472e-15;-9.990E+02;8.18884e-14;3.65429e-15;-9.990E+02;2.72336e-14;2.13546e-15;-9.990E+02
03:53:21.295;-00:00:15.706;1.12E+21;0.8;-999/-999;267546.0;3.30989e-15;7.25928e-16;4.13707e-15;1.27391e-15;-9.990E+02;1.66785e-15;7.70259e-16;-9.990E+02;2.90516e-15;1.21972e-15;-9.990E+02
03:53:22.695;+00:04:13.859;1.12E+21;0.057;+0.20/-0.16;254658.0;1.53473e-14;1.63373e-15;2.99851e-15;8.58064e-16;-9.990E+02;7.78658e-15;1.50814e-15;-9.990E+02;2.23814e-14;3.19434e-15;-9.990E+02
03:53:11.239;-00:01:21.663;1.11E+21;0.8;-999/-999;258281.0;2.96648e-15;7.24374e-16;1.3427e-15;7.84066e-16;-9.990E+02;2.85593e-15;1.07185e-15;-9.990E+02;3.6984e-15;1.44552e-15;-9.990E+02
03:53:25.691;+00:02:21.526;1.12E+21;1.645;+0.23/-0.17;266345.0;6.69736e-15;6.00319e-16;2.08951e-14;2.68271e-15;-9.990E+02;1.03866e-14;1.53348e-15;-9.990E+02;5.04655e-15;1.16196e-15;-9.990E+02
03:52:56.887;+00:05:23.322;1.11E+21;0.668;+0.12/-0.10;205343.0;2.67236e-14;1.68426e-15;1.0856e-14;1.59502e-15;-9.990E+02;2.4815e-14;2.34678e-15;-9.990E+02;3.03169e-14;3.09943e-15;-9.990E+02
03:53:28.878;+00:02:55.938;1.13E+21;0.8;-999/-999;265042.0;5.13568e-15;8.48729e-16;3.8177e-15;1.17464e-15;-9.990E+02;4.3068e-15;1.15985e-15;-9.990E+02;5.3978e-15;1.52242e-15;-9.990E+02
03:53:17.845;+00:06:46.866;1.12E+21;0.8;-999/-999;213660.0;5.7815e-15;9.16052e-16;1.75081e-15;8.17738e-16;-9.990E+02;5.15987e-15;1.29761e-15;-9.990E+02;8.85034e-15;2.01521e-15;-9.990E+02
03:53:29.396;+00:04:20.310;1.13E+21;0.300;+0.19/-0.16;255598.0;1.44106e-14;1.48493e-15;4.86052e-15;1.09795e-15;-9.990E+02;8.00231e-15;1.46878e-15;-9.990E+02;1.90581e-14;2.78862e-15;-9.990E+02
03:52:55.459;+00:05:46.518;1.11E+21;0.8;-999/-999;199525.0;3.71673e-15;7.93362e-16;2.41403e-15;1.0271e-15;-9.990E+02;2.20006e-15;9.36061e-16;-9.990E+02;5.62267e-15;1.75777e-15;-9.990E+02
03:53:27.576;+00:04:36.413;1.13E+21;0.8;-999/-999;259521.0;2.16686e-15;6.40877e-16;1.55315e-15;8.6914e-16;-9.990E+02;1.40187e-15;7.8448e-16;-9.990E+02;2.92743e-15;1.31054e-15;-9.990E+02
03:53:20.134;-00:01:30.637;1.12E+21;0.8;-999/-999;263347.0;4.7652e-15;8.29632e-16;2.84761e-15;9.98306e-16;-9.990E+02;3.99234e-15;1.14912e-15;-9.990E+02;5.89112e-15;1.64995e-15;-9.990E+02
03:53:01.047;-00:02:09.248;1.10E+21;0.8;-999/-999;253561.0;5.9698e-15;8.94868e-16;5.86437e-15;1.39055e-15;-9.990E+02;4.09632e-15;1.10186e-15;-9.990E+02;5.71998e-15;1.53861e-15;-9.990E+02
03:52:55.526;-00:01:02.020;1.10E+21;0.897;+0.05/-0.06;240002.0;7.83882e-14;2.4174e-15;6.64403e-14;3.62522e-15;-9.990E+02;7.09246e-14;3.52838e-15;-9.990E+02;8.10265e-14;4.43625e-15;-9.990E+02
03:53:10.556;+00:08:16.092;1.12E+21;0.8;-999/-999;203484.0;4.54569e-15;8.46916e-16;1.62295e-15;8.18602e-16;-9.990E+02;2.94313e-15;1.02375e-15;-9.990E+02;8.20608e-15;2.03323e-15;-9.990E+02
03:53:32.430;+00:03:55.688;1.13E+21;0.8;-999/-999;268159.0;2.2067e-15;6.40877e-16;2.33147e-15;1.02645e-15;-9.990E+02;1.31518e-15;7.40941e-16;-9.990E+02;2.1968e-15;1.11778e-15;-9.990E+02
03:53:01.262;-00:03:06.782;1.10E+21;0.8;-999/-999;254773.0;5.32619e-15;8.6045e-16;1.93345e-15;8.18622e-16;-9.990E+02;3.83795e-15;1.09756e-15;-9.990E+02;9.06574e-15;1.98125e-15;-9.990E+02
03:53:29.604;-00:01:08.822;1.13E+21;0.598;+0.12/-0.11;267123.0;2.39622e-14;1.64178e-15;8.05346e-15;1.37704e-15;-9.990E+02;2.14975e-14;2.23967e-15;-9.990E+02;2.80268e-14;3.03356e-15;-9.990E+02
03:52:46.364;+00:00:34.708;1.10E+21;0.8;-999/-999;209099.0;5.55334e-15;9.12077e-16;1.62017e-15;7.63563e-16;-9.990E+02;5.56599e-15;1.37234e-15;-9.990E+02;7.77219e-15;1.9163e-15;-9.990E+02
03:53:35.122;+00:01:37.872;1.13E+21;0.8;-999/-999;275261.0;6.2702e-15;9.35334e-16;2.57917e-15;9.44321e-16;-9.990E+02;4.89123e-15;1.23987e-15;-9.990E+02;9.72533e-15;2.04991e-15;-9.990E+02
03:52:58.962;-00:03:16.491;1.09E+21;0.469;+0.21/-0.16;249843.0;1.29341e-14;1.41107e-15;4.76429e-15;1.16337e-15;-9.990E+02;9.12937e-15;1.66174e-15;-9.990E+02;1.59632e-14;2.63945e-15;-9.990E+02
03:53:33.764;-00:00:01.144;1.13E+21;0.583;+0.21/-0.17;273392.0;1.08752e-14;1.20201e-15;4.61789e-15;1.1216e-15;-9.990E+02;8.61081e-15;1.51864e-15;-9.990E+02;1.27947e-14;2.19758e-15;-9.990E+02
03:53:28.829;+00:07:12.542;1.13E+21;0.8;-999/-999;234371.0;2.5254e-15;6.75519e-16;9.4997e-16;6.47075e-16;-9.990E+02;2.28676e-15;9.7354e-16;-9.990E+02;3.5827e-15;1.43286e-15;-9.990E+02
03:53:06.290;+00:09:22.882;1.12E+21;0.8;-999/-999;207933.0;2.72223e-15;6.74076e-16;1.51107e-15;7.99595e-16;-9.990E+02;2.39854e-15;9.58318e-16;-9.990E+02;3.34249e-15;1.33547e-15;-9.990E+02
03:52:47.774;-00:02:03.526;1.09E+21;0.244;+0.28/-0.21;192482.0;9.70577e-15;1.37184e-15;1.25266e-15;6.06859e-16;-9.990E+02;7.15826e-15;1.57409e-15;-9.990E+02;1.31284e-14;2.60961e-15;-9.990E+02
03:52:53.990;-00:03:36.528;1.09E+21;0.8;-999/-999;201783.0;5.54827e-15;9.27288e-16;4.06219e-15;1.24942e-15;-9.990E+02;3.73827e-15;1.14979e-15;-9.990E+02;7.18168e-15;1.87509e-15;-9.990E+02
03:52:44.312;+00:06:13.594;1.10E+21;0.8;-999/-999;202416.0;3.72747e-15;7.74405e-16;1.76102e-15;8.43803e-16;-9.990E+02;3.62923e-15;1.14603e-15;-9.990E+02;4.50285e-15;1.52551e-15;-9.990E+02
03:53:24.967;+00:09:04.373;1.13E+21;0.8;-999/-999;214434.0;5.38163e-15;8.6605e-16;4.32049e-15;1.22809e-15;-9.990E+02;2.43738e-15;8.80971e-16;-9.990E+02;8.14175e-15;1.85988e-15;-9.990E+02
03:53:01.911;-00:05:19.649;1.10E+21;0.820;+0.21/-0.17;252518.0;1.04163e-14;1.10396e-15;6.58715e-15;1.39558e-15;-9.990E+02;9.97165e-15;1.65284e-15;-9.990E+02;1.10973e-14;2.03161e-15;-9.990E+02
03:52:41.348;-00:00:59.709;1.09E+21;0.8;-999/-999;174249.0;4.6021e-15;8.92944e-16;2.99181e-15;1.14844e-15;-9.990E+02;3.3053e-15;1.14042e-15;-9.990E+02;6.16118e-15;1.86582e-15;-9.990E+02
03:53:18.075;-00:05:22.452;1.10E+21;0.8;-999/-999;260795.0;4.24546e-15;8.08823e-16;2.33977e-15;9.52213e-16;-9.990E+02;4.28394e-15;1.21443e-15;-9.990E+02;4.48866e-15;1.47803e-15;-9.990E+02
03:53:25.203;-00:05:12.016;1.12E+21;0.8;-999/-999;261906.0;2.36791e-15;6.74076e-16;1.4791e-15;8.42361e-16;-9.990E+02;1.56481e-15;8.18449e-16;-9.990E+02;3.42766e-15;1.44466e-15;-9.990E+02
03:53:44.495;+00:02:15.079;1.14E+21;0.8;-999/-999;273040.0;3.20429e-15;7.29036e-16;2.01715e-15;9.18078e-16;-9.990E+02;1.03516e-15;6.25571e-16;-9.990E+02;6.12234e-15;1.7799e-15;-9.990E+02
03:53:25.735;+00:10:17.728;1.13E+21;0.8;-999/-999;194587.0;4.86547e-15;8.83371e-16;2.15416e-15;9.4997e-16;-9.990E+02;1.29596e-15;6.98579e-16;-9.990E+02;1.08229e-14;2.3426e-15;-9.990E+02
03:53:00.214;-00:05:59.167;1.10E+21;0.8;-999/-999;234639.0;2.92381e-15;7.57196e-16;8.36548e-16;6.3552e-16;-9.990E+02;1.78745e-15;8.99783e-16;-9.990E+02;5.70361e-15;1.8841e-15;-9.990E+02
03:53:07.171;+00:11:24.951;1.12E+21;0.284;+0.09/-0.08;88228.9;6.12957e-14;3.1654e-15;6.059e-15;1.24903e-15;-9.990E+02;4.93007e-14;3.7808e-15;-9.990E+02;8.15405e-14;5.73056e-15;-9.990E+02
03:53:44.238;-00:00:44.366;1.14E+21;0.8;-999/-999;274586.0;2.19579e-15;6.76962e-16;4.42426e-16;4.96199e-16;-9.990E+02;1.19224e-15;7.5202e-16;-9.990E+02;4.69744e-15;1.78154e-15;-9.990E+02
03:53:25.487;-00:05:59.396;1.12E+21;0.930;+0.22/-0.18;261664.0;1.01036e-14;1.10733e-15;8.7594e-15;1.7429e-15;-9.990E+02;9.64682e-15;1.70129e-15;-9.990E+02;1.02759e-14;2.04464e-15;-9.990E+02
03:52:52.898;+00:10:41.327;1.11E+21;0.623;+0.12/-0.11;61719.7;3.86192e-14;2.49652e-15;2.27e-14;2.85223e-15;-9.990E+02;2.65673e-14;3.0225e-15;-9.990E+02;4.46384e-14;4.74864e-15;-9.990E+02
03:53:46.848;+00:04:32.512;1.14E+21;0.401;+0.13/-0.12;199082.0;2.61911e-14;1.94328e-15;7.59524e-15;1.38305e-15;-9.990E+02;1.86052e-14;2.211e-15;-9.990E+02;3.32182e-14;3.58404e-15;-9.990E+02
03:52:37.613;-00:02:24.149;1.08E+21;0.846;+0.18/-0.14;145440.0;1.49943e-14;1.36251e-15;1.15781e-14;1.93167e-15;-9.990E+02;1.31499e-14;1.95072e-15;-9.990E+02;1.5808e-14;2.52561e-15;-9.990E+02
03:52:32.700;+00:00:38.980;1.08E+21;0.8;-999/-999;133789.0;8.24022e-15;1.18231e-15;6.08077e-15;1.62941e-15;-9.990E+02;7.50283e-15;1.74897e-15;-9.990E+02;7.86798e-15;2.10831e-15;-9.990E+02
03:53:48.966;+00:03:22.186;1.14E+21;0.8;-999/-999;204305.0;5.32196e-15;9.5469e-16;3.23513e-15;1.18738e-15;-9.990E+02;4.97944e-15;1.38662e-15;-9.990E+02;5.77281e-15;1.7799e-15;-9.990E+02
03:53:48.527;+00:04:15.724;1.14E+21;0.784;+0.28/-0.21;196859.0;7.83729e-15;1.08729e-15;2.9912e-15;1.04535e-15;-9.990E+02;8.78735e-15;1.70636e-15;-9.990E+02;8.48452e-15;1.99745e-15;-9.990E+02
03:52:58.233;-00:07:01.566;1.10E+21;0.424;+0.16/-0.13;201895.0;2.11713e-14;1.78374e-15;7.4156e-15;1.42142e-15;-9.990E+02;1.42735e-14;2.02074e-15;-9.990E+02;2.65645e-14;3.36189e-15;-9.990E+02
03:53:45.475;+00:07:09.198;1.14E+21;0.8;-999/-999;157070.0;6.8269e-15;1.11091e-15;1.80949e-15;9.11083e-16;-9.990E+02;7.316e-15;1.72435e-15;-9.990E+02;9.04424e-15;2.27581e-15;-9.990E+02
03:52:54.543;-00:06:41.705;1.09E+21;0.8;-999/-999;195119.0;4.31017e-15;8.92944e-16;4.68372e-15;1.48021e-15;-9.990E+02;3.13585e-15;1.15642e-15;-9.990E+02;3.28742e-15;1.40086e-15;-9.990E+02
03:53:46.577;-00:01:52.561;1.14E+21;0.8;-999/-999;276873.0;4.35512e-15;8.15826e-16;1.09688e-15;6.40032e-16;-9.990E+02;3.94271e-15;1.18006e-15;-9.990E+02;6.84872e-15;1.80939e-15;-9.990E+02
03:53:50.367;+00:04:24.494;1.14E+21;0.8;-999/-999;190183.0;6.02843e-15;9.89406e-16;7.99165e-16;5.53907e-16;-9.990E+02;5.02263e-15;1.33675e-15;-9.990E+02;1.09831e-14;2.33479e-15;-9.990E+02
03:53:17.897;-00:08:04.007;1.11E+21;0.8;-999/-999;258429.0;2.24211e-15;6.72633e-16;2.09285e-15;1.02538e-15;-9.990E+02;9.53671e-16;6.53912e-16;-9.990E+02;3.10393e-15;1.39038e-15;-9.990E+02
03:53:31.803;+00:11:57.939;1.13E+21;0.249;+0.18/-0.14;104852.0;2.26778e-14;2.15674e-15;7.46532e-15;1.54926e-15;-9.990E+02;1.17148e-14;2.08331e-15;-9.990E+02;3.0549e-14;4.11997e-15;-9.990E+02
03:53:27.037;-00:07:26.494;1.11E+21;0.8;-999/-999;245282.0;4.38419e-15;8.6235e-16;2.72877e-15;1.07348e-15;-9.990E+02;5.47079e-15;1.45066e-15;-9.990E+02;2.7753e-15;1.22334e-15;-9.990E+02
03:52:40.099;-00:05:17.760;1.09E+21;0.8;-999/-999;140340.0;1.37599e-14;1.44245e-15;2.34441e-14;2.96975e-15;-9.990E+02;6.46926e-15;1.49414e-15;-9.990E+02;4.52402e-15;1.47726e-15;-9.990E+02
03:53:15.388;-00:08:17.025;1.10E+21;0.8;-999/-999;261392.0;3.78598e-15;7.91614e-16;1.28e-15;7.23443e-16;-9.990E+02;4.29957e-15;1.29339e-15;-9.990E+02;4.36585e-15;1.54189e-15;-9.990E+02
03:53:52.563;-00:00:49.906;1.14E+21;0.8;-999/-999;249593.0;3.02897e-15;7.8111e-16;2.72407e-15;1.18869e-15;-9.990E+02;2.44691e-15;1.06775e-15;-9.990E+02;2.72256e-15;1.33097e-15;-9.990E+02
03:53:54.693;+00:01:40.378;1.15E+21;0.8;-999/-999;190342.0;7.15456e-15;1.13067e-15;2.58465e-15;1.08012e-15;-9.990E+02;7.50936e-15;1.73226e-15;-9.990E+02;8.82708e-15;2.20895e-15;-9.990E+02
03:53:35.405;+00:13:08.052;1.14E+21;0.164;+0.07/-0.06;60534.4;1.40239e-13;5.2063e-15;3.31013e-14;2.99352e-15;-9.990E+02;7.64491e-14;5.18513e-15;-9.990E+02;1.95786e-13;1.00937e-14;-9.990E+02
03:53:52.512;-00:03:48.592;1.14E+21;0.8;-999/-999;226417.0;5.0425e-15;9.5469e-16;2.00491e-15;-2.4023e-12;4.41552e-15;4.20189e-15;1.32929e-15;-9.990E+02;1.00219e-14;2.40306e-15;-9.990E+02
03:53:07.725;-00:10:07.126;1.10E+21;0.8;-999/-999;153059.0;6.14533e-15;1.13579e-15;4.35346e-15;1.49127e-15;-9.990E+02;3.98687e-15;1.3657e-15;-9.990E+02;8.3562e-15;2.33111e-15;-9.990E+02
03:53:26.929;-00:09:37.739;1.11E+21;-0.090;+0.24/-0.19;109251.0;2.13715e-14;2.5235e-15;1.79181e-15;8.46399e-16;-9.990E+02;1.16319e-14;2.47224e-15;-9.990E+02;3.31556e-14;5.22032e-15;-9.990E+02
03:54:02.441;+00:02:49.929;1.15E+21;-0.494;+0.20/-0.17;131936.0;3.03701e-14;2.91511e-15;8.35004e-16;5.07649e-16;-9.990E+02;1.26461e-14;2.42227e-15;-9.990E+02;5.55724e-14;6.25684e-15;-9.990E+02
03:53:04.779;-00:10:27.664;1.10E+21;0.408;+0.19/-0.16;131137.0;2.14562e-14;2.1392e-15;8.52818e-15;1.81407e-15;-9.990E+02;1.2987e-14;2.33494e-15;-9.990E+02;2.7127e-14;4.08282e-15;-9.990E+02
03:54:05.359;+00:00:14.677;1.16E+21;0.627;+0.14/-0.12;131423.0;3.1832e-14;2.51407e-15;2.24864e-14;3.01257e-15;-9.990E+02;1.85399e-14;2.65886e-15;-9.990E+02;3.676e-14;4.50056e-15;-9.990E+02
03:53:35.085;-00:10:46.453;1.12E+21;-0.218;+0.15/-0.13;81083.6;4.91431e-14;3.8736e-15;7.88828e-15;1.71658e-15;-9.990E+02;1.79334e-14;2.99927e-15;-9.990E+02;8.03135e-14;8.19052e-15;-9.990E+02
03:54:02.659;-00:05:15.115;1.15E+21;0.832;+0.14/-0.12;84534.9;4.00493e-14;2.89595e-15;1.9329e-14;3.29818e-15;-9.990E+02;4.43982e-14;4.5614e-15;-9.990E+02;4.24351e-14;5.33053e-15;-9.990E+02
03:53:59.292;-00:08:45.127;1.15E+21;1.720;+0.13/-0.12;63359.7;3.30638e-14;1.89886e-15;1.12202e-13;9.02128e-15;-9.990E+02;5.75572e-14;5.1411e-15;-9.990E+02;2.42233e-14;3.60671e-15;-9.990E+02
02:39:22.946;-00:01:21.204;2.99E+20;0.901;+0.18/-0.15;1156.0;1.45518e-12;1.39799e-13;1.13871e-12;1.76377e-13;-9.990E+02;1.44186e-12;2.32729e-13;-9.990E+02;1.50043e-12;2.9217e-13;-9.990E+02
00:27:49.295;-01:07:05.687;2.38E+20;0.8;-999/-999;61495.8;8.50369e-15;1.89966e-15;2.69522e-15;1.40795e-15;-9.990E+02;8.04647e-15;2.96579e-15;-9.990E+02;1.53404e-14;5.18258e-15;-9.990E+02
00:27:47.341;-01:07:00.093;2.38E+20;0.840;+0.26/-0.19;59948.6;1.97306e-14;2.622e-15;1.39517e-14;2.93532e-15;-9.990E+02;1.86301e-14;4.06104e-15;-9.990E+02;2.07791e-14;5.3266e-15;-9.990E+02
00:27:59.234;-01:05:20.767;2.39E+20;0.8;-999/-999;59641.7;2.03866e-14;2.7146e-15;1.0458e-14;2.65238e-15;-9.990E+02;2.70313e-14;5.08493e-15;-9.990E+02;1.58523e-14;4.73845e-15;-9.990E+02
00:27:40.107;-01:05:27.921;2.38E+20;0.8;-999/-999;61539.8;6.34215e-15;1.62828e-15;3.31755e-15;1.57122e-15;-9.990E+02;3.29944e-15;1.89246e-15;-9.990E+02;1.25836e-14;4.73836e-15;-9.990E+02
00:27:38.498;-01:04:53.882;2.38E+20;0.8;-999/-999;60275.5;9.2432e-15;1.89966e-15;3.86653e-15;1.65641e-15;-9.990E+02;8.65728e-15;2.88352e-15;-9.990E+02;1.46674e-14;4.71144e-15;-9.990E+02
00:27:28.133;-01:08:30.456;2.38E+20;0.8;-999/-999;60285.3;7.46702e-15;1.76397e-15;5.69805e-15;2.10482e-15;-9.990E+02;7.28383e-15;2.89906e-15;-9.990E+02;5.5568e-15;3.05786e-15;-9.990E+02
00:27:30.383;-01:06:33.451;2.38E+20;0.8;-999/-999;60321.2;4.90926e-15;1.49259e-15;3.95172e-15;1.83743e-15;-9.990E+02;3.92967e-15;2.17032e-15;-9.990E+02;4.49444e-15;2.85702e-15;-9.990E+02
00:28:14.216;-01:07:56.270;2.38E+20;0.8;-999/-999;58070.4;5.24713e-15;1.49259e-15;3.05016e-15;1.50686e-15;-9.990E+02;5.46199e-15;2.45278e-15;-9.990E+02;5.55142e-15;3.0864e-15;-9.990E+02
00:28:09.616;-01:13:38.067;2.38E+20;0.8;-999/-999;54086.5;9.6842e-15;2.03535e-15;6.14055e-15;2.12967e-15;-9.990E+02;4.57932e-15;2.33026e-15;-9.990E+02;1.74673e-14;5.49219e-15;-9.990E+02
00:28:10.831;-01:04:59.002;2.39E+20;0.8;-999/-999;51714.3;1.04784e-14;2.03595e-15;6.09575e-15;2.09917e-15;-9.990E+02;1.09043e-14;3.37053e-15;-9.990E+02;1.10815e-14;4.03845e-15;-9.990E+02
00:27:25.139;-01:05:13.337;2.39E+20;0.8;-999/-999;59332.7;5.19439e-15;1.49303e-15;2.4724e-15;1.38398e-15;-9.990E+02;1.2285e-15;1.18966e-15;-9.990E+02;1.31115e-14;4.81222e-15;-9.990E+02
00:27:43.666;-01:02:05.451;2.39E+20;0.8;-999/-999;52092.0;5.99791e-15;1.62876e-15;1.04651e-15;8.68419e-16;-9.990E+02;1.09255e-14;3.5312e-15;-9.990E+02;4.75837e-15;2.79999e-15;-9.990E+02
00:28:14.530;-01:04:41.778;2.39E+20;0.935;+0.25/-0.19;38260.2;2.2438e-14;2.77012e-15;2.12874e-14;3.78345e-15;-9.990E+02;1.91199e-14;4.40127e-15;-9.990E+02;2.27359e-14;5.77346e-15;-9.990E+02
00:28:08.323;-01:15:36.408;2.38E+20;0.8;-999/-999;54541.1;5.99478e-15;1.76397e-15;8.71035e-16;8.74348e-16;-9.990E+02;3.89789e-15;2.24658e-15;-9.990E+02;1.58574e-14;5.5245e-15;-9.990E+02
00:28:24.831;-01:08:53.343;2.39E+20;0.636;+0.16/-0.13;22331.3;6.16215e-14;5.41625e-15;2.40086e-14;4.14653e-15;-9.990E+02;6.00064e-14;8.20481e-15;-9.990E+02;7.0643e-14;1.11805e-14;-9.990E+02
00:27:47.551;-01:00:56.967;2.39E+20;0.8;-999/-999;34883.7;1.74685e-14;2.57887e-15;1.77828e-14;3.41258e-15;-9.990E+02;1.89414e-14;4.39634e-15;-9.990E+02;2.18938e-14;-1.022e-11;3.81822e-14
00:27:16.289;-01:07:15.089;2.39E+20;0.8;-999/-999;60461.5;1.2403e-14;2.17168e-15;1.08203e-14;2.67843e-15;-9.990E+02;8.06526e-15;2.82496e-15;-9.990E+02;1.22984e-14;4.30768e-15;-9.990E+02
00:27:23.892;-01:15:22.428;2.38E+20;0.8;-999/-999;61868.4;5.67184e-15;1.62828e-15;5.39516e-15;2.12967e-15;-9.990E+02;1.34167e-15;1.29753e-15;-9.990E+02;8.18444e-15;3.91722e-15;-9.990E+02
00:27:14.525;-01:11:57.139;2.39E+20;0.8;-999/-999;58826.3;1.1875e-14;2.30741e-15;9.4207e-15;2.68317e-15;-9.990E+02;9.83086e-15;3.50189e-15;-9.990E+02;1.071e-14;4.57691e-15;-9.990E+02
00:28:01.208;-01:18:32.029;2.38E+20;0.8;-999/-999;54425.0;1.16992e-14;2.17104e-15;3.88546e-15;1.60175e-15;-9.990E+02;8.69611e-15;3.0417e-15;-9.990E+02;2.4311e-14;6.29448e-15;-9.990E+02
00:27:17.916;-01:04:21.307;2.39E+20;0.8;-999/-999;40031.6;1.06073e-14;2.30741e-15;1.00956e-14;2.89868e-15;-9.990E+02;1.00357e-14;3.60182e-15;-9.990E+02;3.82576e-15;2.74615e-15;-9.990E+02
00:28:20.777;-01:15:19.853;2.39E+20;0.8;-999/-999;55451.1;6.56119e-15;1.76449e-15;3.43389e-15;1.7205e-15;-9.990E+02;3.41538e-15;2.10636e-15;-9.990E+02;1.30146e-14;4.94091e-15;-9.990E+02
00:27:53.492;-01:19:10.550;2.38E+20;0.8;-999/-999;53446.3;6.78993e-15;1.76397e-15;1.82134e-15;1.23048e-15;-9.990E+02;8.15592e-15;3.21294e-15;-9.990E+02;1.03598e-14;4.5499e-15;-9.990E+02
00:28:29.669;-01:13:00.037;2.39E+20;0.8;-999/-999;33634.4;1.15805e-14;2.44314e-15;1.01027e-14;2.98393e-15;-9.990E+02;1.2052e-14;4.02557e-15;-9.990E+02;4.59414e-15;3.03691e-15;-9.990E+02
00:28:04.105;-01:19:34.193;2.38E+20;0.8;-999/-999;53222.7;1.03233e-14;2.17104e-15;1.38476e-15;1.06365e-15;-9.990E+02;6.19991e-15;2.69004e-15;-9.990E+02;2.83655e-14;7.38215e-15;-9.990E+02
00:27:12.326;-01:04:36.715;2.39E+20;0.361;+0.28/-0.21;27147.0;2.83031e-14;4.27708e-15;9.83321e-15;2.75166e-15;-9.990E+02;1.66696e-14;4.6647e-15;-9.990E+02;3.63757e-14;8.77581e-15;-9.990E+02
00:28:09.616;-01:19:05.946;2.39E+20;0.8;-999/-999;50515.8;6.06713e-15;1.76449e-15;3.84833e-15;1.75934e-15;-9.990E+02;2.86981e-15;1.9238e-15;-9.990E+02;1.09415e-14;4.66683e-15;-9.990E+02
00:28:19.068;-01:18:11.646;2.39E+20;0.8;-999/-999;41019.1;1.65455e-14;2.85033e-15;4.81218e-15;1.95376e-15;-9.990E+02;1.07631e-14;3.70776e-15;-9.990E+02;3.83007e-14;8.48075e-15;-9.990E+02
00:27:59.516;-01:20:33.474;2.38E+20;0.8;-999/-999;49256.9;1.51159e-14;2.57811e-15;1.64742e-15;1.12399e-15;-9.990E+02;1.72051e-14;4.38513e-15;-9.990E+02;2.99863e-14;7.08062e-15;-9.990E+02
00:27:22.090;-01:18:47.833;2.38E+20;0.878;+0.23/-0.18;48357.8;2.86016e-14;3.42306e-15;2.58642e-14;4.38514e-15;-9.990E+02;2.15816e-14;5.01222e-15;-9.990E+02;2.97296e-14;7.11612e-15;-9.990E+02
02:32:54.962;+00:26:19.259;2.06E+20;0.8;-999/-999;15354.2;2.36605e-14;5.63346e-15;2.17024e-14;6.94577e-15;-9.990E+02;2.06817e-14;8.36062e-15;-9.990E+02;1.26526e-14;8.10499e-15;-9.990E+02
02:32:41.996;+00:30:24.551;2.06E+20;0.8;-999/-999;15693.0;1.00195e-14;3.88977e-15;8.6159e-15;4.66204e-15;-9.990E+02;1.31371e-14;7.10846e-15;-9.990E+02;5.36027e-15;-1.55911e-11;4.42815e-14
02:32:29.091;+00:25:49.016;2.05E+20;0.8;-999/-999;16143.9;1.71086e-14;4.82688e-15;1.46967e-14;5.9008e-15;-9.990E+02;1.86853e-14;8.15921e-15;-9.990E+02;5.71537e-15;5.59697e-15;-9.990E+02
02:33:01.238;+00:25:18.335;2.07E+20;0.8;-999/-999;15350.8;7.73816e-14;9.66096e-15;7.29056e-14;1.23187e-14;-9.990E+02;7.72839e-14;1.5791e-14;-9.990E+02;2.21734e-14;1.04839e-14;-9.990E+02
02:32:28.314;+00:27:38.621;2.05E+20;0.8;-999/-999;16044.3;1.22764e-14;4.15648e-15;1.055e-14;5.02029e-15;-9.990E+02;1.61004e-14;7.65981e-15;-9.990E+02;3.51963e-15;-1.66671e-11;4.0691e-14
02:32:41.673;+00:22:29.291;2.06E+20;0.8;-999/-999;15373.3;1.19255e-14;4.15803e-15;9.11647e-15;4.70818e-15;-9.990E+02;6.95018e-15;5.05436e-15;-9.990E+02;1.59517e-14;9.76797e-15;-9.990E+02
02:32:47.544;+00:21:59.379;2.06E+20;0.8;-999/-999;15730.9;1.01335e-14;3.88977e-15;3.48557e-15;2.93656e-15;-9.990E+02;5.31464e-15;4.47752e-15;-9.990E+02;2.43957e-14;1.2179e-14;-9.990E+02
02:32:37.556;+00:32:11.219;2.05E+20;0.8;-999/-999;15881.5;1.04998e-14;3.88832e-15;4.51319e-15;3.27771e-15;-9.990E+02;1.37687e-14;7.19909e-15;-9.990E+02;1.05374e-14;7.65278e-15;-9.990E+02
02:32:44.471;+00:33:49.833;2.06E+20;0.8;-999/-999;15758.8;1.4486e-14;4.56042e-15;9.9723e-15;4.9527e-15;-9.990E+02;1.52053e-14;7.55164e-15;-9.990E+02;1.16301e-14;8.34717e-15;-9.990E+02
02:32:14.786;+00:28:59.362;2.05E+20;0.8;-999/-999;9353.3;5.1366e-14;8.44704e-15;1.60589e-14;6.38946e-15;-9.990E+02;3.67516e-14;1.19645e-14;-9.990E+02;1.12478e-13;2.61066e-14;-9.990E+02
02:33:14.659;+00:33:54.216;2.07E+20;0.8;-999/-999;15922.3;1.11222e-14;4.29376e-15;8.50719e-15;4.96811e-15;-9.990E+02;9.72292e-15;6.40573e-15;-9.990E+02;9.91346e-15;8.01903e-15;-9.990E+02
02:33:25.346;+00:29:17.717;2.08E+20;0.8;-999/-999;15662.2;5.55846e-14;8.99341e-15;3.54431e-14;9.44301e-15;-9.990E+02;5.39677e-14;1.43785e-14;-9.990E+02;5.78016e-14;1.839e-14;-9.990E+02
02:33:18.557;+00:21:25.565;2.10E+20;0.8;-999/-999;15665.8;1.83495e-14;5.3732e-15;2.45768e-14;8.15756e-15;-9.990E+02;1.06837e-14;6.67906e-15;-9.990E+02;1.90688e-14;-2.15069e-11;5.3821e-14
02:32:46.289;+00:16:46.030;2.06E+20;0.8;-999/-999;14773.3;1.81076e-14;5.3652e-15;1.72987e-14;6.88349e-15;-9.990E+02;1.58243e-14;8.04055e-15;-9.990E+02;8.0727e-15;7.17394e-15;-9.990E+02
02:33:18.849;+00:19:58.008;2.10E+20;0.8;-999/-999;15859.9;1.16598e-14;4.56722e-15;8.60882e-15;5.19538e-15;-9.990E+02;1.30907e-14;7.90016e-15;-9.990E+02;6.6738e-15;6.90523e-15;-9.990E+02
02:33:02.371;+00:16:37.179;2.08E+20;0.8;-999/-999;14542.4;4.80409e-14;8.45649e-15;4.59558e-15;3.37102e-15;-9.990E+02;4.8972e-14;1.37663e-14;-9.990E+02;1.07046e-13;2.5338e-14;-9.990E+02
02:33:28.301;+00:22:57.160;2.11E+20;0.8;-999/-999;15515.5;2.19023e-14;6.04665e-15;1.57303e-14;6.6585e-15;-9.990E+02;1.43416e-14;7.91865e-15;-9.990E+02;2.92415e-14;1.41283e-14;-9.990E+02
02:32:04.415;+00:33:04.250;2.05E+20;1.463;+0.06/-0.06;1282.9;1.01249e-12;2.96208e-14;2.39556e-12;8.92889e-14;-9.990E+02;1.24102e-12;7.25934e-14;-9.990E+02;8.23214e-13;6.77838e-14;-9.990E+02
02:33:08.774;+00:15:47.074;2.10E+20;0.8;-999/-999;9703.0;8.97862e-14;1.2224e-14;1.07078e-13;1.65465e-14;-9.990E+02;7.23506e-14;1.71551e-14;-9.990E+02;4.49782e-14;-4.89287e-11;1.82991e-13
02:33:33.974;+00:32:01.098;2.08E+20;0.8;-999/-999;14892.6;2.39735e-14;6.7115e-15;5.89409e-15;4.4015e-15;-9.990E+02;1.79458e-14;9.49183e-15;-9.990E+02;5.48954e-14;2.0505e-14;-9.990E+02
02:33:34.708;+00:32:56.584;2.08E+20;0.8;-999/-999;13847.8;2.01211e-14;6.44304e-15;3.46344e-14;1.10904e-14;-9.990E+02;1.50645e-14;-1.68693e-11;3.48855e-14;4.60906e-14;-2.58062e-11;5.33669e-14
02:33:36.190;+00:33:07.584;2.08E+20;0.8;-999/-999;13232.9;2.26983e-14;6.97996e-15;3.34791e-14;1.10534e-14;-9.990E+02;1.69959e-14;-1.82765e-11;5.62544e-14;1.29973e-14;1.04463e-14;-9.990E+02
02:33:25.187;+00:15:49.332;2.13E+20;-0.175;+0.19/-0.15;4512.4;3.3836e-13;3.7208e-14;3.81559e-14;1.11072e-14;-9.990E+02;1.56012e-13;3.13225e-14;-9.990E+02;5.4281e-13;7.7218e-14;-9.990E+02
23:43:43.578;+00:19:37.821;3.35E+20;0.8;-999/-999;7301.5;2.14799e-14;7.8568e-15;5.58137e-15;5.45127e-15;-9.990E+02;7.81488e-15;7.63272e-15;-9.990E+02;5.89961e-14;2.5432e-14;-9.990E+02
23:43:41.886;+00:18:56.778;3.35E+20;0.8;-999/-999;6821.1;3.69129e-14;1.01016e-14;8.38991e-15;6.45888e-15;-9.990E+02;3.5242e-14;1.5544e-14;-9.990E+02;7.09679e-14;2.73086e-14;-9.990E+02
23:43:39.380;+00:19:18.625;3.35E+20;0.8;-999/-999;7026.6;2.9e-14;9.1195e-15;1.05505e-14;7.42312e-15;-9.990E+02;2.95415e-14;1.45547e-14;-9.990E+02;4.4603e-14;2.19753e-14;-9.990E+02
23:43:38.713;+00:18:27.285;3.35E+20;0.8;-999/-999;7468.8;4.08554e-14;1.05225e-14;1.2377e-14;7.76239e-15;-9.990E+02;3.46669e-14;1.55298e-14;-9.990E+02;7.85177e-14;2.87215e-14;-9.990E+02
23:43:44.845;+00:16:36.813;3.35E+20;0.8;-999/-999;7558.1;2.47068e-14;8.418e-15;6.41806e-15;5.86962e-15;-9.990E+02;2.69592e-14;1.40904e-14;-9.990E+02;4.07041e-14;2.12742e-14;-9.990E+02
23:43:35.410;+00:19:48.541;3.35E+20;0.8;-999/-999;7523.0;2.04277e-14;7.7165e-15;3.09424e-14;1.28106e-14;-9.990E+02;2.22874e-14;-1.96229e-11;5.71829e-14;1.30881e-14;1.20365e-14;-9.990E+02
23:43:34.467;+00:19:19.074;3.35E+20;0.8;-999/-999;7411.2;2.11572e-14;7.7165e-15;1.92414e-14;9.75974e-15;-9.990E+02;8.97925e-15;7.97203e-15;-9.990E+02;2.71145e-14;1.71919e-14;-9.990E+02
23:43:37.073;+00:17:20.718;3.35E+20;0.8;-999/-999;7565.2;2.53803e-14;8.418e-15;1.15377e-14;7.6527e-15;-9.990E+02;1.61548e-14;1.07151e-14;-9.990E+02;4.87878e-14;2.28165e-14;-9.990E+02
23:43:47.170;+00:15:37.880;3.35E+20;0.8;-999/-999;7536.0;1.99647e-14;7.7165e-15;7.26241e-15;6.20889e-15;-9.990E+02;2.03337e-14;1.25581e-14;-9.990E+02;3.07006e-14;1.89607e-14;-9.990E+02
23:44:02.768;+00:17:29.852;3.35E+20;0.8;-999/-999;7604.6;1.9642e-14;7.5762e-15;1.78563e-14;9.71383e-15;-9.990E+02;1.25045e-14;9.64359e-15;-9.990E+02;1.88798e-14;1.45603e-14;-9.990E+02
23:43:43.326;+00:15:09.865;3.35E+20;0.8;-999/-999;7456.0;4.42226e-14;1.08031e-14;2.67844e-14;1.11908e-14;-9.990E+02;3.75028e-14;1.5669e-14;-9.990E+02;5.66233e-14;2.36578e-14;-9.990E+02
23:44:04.615;+00:22:53.814;3.35E+20;0.8;-999/-999;7571.1;1.64853e-14;7.015e-15;2.99731e-14;1.27545e-14;-9.990E+02;1.39903e-14;-1.78406e-11;3.95744e-14;2.11232e-14;-2.69365e-11;5.97511e-14
23:44:06.991;+00:23:11.800;3.35E+20;0.8;-999/-999;7577.4;5.44925e-14;1.22061e-14;2.28688e-14;1.04612e-14;-9.990E+02;5.33612e-14;1.88657e-14;-9.990E+02;8.05669e-14;2.84842e-14;-9.990E+02
23:43:26.760;+00:14:29.812;3.35E+20;0.8;-999/-999;7249.8;2.29531e-14;8.418e-15;6.95886e-15;6.18338e-15;-9.990E+02;3.89672e-14;1.75335e-14;-9.990E+02;1.47113e-14;1.30719e-14;-9.990E+02
23:43:52.401;+00:10:45.911;3.34E+20;0.8;-999/-999;7583.7;3.84005e-14;1.07992e-14;3.75723e-14;1.40195e-14;-9.990E+02;2.25635e-14;1.35531e-14;-9.990E+02;3.40711e-14;2.04653e-14;-9.990E+02
03:11:24.027;+01:13:13.243;6.21E+20;0.8;-999/-999;27917.6;1.14428e-14;3.21384e-15;0;-6.5808e-12;1.1932e-14;0;-7.75169e-12;1.4055e-14;4.05037e-14;1.13759e-14;-9.990E+02
03:11:19.961;+01:06:48.845;6.22E+20;0.8;-999/-999;27038.6;1.10233e-14;3.21468e-15;5.21669e-15;3.06033e-15;-9.990E+02;6.14142e-15;3.60282e-15;-9.990E+02;2.10025e-14;8.1258e-15;-9.990E+02
03:11:15.732;+01:06:29.156;6.21E+20;0.8;-999/-999;28226.6;4.09535e-14;5.66248e-15;6.47729e-14;1.00218e-14;-9.990E+02;1.69517e-14;5.59393e-15;-9.990E+02;8.28275e-15;4.55524e-15;-9.990E+02
03:11:24.525;+01:06:52.762;6.23E+20;0.8;-999/-999;27201.4;2.57105e-14;4.5939e-15;2.63561e-14;6.5961e-15;-9.990E+02;1.55109e-14;5.54355e-15;-9.990E+02;2.27364e-14;8.12595e-15;-9.990E+02
03:11:12.902;+01:14:53.233;6.18E+20;0.8;-999/-999;28768.0;8.52779e-15;2.90529e-15;2.18206e-15;2.14106e-15;-9.990E+02;1.28718e-14;5.61412e-15;-9.990E+02;7.55116e-15;5.14606e-15;-9.990E+02
03:11:10.918;+01:05:32.109;6.21E+20;0.8;-999/-999;28498.0;8.85183e-15;2.90776e-15;3.02472e-15;2.38389e-15;-9.990E+02;7.12357e-15;3.93127e-15;-9.990E+02;1.56663e-14;7.41059e-15;-9.990E+02
03:11:01.199;+01:16:22.011;6.16E+20;0.8;-999/-999;28699.6;1.40313e-14;3.51509e-15;2.63076e-14;6.78008e-15;-9.990E+02;2.82484e-15;2.42641e-15;-9.990E+02;2.48681e-14;-1.24476e-11;2.73923e-14
03:10:49.665;+01:14:00.775;6.14E+20;0.8;-999/-999;28373.5;1.27034e-14;3.51302e-15;1.29796e-14;5.20059e-15;-9.990E+02;1.15144e-14;5.27175e-15;-9.990E+02;5.62774e-15;4.29583e-15;-9.990E+02
03:11:46.900;+01:10:05.434;6.26E+20;0.8;-999/-999;26620.7;2.32633e-14;4.44425e-15;2.38864e-14;-9.11831e-12;2.87178e-14;4.08149e-14;9.27208e-15;-9.990E+02;2.24339e-14;8.06666e-15;-9.990E+02
03:11:45.359;+01:13:59.856;6.25E+20;0.8;-999/-999;27788.6;8.74829e-15;2.91099e-15;7.69655e-15;3.84041e-15;-9.990E+02;6.03269e-15;3.76304e-15;-9.990E+02;8.84136e-15;5.51502e-15;-9.990E+02
03:11:19.098;+01:18:55.232;6.18E+20;0.8;-999/-999;28094.8;2.37469e-14;4.5873e-15;1.76731e-14;5.63436e-15;-9.990E+02;3.12839e-14;8.23281e-15;-9.990E+02;7.64866e-15;4.64282e-15;-9.990E+02
03:10:45.407;+01:06:26.048;6.13E+20;0.8;-999/-999;28605.0;1.27214e-14;3.5121e-15;8.66257e-15;4.1644e-15;-9.990E+02;2.05015e-14;7.12052e-15;-9.990E+02;4.10346e-15;-1.24469e-11;3.31105e-14
03:11:28.778;+01:18:23.620;6.20E+20;0.8;-999/-999;29068.3;7.82901e-15;2.907e-15;6.01511e-15;3.69558e-15;-9.990E+02;7.08936e-15;4.35558e-15;-9.990E+02;6.92834e-15;5.32383e-15;-9.990E+02
03:11:07.320;+01:19:39.610;6.16E+20;0.8;-999/-999;27480.7;1.58638e-14;3.82075e-15;8.64937e-15;3.99803e-15;-9.990E+02;1.78796e-14;6.22572e-15;-9.990E+02;1.4988e-14;6.92796e-15;-9.990E+02
03:10:51.687;+01:17:48.256;6.13E+20;0.8;-999/-999;26243.4;1.08005e-14;3.3594e-15;3.15059e-15;2.51642e-15;-9.990E+02;1.11883e-14;5.41514e-15;-9.990E+02;1.64171e-14;7.94586e-15;-9.990E+02
03:11:10.218;+01:20:15.986;6.16E+20;0.8;-999/-999;27231.0;9.10255e-15;3.20943e-15;6.98326e-15;3.898e-15;-9.990E+02;8.24927e-15;4.60467e-15;-9.990E+02;8.06547e-15;5.68754e-15;-9.990E+02
03:11:05.888;+01:00:44.068;6.21E+20;0.8;-999/-999;26526.1;2.41497e-14;4.74424e-15;3.09247e-15;2.4827e-15;-9.990E+02;3.6427e-14;9.01531e-15;-9.990E+02;2.67117e-14;9.29033e-15;-9.990E+02
03:10:37.477;+01:07:02.148;6.11E+20;0.8;-999/-999;27762.7;1.31809e-14;3.66264e-15;1.494e-14;5.49815e-15;-9.990E+02;7.07819e-15;4.16646e-15;-9.990E+02;1.03885e-14;6.115e-15;-9.990E+02
03:10:43.408;+01:16:47.222;6.12E+20;0.8;-999/-999;27588.1;9.10464e-15;3.20586e-15;4.13042e-15;2.99261e-15;-9.990E+02;1.46787e-14;6.20071e-15;-9.990E+02;3.58945e-15;3.89981e-15;-9.990E+02
03:10:28.634;+01:12:19.714;6.03E+20;0.8;-999/-999;24198.5;1.39647e-14;4.11129e-15;5.68155e-15;3.80112e-15;-9.990E+02;2.02816e-14;7.69087e-15;-9.990E+02;9.93221e-15;6.64494e-15;-9.990E+02
03:10:44.351;+01:19:32.914;6.12E+20;0.8;-999/-999;24027.1;1.44172e-14;4.12182e-15;1.63534e-14;6.21278e-15;-9.990E+02;1.54907e-14;6.64362e-15;-9.990E+02;1.02262e-14;-1.4608e-11;3.75357e-14
03:10:48.666;+01:22:02.198;6.12E+20;0.8;-999/-999;18027.1;2.4792e-14;5.80108e-15;1.44643e-14;6.25954e-15;-9.990E+02;1.71258e-14;7.41133e-15;-9.990E+02;3.76981e-14;1.35897e-14;-9.990E+02
02:38:15.475;-01:18:24.986;3.07E+20;0.8;-999/-999;135960.0;3.68853e-15;8.89472e-16;1.3253e-15;7.20327e-16;-9.990E+02;2.36199e-15;1.15519e-15;-9.990E+02;7.86998e-15;2.57499e-15;-9.990E+02
02:38:09.430;-01:18:00.054;3.06E+20;0.8;-999/-999;143184.0;2.59938e-15;7.78008e-16;2.00041e-15;9.04152e-16;-9.990E+02;9.51072e-16;7.62068e-16;-9.990E+02;4.32194e-15;1.95344e-15;-9.990E+02
02:38:10.996;-01:19:03.608;3.06E+20;0.8;-999/-999;134236.0;5.62666e-15;1.02808e-15;1.44355e-15;6.92335e-16;-9.990E+02;6.86608e-15;1.82918e-15;-9.990E+02;8.31723e-15;2.49301e-15;-9.990E+02
02:38:03.544;-01:16:32.570;3.06E+20;0.8;-999/-999;155656.0;5.69752e-15;9.86403e-16;3.33069e-15;1.00644e-15;-9.990E+02;5.08994e-15;1.49317e-15;-9.990E+02;7.19605e-15;2.17445e-15;-9.990E+02
02:38:05.409;-01:15:30.822;3.06E+20;0.8;-999/-999;152655.0;5.61972e-15;9.86403e-16;1.29361e-15;6.4593e-16;-9.990E+02;6.27522e-15;1.66509e-15;-9.990E+02;9.5031e-15;2.52158e-15;-9.990E+02
02:38:16.694;-01:21:02.652;3.06E+20;0.170;+0.23/-0.17;149983.0;1.53928e-14;1.91654e-15;1.85618e-15;6.9201e-16;-9.990E+02;1.14312e-14;2.26018e-15;-9.990E+02;2.14279e-14;3.99409e-15;-9.990E+02
02:38:20.936;-01:20:54.232;3.07E+20;0.8;-999/-999;152220.0;5.2868e-15;9.7286e-16;2.92126e-15;9.55276e-16;-9.990E+02;5.20813e-15;1.53574e-15;-9.990E+02;6.30677e-15;2.06237e-15;-9.990E+02
02:38:10.737;-01:22:45.463;3.06E+20;0.8;-999/-999;157708.0;3.82891e-15;8.47473e-16;4.74031e-16;4.07168e-16;-9.990E+02;3.04329e-15;1.22337e-15;-9.990E+02;9.2228e-15;2.59327e-15;-9.990E+02
02:38:13.313;-01:22:39.949;3.06E+20;0.8;-999/-999;150815.0;3.23568e-15;8.19687e-16;8.29804e-16;5.66093e-16;-9.990E+02;1.77578e-15;9.69225e-16;-9.990E+02;8.06928e-15;2.56848e-15;-9.990E+02
02:38:11.393;-01:23:46.653;3.06E+20;0.8;-999/-999;158454.0;2.61605e-15;7.64115e-16;1.49494e-15;7.74916e-16;-9.990E+02;2.13279e-15;1.10555e-15;-9.990E+02;3.69074e-15;1.81384e-15;-9.990E+02
02:38:09.785;-01:12:00.302;3.07E+20;0.8;-999/-999;146528.0;3.2702e-15;8.3388e-16;1.53304e-15;7.6502e-16;-9.990E+02;2.18578e-15;1.09075e-15;-9.990E+02;6.06959e-15;2.23648e-15;-9.990E+02
02:37:56.974;-01:22:42.150;3.06E+20;0.8;-999/-999;139657.0;6.07819e-15;1.06976e-15;3.43049e-15;1.12071e-15;-9.990E+02;6.67387e-15;1.87296e-15;-9.990E+02;6.06409e-15;2.1793e-15;-9.990E+02
02:38:37.260;-01:20:10.144;3.07E+20;0.8;-999/-999;159614.0;2.97417e-15;7.92186e-16;1.67985e-15;-1.42168e-12;1.60719e-15;1.73154e-15;9.78617e-16;-9.990E+02;8.91572e-15;2.71083e-15;-9.990E+02
02:38:38.221;-01:15:21.626;3.08E+20;0.8;-999/-999;159379.0;6.21186e-15;1.04272e-15;4.63009e-15;1.17114e-15;-9.990E+02;3.88073e-15;1.29061e-15;-9.990E+02;8.22036e-15;2.29092e-15;-9.990E+02
02:37:54.262;-01:13:20.990;3.06E+20;0.8;-999/-999;157930.0;4.11927e-15;8.89152e-16;2.55977e-15;9.3434e-16;-9.990E+02;4.46705e-15;1.47822e-15;-9.990E+02;3.68966e-15;1.65159e-15;-9.990E+02
02:38:32.830;-01:22:48.558;3.07E+20;0.8;-999/-999;159420.0;4.25001e-15;9.17268e-16;5.09098e-16;4.28451e-16;-9.990E+02;1.81448e-15;9.63309e-16;-9.990E+02;1.26351e-14;3.09517e-15;-9.990E+02
02:38:41.553;-01:18:40.038;3.07E+20;0.8;-999/-999;160062.0;4.37231e-15;9.17268e-16;6.83124e-16;4.92369e-16;-9.990E+02;1.46063e-15;8.64344e-16;-9.990E+02;1.32712e-14;3.14853e-15;-9.990E+02
02:38:42.899;-01:18:24.486;3.07E+20;0.8;-999/-999;160312.0;4.25418e-15;9.31166e-16;2.71152e-15;1.00371e-15;-9.990E+02;2.81232e-15;1.24027e-15;-9.990E+02;6.38762e-15;2.27529e-15;-9.990E+02
02:38:25.187;-01:24:30.378;3.07E+20;0.8;-999/-999;153245.0;3.81083e-15;8.89472e-16;4.66902e-15;1.32855e-15;-9.990E+02;2.66316e-15;1.20325e-15;-9.990E+02;6.72183e-16;7.36329e-16;-9.990E+02
02:38:31.307;-01:12:23.030;3.08E+20;0.8;-999/-999;144703.0;2.69718e-15;8.06374e-16;8.0758e-16;6.00438e-16;-9.990E+02;5.75344e-16;5.89942e-16;-9.990E+02;7.83764e-15;2.67957e-15;-9.990E+02
02:38:41.065;-01:14:30.403;3.08E+20;0.8;-999/-999;159035.0;4.38779e-15;9.31501e-16;3.09839e-15;1.04196e-15;-9.990E+02;3.21103e-15;1.26569e-15;-9.990E+02;5.47126e-15;2.02679e-15;-9.990E+02
02:38:39.434;-01:21:59.042;3.07E+20;0.914;+0.11/-0.10;159736.0;3.12505e-14;1.89015e-15;2.45822e-14;2.34125e-15;-9.990E+02;3.1874e-14;3.23183e-15;-9.990E+02;3.20081e-14;3.91808e-15;-9.990E+02
02:38:44.019;-01:17:21.786;3.07E+20;0.8;-999/-999;160053.0;2.79906e-15;7.92186e-16;3.84507e-15;1.23592e-15;-9.990E+02;8.4334e-16;6.94181e-16;-9.990E+02;1.27699e-15;1.05113e-15;-9.990E+02
02:38:23.352;-01:10:30.365;3.08E+20;0.8;-999/-999;156358.0;3.82193e-15;8.75889e-16;2.86101e-15;1.00947e-15;-9.990E+02;3.67067e-15;1.36538e-15;-9.990E+02;3.08654e-15;1.55028e-15;-9.990E+02
02:38:34.444;-01:11:35.993;3.09E+20;0.722;+0.26/-0.19;153148.0;1.00487e-14;1.34753e-15;4.98437e-15;1.23354e-15;-9.990E+02;9.79756e-15;2.06308e-15;-9.990E+02;1.11464e-14;2.75855e-15;-9.990E+02
02:38:17.268;-01:10:09.440;3.08E+20;0.8;-999/-999;156066.0;2.91407e-15;8.06374e-16;1.30957e-15;7.24623e-16;-9.990E+02;2.98638e-15;1.30307e-15;-9.990E+02;3.95386e-15;1.86077e-15;-9.990E+02
02:37:44.563;-01:21:18.043;3.06E+20;0.8;-999/-999;159542.0;2.7786e-15;7.91901e-16;7.48719e-16;5.48379e-16;-9.990E+02;3.5594e-15;1.44227e-15;-9.990E+02;3.77321e-15;1.81384e-15;-9.990E+02
02:38:44.062;-01:20:57.804;3.07E+20;0.8;-999/-999;160073.0;4.65027e-15;9.7286e-16;2.08882e-15;8.7388e-16;-9.990E+02;3.40326e-15;1.32215e-15;-9.990E+02;8.37668e-15;2.57985e-15;-9.990E+02
02:38:33.229;-01:24:28.122;3.07E+20;0.8;-999/-999;160013.0;3.83029e-15;8.89472e-16;1.29035e-15;6.91114e-16;-9.990E+02;5.51785e-15;1.72406e-15;-9.990E+02;3.71399e-15;1.72493e-15;-9.990E+02
02:37:58.148;-01:10:31.770;3.06E+20;0.8;-999/-999;149880.0;3.16621e-15;8.19687e-16;3.24836e-15;1.11397e-15;-9.990E+02;5.7947e-16;5.67724e-16;-9.990E+02;4.3877e-15;1.89092e-15;-9.990E+02
02:37:40.005;-01:15:26.066;3.06E+20;0.8;-999/-999;159050.0;4.98759e-15;1.0003e-15;3.1785e-15;1.11372e-15;-9.990E+02;5.3569e-15;1.74268e-15;-9.990E+02;4.3683e-15;1.94051e-15;-9.990E+02
02:37:44.661;-01:23:13.980;3.06E+20;0.632;+0.16/-0.13;159623.0;2.17917e-14;1.90044e-15;1.26662e-14;1.77427e-15;-9.990E+02;1.46036e-14;2.34999e-15;-9.990E+02;2.50557e-14;3.85823e-15;-9.990E+02
02:38:49.401;-01:19:19.871;3.07E+20;0.8;-999/-999;158571.0;7.0991e-15;1.13964e-15;1.55526e-15;7.3356e-16;-9.990E+02;1.01991e-14;2.21355e-15;-9.990E+02;8.72706e-15;2.54157e-15;-9.990E+02
02:37:40.685;-01:21:44.312;3.06E+20;0.8;-999/-999;160029.0;2.18537e-15;7.36329e-16;1.50966e-15;8.1683e-16;-9.990E+02;4.30687e-16;5.27147e-16;-9.990E+02;4.56612e-15;2.1006e-15;-9.990E+02
02:38:43.254;-01:12:33.356;3.08E+20;0.8;-999/-999;157679.0;2.68745e-15;8.06374e-16;3.48819e-15;1.23461e-15;-9.990E+02;1.52879e-15;9.68758e-16;-9.990E+02;5.78929e-16;7.33094e-16;-9.990E+02
02:37:39.614;-01:21:30.904;3.06E+20;0.8;-999/-999;160228.0;2.18259e-15;7.50222e-16;1.38367e-15;7.94626e-16;-9.990E+02;2.30329e-15;1.23226e-15;-9.990E+02;1.99333e-15;1.41819e-15;-9.990E+02
02:38:28.152;-01:09:36.673;3.09E+20;0.8;-999/-999;141585.0;2.55212e-15;8.06664e-16;1.63821e-15;8.70244e-16;-9.990E+02;9.33259e-16;7.74452e-16;-9.990E+02;4.94578e-15;2.22789e-15;-9.990E+02
02:37:44.294;-01:11:57.817;3.06E+20;0.8;-999/-999;142865.0;3.1037e-15;8.47473e-16;8.36041e-16;5.82809e-16;-9.990E+02;1.59034e-15;9.70292e-16;-9.990E+02;7.82672e-15;2.62346e-15;-9.990E+02
02:38:09.328;-01:08:29.016;3.07E+20;0.8;-999/-999;144009.0;4.7823e-15;9.7286e-16;7.81249e-16;5.24328e-16;-9.990E+02;1.67066e-15;9.22014e-16;-9.990E+02;1.43331e-14;3.32049e-15;-9.990E+02
02:37:58.751;-01:09:13.010;3.06E+20;0.8;-999/-999;139998.0;3.5969e-15;8.75259e-16;2.30654e-15;9.50806e-16;-9.990E+02;2.63289e-15;1.19026e-15;-9.990E+02;4.98333e-15;2.05424e-15;-9.990E+02
02:38:43.653;-01:23:52.934;3.07E+20;0.8;-999/-999;158698.0;2.44327e-15;7.78288e-16;2.74398e-16;3.45058e-16;-9.990E+02;2.73828e-15;1.32037e-15;-9.990E+02;4.73924e-15;2.15616e-15;-9.990E+02
02:37:43.305;-01:24:11.366;3.06E+20;0.8;-999/-999;158980.0;3.47603e-15;8.75259e-16;1.31406e-15;7.29758e-16;-9.990E+02;2.81264e-15;1.25469e-15;-9.990E+02;6.38751e-15;2.34478e-15;-9.990E+02
02:37:33.744;-01:16:45.946;3.05E+20;0.8;-999/-999;150974.0;5.04587e-15;1.0139e-15;3.01902e-15;1.04556e-15;-9.990E+02;6.15707e-15;1.79658e-15;-9.990E+02;3.73056e-15;1.71624e-15;-9.990E+02
02:37:49.887;-01:26:03.864;3.06E+20;0.8;-999/-999;158676.0;2.27428e-15;7.78008e-16;1.92282e-15;9.48561e-16;-9.990E+02;1.71421e-15;1.08277e-15;-9.990E+02;2.07688e-15;1.45322e-15;-9.990E+02
02:37:49.585;-01:09:42.899;3.06E+20;0.8;-999/-999;135282.0;4.06787e-15;9.44724e-16;5.21933e-16;4.53822e-16;-9.990E+02;2.97851e-15;1.29455e-15;-9.990E+02;1.01499e-14;2.94095e-15;-9.990E+02
02:37:34.232;-01:20:33.705;3.05E+20;0.8;-999/-999;158403.0;2.37641e-15;7.63895e-16;1.93906e-15;9.28144e-16;-9.990E+02;5.5378e-16;6.02183e-16;-9.990E+02;4.1925e-15;2.00677e-15;-9.990E+02
02:37:57.502;-01:27:30.753;3.06E+20;0.945;+0.27/-0.20;142161.0;8.9136e-15;1.18815e-15;5.337e-15;1.29022e-15;-9.990E+02;1.21822e-14;2.29406e-15;-9.990E+02;8.97365e-15;2.37416e-15;-9.990E+02
02:38:48.276;-01:23:39.621;3.07E+20;0.8;-999/-999;157250.0;2.38073e-15;7.78288e-16;2.01292e-15;9.54776e-16;-9.990E+02;2.15196e-15;1.19114e-15;-9.990E+02;1.63006e-15;1.28831e-15;-9.990E+02
02:37:31.651;-01:17:42.912;3.05E+20;0.8;-999/-999;147049.0;8.20979e-15;1.22223e-15;5.70648e-15;1.35295e-15;-9.990E+02;8.14655e-15;1.93147e-15;-9.990E+02;7.19592e-15;2.2531e-15;-9.990E+02
02:38:46.018;-01:24:14.590;3.07E+20;0.8;-999/-999;158139.0;2.81851e-15;8.19982e-16;3.50551e-15;1.22418e-15;-9.990E+02;1.66639e-15;1.00567e-15;-9.990E+02;8.41441e-16;8.95884e-16;-9.990E+02
02:37:32.906;-01:20:21.238;3.05E+20;0.299;+0.19/-0.16;153828.0;1.92518e-14;2.14951e-15;4.08534e-15;1.05255e-15;-9.990E+02;1.40647e-14;2.53084e-15;-9.990E+02;2.54466e-14;4.35432e-15;-9.990E+02
02:37:32.449;-01:19:41.809;3.05E+20;0.8;-999/-999;151780.0;2.4653e-15;7.91673e-16;3.16112e-16;3.87661e-16;-9.990E+02;1.80512e-15;1.08016e-15;-9.990E+02;6.15022e-15;2.4741e-15;-9.990E+02
02:37:50.056;-01:26:39.633;3.06E+20;0.823;+0.21/-0.17;158549.0;1.20221e-14;1.3629e-15;7.76795e-15;1.44606e-15;-9.990E+02;1.18582e-14;2.1315e-15;-9.990E+02;1.27713e-14;2.7198e-15;-9.990E+02
02:38:54.381;-01:15:04.321;3.08E+20;0.8;-999/-999;149759.0;2.44137e-15;8.06374e-16;6.26924e-16;5.50464e-16;-9.990E+02;2.23266e-15;1.22866e-15;-9.990E+02;4.73331e-15;2.21599e-15;-9.990E+02
02:37:59.509;-01:28:08.831;3.06E+20;0.8;-999/-999;144039.0;4.39297e-15;1.0003e-15;1.0758e-15;6.82605e-16;-9.990E+02;5.11486e-15;1.79394e-15;-9.990E+02;6.97505e-15;2.56147e-15;-9.990E+02
02:38:33.440;-01:08:09.701;3.09E+20;-0.075;+0.20/-0.16;135345.0;2.69462e-14;2.97622e-15;3.46995e-15;1.01063e-15;-9.990E+02;1.36223e-14;2.74711e-15;-9.990E+02;4.1489e-14;6.14726e-15;-9.990E+02
02:37:30.007;-01:17:16.480;3.05E+20;0.8;-999/-999;140497.0;2.60002e-15;8.19451e-16;1.94479e-15;9.49584e-16;-9.990E+02;1.66597e-15;1.03674e-15;-9.990E+02;3.36402e-15;1.81165e-15;-9.990E+02
02:38:18.399;-01:28:58.826;3.06E+20;1.291;+0.18/-0.15;149689.0;1.3365e-14;1.12602e-15;1.87288e-14;2.36002e-15;-9.990E+02;2.05471e-14;2.8012e-15;-9.990E+02;1.17062e-14;2.45988e-15;-9.990E+02
02:38:43.351;-01:09:50.849;3.09E+20;0.8;-999/-999;144419.0;4.64944e-15;1.0431e-15;1.31987e-15;7.53961e-16;-9.990E+02;3.75654e-15;1.48659e-15;-9.990E+02;9.48728e-15;2.91734e-15;-9.990E+02
02:38:16.381;-01:28:59.282;3.06E+20;0.8;-999/-999;148140.0;4.33184e-15;9.7251e-16;3.88955e-15;1.22899e-15;-9.990E+02;3.17036e-15;1.32267e-15;-9.990E+02;3.60126e-15;1.77017e-15;-9.990E+02
02:37:29.210;-01:19:04.593;3.05E+20;0.8;-999/-999;140390.0;2.85558e-15;8.47229e-16;2.5628e-15;1.06451e-15;-9.990E+02;6.09657e-16;6.24249e-16;-9.990E+02;4.61994e-15;2.09625e-15;-9.990E+02
02:38:10.962;-01:29:26.391;3.06E+20;0.8;-999/-999;153195.0;7.51889e-15;1.1948e-15;4.64301e-15;1.26941e-15;-9.990E+02;4.81587e-15;1.53054e-15;-9.990E+02;1.18533e-14;2.97437e-15;-9.990E+02
02:37:28.901;-01:15:14.233;3.05E+20;0.8;-999/-999;132967.0;8.1084e-15;1.2639e-15;1.21284e-15;6.61642e-16;-9.990E+02;8.65905e-15;2.10515e-15;-9.990E+02;1.5734e-14;3.47452e-15;-9.990E+02
02:37:29.867;-01:21:04.266;3.05E+20;0.8;-999/-999;140701.0;2.85002e-15;8.3334e-16;2.9218e-15;1.13481e-15;-9.990E+02;5.21393e-16;5.64457e-16;-9.990E+02;3.95102e-15;1.93293e-15;-9.990E+02
02:37:31.212;-01:13:30.476;3.05E+20;0.8;-999/-999;129556.0;7.23895e-15;1.20834e-15;6.87819e-15;1.62668e-15;-9.990E+02;5.45239e-15;1.73394e-15;-9.990E+02;4.95683e-15;2.01647e-15;-9.990E+02
02:38:35.196;-01:28:27.846;3.07E+20;0.711;+0.16/-0.14;150700.0;2.41503e-14;2.2389e-15;1.02541e-14;1.81776e-15;-9.990E+02;2.5508e-14;3.5856e-15;-9.990E+02;2.6934e-14;4.45939e-15;-9.990E+02
02:37:37.527;-01:10:42.150;3.06E+20;0.8;-999/-999;109855.0;6.7131e-15;1.20869e-15;8.6099e-16;5.7233e-16;-9.990E+02;6.14352e-15;1.82989e-15;-9.990E+02;1.48826e-14;3.49561e-15;-9.990E+02
02:37:44.143;-01:26:38.005;3.06E+20;0.8;-999/-999;158418.0;6.96178e-15;1.20869e-15;6.06011e-15;1.48322e-15;-9.990E+02;3.78364e-15;1.39351e-15;-9.990E+02;8.18787e-15;2.54045e-15;-9.990E+02
02:37:37.344;-01:25:26.316;3.06E+20;0.8;-999/-999;153583.0;2.91614e-15;8.47473e-16;8.72966e-16;6.08756e-16;-9.990E+02;4.35671e-15;1.65014e-15;-9.990E+02;2.82883e-15;1.62194e-15;-9.990E+02
02:39:00.799;-01:20:38.816;3.06E+20;0.037;+0.28/-0.21;140136.0;1.66559e-14;2.42187e-15;3.19901e-15;1.06351e-15;-9.990E+02;8.10836e-15;2.3035e-15;-9.990E+02;2.44778e-14;5.17331e-15;-9.990E+02
02:37:41.565;-01:26:56.234;3.06E+20;0.8;-999/-999;151847.0;2.86196e-15;8.61366e-16;1.28462e-15;7.63439e-16;-9.990E+02;1.83274e-15;1.08918e-15;-9.990E+02;5.55201e-15;2.3437e-15;-9.990E+02
02:38:55.950;-01:23:51.279;3.06E+20;0.8;-999/-999;145399.0;6.52832e-15;1.20869e-15;1.80381e-15;8.32049e-16;-9.990E+02;7.07609e-15;1.98686e-15;-9.990E+02;1.07159e-14;3.00887e-15;-9.990E+02
02:37:35.876;-01:25:41.019;3.05E+20;0.8;-999/-999;140790.0;3.18058e-15;9.16674e-16;2.07592e-15;9.99693e-16;-9.990E+02;7.40984e-16;7.13579e-16;-9.990E+02;6.73236e-15;2.65683e-15;-9.990E+02
20:54:49.604;+00:41:56.003;7.10E+20;0.8;-999/-999;4286.3;3.55577e-14;1.36399e-14;0;-2.89602e-11;7.14424e-14;0;-3.24539e-11;8.00612e-14;1.23032e-13;4.71949e-14;-9.990E+02
20:54:18.898;+00:49:16.539;7.21E+20;0.8;-999/-999;4327.8;2.74524e-13;3.45906e-14;2.55445e-13;4.86721e-14;-9.990E+02;2.51036e-13;5.04765e-14;-9.990E+02;1.69987e-13;5.15442e-14;-9.990E+02
20:54:44.064;+00:53:54.983;7.35E+20;0.8;-999/-999;3910.2;4.5828e-14;1.5781e-14;8.43323e-14;3.06564e-14;-9.990E+02;4.18339e-14;-3.74145e-11;1.02618e-13;2.25104e-14;2.04156e-14;-9.990E+02
02:01:15.507;+00:31:35.688;2.22E+20;1.004;+0.09/-0.08;15329.0;3.93933e-13;1.79264e-14;4.05485e-13;2.73636e-14;-9.990E+02;3.72836e-13;3.12774e-14;-9.990E+02;3.89104e-13;3.87528e-14;-9.990E+02
02:01:30.505;+00:30:24.323;2.22E+20;0.8;-999/-999;15093.0;1.16724e-14;4.0473e-15;1.44396e-14;5.87396e-15;-9.990E+02;8.71133e-15;5.71593e-15;-9.990E+02;1.01418e-14;-1.61332e-11;4.3953e-14
02:01:06.155;+00:33:59.749;2.23E+20;1.328;+0.05/-0.04;15407.0;1.03567e-12;2.39001e-14;1.63403e-12;5.42299e-14;-9.990E+02;1.55792e-12;5.84389e-14;-9.990E+02;8.92063e-13;5.3276e-14;-9.990E+02
02:01:42.917;+00:32:22.561;2.21E+20;0.8;-999/-999;14945.1;2.23328e-14;5.25954e-15;1.93337e-14;6.45545e-15;-9.990E+02;1.45912e-14;6.74769e-15;-9.990E+02;2.2291e-14;1.03084e-14;-9.990E+02
02:01:14.417;+00:27:36.116;2.22E+20;0.8;-999/-999;15517.2;1.52853e-14;4.58694e-15;1.32386e-14;5.61461e-15;-9.990E+02;1.19816e-14;6.61102e-15;-9.990E+02;1.22035e-14;8.20384e-15;-9.990E+02
02:01:46.425;+00:31:53.223;2.21E+20;0.8;-999/-999;14797.5;4.12537e-14;7.01272e-15;3.75887e-15;2.82265e-15;-9.990E+02;2.8365e-14;9.37278e-15;-9.990E+02;1.12666e-13;2.31092e-14;-9.990E+02
02:01:44.729;+00:37:34.202;2.22E+20;0.8;-999/-999;15205.0;2.06547e-14;5.3964e-15;3.25241e-15;2.77343e-15;-9.990E+02;3.43414e-14;1.12345e-14;-9.990E+02;2.24852e-14;1.11e-14;-9.990E+02
02:00:55.935;+00:29:29.971;2.23E+20;0.8;-999/-999;15599.4;3.18371e-14;6.47808e-15;2.06855e-14;6.88425e-15;-9.990E+02;3.11768e-14;1.03758e-14;-9.990E+02;3.17501e-14;1.30919e-14;-9.990E+02
02:00:47.295;+00:31:12.380;2.24E+20;0.8;-999/-999;16104.8;2.81226e-14;6.34547e-15;2.13192e-14;7.33185e-15;-9.990E+02;1.83536e-14;8.39255e-15;-9.990E+02;3.50399e-14;1.41688e-14;-9.990E+02
02:01:32.260;+00:23:50.915;2.21E+20;0.8;-999/-999;10246.4;2.50705e-14;6.33842e-15;1.08494e-14;5.57993e-15;-9.990E+02;4.9119e-14;1.43164e-14;-9.990E+02;3.12752e-14;-2.52732e-11;1.65097e-13
02:00:44.234;+00:37:49.421;2.25E+20;0.8;-999/-999;15863.8;1.33075e-14;4.7271e-15;5.76625e-15;-8.19032e-12;2.53884e-14;1.73692e-14;8.81325e-15;-9.990E+02;2.6524e-14;1.34585e-14;-9.990E+02
02:00:56.684;+00:41:44.133;2.25E+20;0.8;-999/-999;15783.9;2.63367e-14;6.21276e-15;2.4592e-14;7.93035e-15;-9.990E+02;3.17312e-14;1.10377e-14;-9.990E+02;5.24774e-14;-2.47367e-11;5.33872e-14
02:00:35.535;+00:38:18.942;2.25E+20;0.8;-999/-999;11195.4;3.35894e-14;7.83348e-15;1.45632e-14;6.79209e-15;-9.990E+02;4.38547e-14;1.44044e-14;-9.990E+02;3.3474e-14;1.56119e-14;-9.990E+02
02:00:28.665;+00:35:34.270;2.26E+20;-0.208;+0.25/-0.19;10228.0;1.5596e-13;2.16154e-14;1.01407e-14;4.77889e-15;-9.990E+02;8.32818e-14;1.99079e-14;-9.990E+02;2.53806e-13;4.57335e-14;-9.990E+02
02:00:28.969;+00:28:47.137;2.26E+20;0.873;+0.25/-0.19;5700.6;1.05004e-13;1.39447e-14;7.38285e-14;1.51316e-14;-9.990E+02;1.08869e-13;2.23135e-14;-9.990E+02;1.09297e-13;2.84141e-14;-9.990E+02
02:02:25.428;+01:25:02.814;2.29E+20;0.8;-999/-999;1968.3;4.9488e-14;2.164e-14;5.1595e-14;2.94157e-14;-9.990E+02;0;-5.63599e-11;1.70596e-13;7.87635e-14;5.6152e-14;-9.990E+02
02:01:51.471;+01:29:05.205;2.33E+20;0.8;-999/-999;1912.9;2.80496e-13;5.01128e-14;1.1488e-13;4.13889e-14;-9.990E+02;8.5992e-14;4.42486e-14;-9.990E+02;7.21469e-13;1.58669e-13;-9.990E+02
02:01:46.544;+01:17:13.384;2.29E+20;1.814;+0.16/-0.13;713.5;9.156e-13;5.232e-14;2.71908e-12;2.3738e-13;-9.990E+02;2.93722e-12;2.5436e-13;-9.990E+02;6.4524e-13;1.32199e-13;-9.990E+02
02:01:24.901;+01:26:05.152;2.34E+20;0.8;-999/-999;1802.3;9.19977e-14;3.38725e-14;7.68497e-14;-5.89228e-11;2.65129e-13;1.1981e-13;6.2675e-14;-9.990E+02;1.82794e-13;9.56234e-14;-9.990E+02
02:28:07.876;-01:15:39.431;2.62E+20;0.587;+0.27/-0.20;7630.8;1.23595e-13;1.77672e-14;5.88388e-14;1.48608e-14;-9.990E+02;9.18666e-14;2.32025e-14;-9.990E+02;1.45004e-13;3.66233e-14;-9.990E+02
02:28:28.034;-01:10:42.058;2.60E+20;0.8;-999/-999;8319.3;3.122e-14;8.88875e-15;5.49632e-15;4.97871e-15;-9.990E+02;4.8498e-14;1.77814e-14;-9.990E+02;3.69022e-14;1.90948e-14;-9.990E+02
02:27:43.032;-01:14:59.887;2.74E+20;0.8;-999/-999;8251.0;3.67599e-14;9.6194e-15;4.55888e-14;1.42511e-14;-9.990E+02;9.48528e-15;7.89672e-15;-9.990E+02;2.88231e-14;1.67982e-14;-9.990E+02
02:28:16.160;-01:06:35.723;2.61E+20;0.8;-999/-999;8319.9;2.91636e-14;8.75456e-15;3.08403e-14;1.20566e-14;-9.990E+02;1.50998e-14;1.0299e-14;-9.990E+02;2.2973e-14;1.5669e-14;-9.990E+02
02:27:37.885;-01:14:02.660;2.74E+20;0.8;-999/-999;8309.1;2.30041e-14;7.83294e-15;1.16394e-14;7.37989e-15;-9.990E+02;1.69565e-14;1.07512e-14;-9.990E+02;3.86607e-14;1.99284e-14;-9.990E+02
02:27:37.335;-01:09:18.761;2.74E+20;0.8;-999/-999;8057.4;7.04552e-14;1.31923e-14;1.7829e-14;8.67964e-15;-9.990E+02;7.79034e-14;2.16406e-14;-9.990E+02;1.18363e-13;3.28799e-14;-9.990E+02
02:28:07.417;-01:26:02.295;2.72E+20;0.8;-999/-999;7579.6;3.5305e-14;1.0711e-14;8.92612e-15;-1.89361e-11;8.26754e-14;5.47009e-14;2.18449e-14;-9.990E+02;5.53825e-14;2.68939e-14;-9.990E+02
02:27:19.009;-01:18:13.291;2.76E+20;0.8;-999/-999;7978.5;2.51231e-14;9.48819e-15;1.11354e-14;8.31499e-15;-9.990E+02;1.62013e-14;1.20978e-14;-9.990E+02;4.9222e-14;2.63135e-14;-9.990E+02
02:56:37.457;-01:25:44.270;6.08E+20;0.8;-999/-999;16552.1;1.27695e-14;4.42221e-15;8.67638e-15;5.07029e-15;-9.990E+02;1.545e-14;7.35607e-15;-9.990E+02;7.56074e-15;6.38005e-15;-9.990E+02
02:56:40.346;-01:25:40.833;6.09E+20;0.8;-999/-999;17561.3;1.88375e-14;5.03349e-15;7.2015e-15;4.492e-15;-9.990E+02;2.27759e-14;8.62628e-15;-9.990E+02;2.08953e-14;1.00523e-14;-9.990E+02
02:56:23.339;-01:23:11.592;5.99E+20;0.8;-999/-999;17266.9;1.22106e-14;4.1067e-15;3.10176e-15;2.85986e-15;-9.990E+02;1.47887e-14;7.10875e-15;-9.990E+02;1.63052e-14;8.77262e-15;-9.990E+02
02:56:34.528;-01:21:54.658;6.02E+20;0.8;-999/-999;17815.1;1.25255e-14;4.26244e-15;9.55054e-15;5.25357e-15;-9.990E+02;1.13729e-14;6.25599e-15;-9.990E+02;1.11397e-14;7.80915e-15;-9.990E+02
02:56:16.479;-01:26:36.350;5.82E+20;1.194;+0.18/-0.15;17581.4;1.0277e-13;8.628e-15;1.52473e-13;1.86838e-14;-9.990E+02;1.07112e-13;1.62053e-14;-9.990E+02;9.38443e-14;1.77556e-14;-9.990E+02
02:56:12.849;-01:23:46.519;5.78E+20;0.8;-999/-999;17997.0;1.49612e-14;4.536e-15;6.69508e-15;4.37509e-15;-9.990E+02;1.21238e-14;6.43318e-15;-9.990E+02;2.38032e-14;1.0827e-14;-9.990E+02
02:56:39.418;-01:20:47.994;6.03E+20;-0.716;+0.36/-0.09;17466.8;3.52472e-14;8.946e-15;5.8943e-15;-6.72508e-12;1.5906e-14;4.99769e-15;4.13286e-15;-9.990E+02;8.62727e-14;2.31849e-14;-9.990E+02
02:56:13.194;-01:23:16.844;5.77E+20;0.8;-999/-999;18115.7;2.25818e-14;5.29025e-15;3.97655e-14;9.81815e-15;-9.990E+02;6.86235e-15;4.42175e-15;-9.990E+02;7.3514e-14;-1.89307e-11;3.33953e-14
02:56:58.748;-01:25:56.909;6.18E+20;0.8;-999/-999;17725.7;2.57348e-14;5.96349e-15;1.40515e-14;6.20093e-15;-9.990E+02;1.24323e-14;6.40084e-15;-9.990E+02;4.86167e-14;1.54273e-14;-9.990E+02
02:56:25.649;-01:19:11.961;5.95E+20;0.8;-999/-999;17730.9;2.03282e-14;5.31755e-15;3.17014e-15;2.97451e-15;-9.990E+02;1.89516e-14;8.00056e-15;-9.990E+02;3.90144e-14;1.37214e-14;-9.990E+02
02:56:22.261;-01:18:44.930;5.93E+20;0.8;-999/-999;18001.1;1.20667e-14;4.25152e-15;2.71664e-15;2.87139e-15;-9.990E+02;1.6255e-14;7.73346e-15;-9.990E+02;1.43381e-14;8.84221e-15;-9.990E+02
02:56:58.241;-01:19:31.021;6.09E+20;0.8;-999/-999;18222.4;1.26417e-14;4.42337e-15;3.22279e-15;3.26323e-15;-9.990E+02;1.5286e-14;7.51203e-15;-9.990E+02;1.68332e-14;9.6894e-15;-9.990E+02
02:57:05.233;-01:21:31.836;6.14E+20;0.8;-999/-999;18162.1;1.02229e-14;3.97124e-15;2.98519e-15;3.06604e-15;-9.990E+02;7.05853e-15;5.12039e-15;-9.990E+02;2.07181e-14;1.0638e-14;-9.990E+02
02:46:14.579;+01:14:40.891;3.96E+20;1.280;+0.14/-0.12;16287.4;1.16162e-13;7.59168e-15;1.56004e-13;1.55769e-14;-9.990E+02;1.7869e-13;1.83099e-14;-9.990E+02;1.02148e-13;1.61407e-14;-9.990E+02
02:46:28.786;+01:12:48.035;4.03E+20;0.8;-999/-999;22363.3;8.22915e-15;3.01224e-15;8.55787e-15;4.22793e-15;-9.990E+02;4.59089e-15;3.51068e-15;-9.990E+02;6.88309e-15;5.26354e-15;-9.990E+02
02:46:28.226;+01:18:15.796;4.27E+20;0.8;-999/-999;22531.8;1.34268e-14;3.61325e-15;3.17505e-15;2.46681e-15;-9.990E+02;7.45672e-15;-9.01667e-12;2.77216e-14;4.39177e-14;1.27508e-14;-9.990E+02
02:46:39.530;+01:18:09.363;4.32E+20;0.8;-999/-999;22350.3;1.21214e-14;3.61875e-15;1.4617e-14;5.58078e-15;-9.990E+02;5.50275e-15;3.78292e-15;-9.990E+02;8.22572e-15;5.65485e-15;-9.990E+02
02:46:37.368;+01:18:46.160;4.31E+20;0.8;-999/-999;22146.5;8.45975e-15;3.18362e-15;6.40706e-15;3.73242e-15;-9.990E+02;8.44649e-15;4.9205e-15;-9.990E+02;6.31365e-15;5.37498e-15;-9.990E+02
02:46:45.889;+01:10:37.131;4.11E+20;0.8;-999/-999;22585.3;1.21511e-14;3.7388e-15;2.28184e-15;2.22621e-15;-9.990E+02;1.52309e-14;6.62794e-15;-9.990E+02;1.82547e-14;8.90328e-15;-9.990E+02
02:46:39.972;+01:20:08.271;4.31E+20;0.8;-999/-999;22070.9;1.52814e-14;4.05188e-15;3.86122e-15;2.80343e-15;-9.990E+02;2.03503e-14;7.39158e-15;-9.990E+02;1.90166e-14;8.72245e-15;-9.990E+02
02:46:36.722;+01:04:42.951;4.11E+20;0.8;-999/-999;22092.3;8.86239e-15;3.3074e-15;5.54662e-15;3.54833e-15;-9.990E+02;7.40282e-15;4.73579e-15;-9.990E+02;1.109e-14;7.09455e-15;-9.990E+02
02:46:56.770;+01:16:47.758;4.40E+20;0.8;-999/-999;22118.7;2.54378e-14;5.22396e-15;2.41772e-14;7.04296e-15;-9.990E+02;1.98112e-14;7.33788e-15;-9.990E+02;1.775e-14;8.48607e-15;-9.990E+02
02:46:11.545;+01:23:24.022;3.88E+20;0.8;-999/-999;2823.7;5.01623e-13;2.5695e-14;3.10865e-13;2.73169e-14;-9.990E+02;8.42144e-13;5.31597e-14;-9.990E+02;3.55628e-13;-9.70435e-11;2.08768e-12
02:47:00.541;+01:10:17.044;4.44E+20;0.8;-999/-999;20542.8;1.94253e-14;4.93986e-15;1.00822e-14;4.98024e-15;-9.990E+02;2.19769e-14;8.44126e-15;-9.990E+02;1.96849e-14;9.7236e-15;-9.990E+02
02:47:01.564;+01:08:44.032;4.45E+20;1.090;+0.22/-0.17;21132.6;7.67224e-14;8.13312e-15;7.33151e-14;1.29089e-14;-9.990E+02;9.98707e-14;1.63534e-14;-9.990E+02;7.31396e-14;1.68703e-14;-9.990E+02
02:47:00.545;+01:06:42.765;4.45E+20;0.8;-999/-999;19286.1;2.50421e-14;5.8136e-15;4.77064e-15;3.42224e-15;-9.990E+02;2.49473e-14;9.20959e-15;-9.990E+02;4.65499e-14;1.53204e-14;-9.990E+02
02:47:03.513;+01:05:38.611;4.47E+20;0.8;-999/-999;20005.4;3.17037e-14;6.68978e-15;2.58961e-14;8.44071e-15;-9.990E+02;2.25422e-14;9.05961e-15;-9.990E+02;3.36455e-14;1.3522e-14;-9.990E+02
02:47:14.543;+01:17:09.004;4.48E+20;0.8;-999/-999;16216.2;3.22943e-14;7.12803e-15;1.53979e-14;6.69583e-15;-9.990E+02;2.00874e-14;8.73506e-15;-9.990E+02;5.99666e-14;1.8568e-14;-9.990E+02
03:49:00.506;-00:54:46.832;9.74E+20;0.643;+0.18/-0.15;56520.2;4.58318e-14;4.622e-15;2.36184e-14;4.53968e-15;-9.990E+02;3.6076e-14;5.76983e-15;-9.990E+02;5.24903e-14;8.39505e-15;-9.990E+02
03:48:59.585;-00:57:32.866;9.71E+20;0.8;-999/-999;57789.9;5.225e-15;1.8392e-15;2.24115e-15;1.84363e-15;-9.990E+02;3.28315e-15;2.22355e-15;-9.990E+02;9.28714e-15;4.44366e-15;-9.990E+02
03:48:51.639;-00:54:11.707;9.72E+20;0.8;-999/-999;58119.1;5.8835e-15;1.83964e-15;4.16708e-15;2.44658e-15;-9.990E+02;6.77356e-15;3.08064e-15;-9.990E+02;3.83258e-15;2.77802e-15;-9.990E+02
03:48:49.779;-00:54:03.906;9.70E+20;0.8;-999/-999;57431.7;6.90538e-15;2.00592e-15;4.65062e-15;2.46601e-15;-9.990E+02;5.6786e-15;2.67299e-15;-9.990E+02;8.03418e-15;3.78178e-15;-9.990E+02
03:48:46.897;-00:54:28.226;9.67E+20;0.8;-999/-999;55229.1;2.00126e-14;3.0069e-15;8.91399e-15;3.07859e-15;-9.990E+02;2.36721e-14;5.1185e-15;-9.990E+02;1.93957e-14;5.53929e-15;-9.990E+02
03:49:20.633;-00:55:03.881;9.81E+20;0.8;-999/-999;53456.9;1.0895e-14;2.34626e-15;3.87019e-15;2.18965e-15;-9.990E+02;1.2532e-14;3.80931e-15;-9.990E+02;1.2394e-14;4.48635e-15;-9.990E+02
03:49:09.396;-00:50:45.957;9.80E+20;0.8;-999/-999;57868.9;1.1891e-14;2.3457e-15;5.63144e-15;2.49845e-15;-9.990E+02;1.50476e-14;4.04712e-15;-9.990E+02;9.66984e-15;3.86086e-15;-9.990E+02
03:48:58.128;-01:00:58.496;9.67E+20;0.8;-999/-999;57759.3;5.60286e-15;1.83755e-15;2.02945e-15;1.70688e-15;-9.990E+02;6.95039e-15;3.05725e-15;-9.990E+02;5.62099e-15;3.32848e-15;-9.990E+02
03:48:57.219;-01:01:51.384;9.66E+20;0.8;-999/-999;55068.5;1.10277e-14;2.50515e-15;1.44204e-15;1.35908e-15;-9.990E+02;1.12942e-14;3.7646e-15;-9.990E+02;1.79847e-14;5.6808e-15;-9.990E+02
03:49:04.102;-01:02:20.457;9.67E+20;0.8;-999/-999;55601.9;5.82002e-15;1.83755e-15;5.14148e-15;2.62502e-15;-9.990E+02;3.35243e-15;2.08858e-15;-9.990E+02;7.11884e-15;3.63458e-15;-9.990E+02
03:48:32.359;-00:53:58.657;9.56E+20;0.8;-999/-999;57104.8;2.5043e-14;3.49902e-15;2.29179e-14;5.21962e-15;-9.990E+02;2.1136e-14;4.8929e-15;-9.990E+02;1.99639e-14;5.54372e-15;-9.990E+02
03:48:34.783;-00:57:39.609;9.55E+20;0.8;-999/-999;53966.8;1.38928e-14;2.66528e-15;7.75043e-15;2.99866e-15;-9.990E+02;1.22095e-14;3.68938e-15;-9.990E+02;1.73007e-14;5.22778e-15;-9.990E+02
03:49:31.490;-00:58:33.854;9.83E+20;0.8;-999/-999;37622.0;1.08124e-14;2.5149e-15;1.02506e-14;3.64214e-15;-9.990E+02;9.4696e-15;-5.77584e-12;3.28583e-14;2.10783e-14;6.35782e-15;-9.990E+02
03:49:19.080;-01:02:34.599;9.71E+20;0.8;-999/-999;44549.4;1.17675e-14;2.508e-15;4.62584e-15;2.44345e-15;-9.990E+02;6.77268e-15;3.01324e-15;-9.990E+02;2.23599e-14;6.39478e-15;-9.990E+02
03:48:47.099;-00:48:02.395;9.74E+20;0.8;-999/-999;46760.8;8.57515e-15;2.17516e-15;7.59382e-15;3.13867e-15;-9.990E+02;7.40297e-15;3.05979e-15;-9.990E+02;6.97799e-15;3.50152e-15;-9.990E+02
03:48:35.660;-00:50:25.139;9.62E+20;0.8;-999/-999;54902.1;5.85178e-15;1.83546e-15;1.52825e-15;1.4557e-15;-9.990E+02;2.99742e-15;2.03623e-15;-9.990E+02;1.27332e-14;4.86727e-15;-9.990E+02
03:48:47.632;-00:47:34.658;9.75E+20;0.899;+0.28/-0.21;44165.2;2.36099e-14;3.27915e-15;1.871e-14;4.65717e-15;-9.990E+02;2.26069e-14;4.86617e-15;-9.990E+02;2.43943e-14;6.07205e-15;-9.990E+02
03:48:27.842;-00:54:55.084;9.52E+20;0.8;-999/-999;56651.2;8.26856e-15;2.16411e-15;1.75959e-15;1.57954e-15;-9.990E+02;6.93829e-15;3.23172e-15;-9.990E+02;1.47516e-14;5.41327e-15;-9.990E+02
03:49:34.192;-00:50:56.998;9.94E+20;0.796;+0.11/-0.09;13425.2;1.61647e-13;9.43824e-15;8.51462e-14;1.05484e-14;-9.990E+02;1.64633e-13;1.42118e-14;-9.990E+02;1.74387e-13;1.7455e-14;-9.990E+02
03:48:30.519;-00:50:34.267;9.58E+20;0.8;-999/-999;51794.5;1.38911e-14;2.6672e-15;4.88975e-15;2.40732e-15;-9.990E+02;9.60741e-15;3.31204e-15;-9.990E+02;2.49531e-14;6.36626e-15;-9.990E+02
03:48:56.020;-01:04:37.731;9.63E+20;0.721;+0.19/-0.15;53509.5;4.83774e-14;4.74633e-15;3.27892e-14;5.75115e-15;-9.990E+02;3.59535e-14;6.09415e-15;-9.990E+02;5.37434e-14;8.75527e-15;-9.990E+02
03:48:26.538;-00:52:46.510;9.53E+20;0.658;+0.11/-0.09;55778.4;1.23414e-13;7.2972e-15;5.42257e-14;6.92592e-15;-9.990E+02;1.09675e-13;1.00668e-14;-9.990E+02;1.40585e-13;1.37988e-14;-9.990E+02
03:48:49.242;-01:04:35.706;9.62E+20;0.738;+0.23/-0.18;50156.2;3.94639e-14;4.69395e-15;2.85752e-14;5.98846e-15;-9.990E+02;2.86709e-14;6.00852e-15;-9.990E+02;4.34869e-14;8.60661e-15;-9.990E+02
03:48:24.523;-00:57:12.373;9.48E+20;0.8;-999/-999;51806.9;9.37656e-15;2.49465e-15;5.05751e-15;2.65043e-15;-9.990E+02;6.6624e-15;3.14189e-15;-9.990E+02;1.41679e-14;5.57023e-15;-9.990E+02
03:48:47.959;-01:05:08.730;9.61E+20;0.8;-999/-999;48423.8;1.09868e-14;2.66912e-15;1.29056e-14;4.56183e-15;-9.990E+02;8.44153e-15;3.6362e-15;-9.990E+02;5.97993e-15;3.6043e-15;-9.990E+02
03:48:21.999;-00:52:00.275;9.50E+20;0.8;-999/-999;47533.2;8.20136e-15;2.32946e-15;7.99478e-15;3.55367e-15;-9.990E+02;6.3106e-15;3.0393e-15;-9.990E+02;6.70849e-15;3.97717e-15;-9.990E+02
03:48:32.725;-01:02:59.049;9.50E+20;0.8;-999/-999;45658.3;1.0015e-14;2.66224e-15;2.92818e-15;2.17969e-15;-9.990E+02;8.66891e-15;3.68726e-15;-9.990E+02;1.63846e-14;6.09862e-15;-9.990E+02
03:48:26.579;-01:01:57.107;9.46E+20;0.8;-999/-999;45744.8;1.10699e-14;2.82608e-15;3.23188e-15;-6.59265e-12;1.89937e-14;1.98827e-14;5.90454e-15;-9.990E+02;8.05845e-15;4.40765e-15;-9.990E+02
03:48:18.354;-00:52:44.995;9.47E+20;0.8;-999/-999;45206.3;8.50637e-15;2.49405e-15;5.67987e-15;3.06721e-15;-9.990E+02;2.80629e-15;2.15204e-15;-9.990E+02;1.59212e-14;6.01672e-15;-9.990E+02
03:48:19.509;-00:50:56.115;9.49E+20;0.8;-999/-999;42588.2;1.17127e-14;2.82795e-15;8.21936e-15;3.58182e-15;-9.990E+02;1.08146e-14;4.0785e-15;-9.990E+02;1.15055e-14;5.01385e-15;-9.990E+02
03:48:42.669;-01:05:52.610;9.56E+20;0.8;-999/-999;42501.6;1.74285e-14;3.3324e-15;1.45962e-14;4.57889e-15;-9.990E+02;1.43597e-14;4.5047e-15;-9.990E+02;1.62772e-14;5.63085e-15;-9.990E+02
03:48:23.310;-00:48:37.155;9.54E+20;0.8;-999/-999;31861.9;2.33003e-14;3.9972e-15;1.82072e-14;5.46294e-15;-9.990E+02;1.793e-14;5.37978e-15;-9.990E+02;2.54092e-14;7.62384e-15;-9.990E+02
03:49:24.313;-01:05:57.944;9.69E+20;-0.060;+0.20/-0.16;28825.3;7.36042e-14;7.90912e-15;7.38792e-15;2.85754e-15;-9.990E+02;4.02321e-14;7.45715e-15;-9.990E+02;1.12684e-13;1.55695e-14;-9.990E+02
03:48:57.509;-01:07:24.977;9.59E+20;0.315;+0.25/-0.19;33712.5;4.82001e-14;6.3249e-15;1.3139e-14;4.04846e-15;-9.990E+02;3.09895e-14;6.74446e-15;-9.990E+02;6.3336e-14;1.20582e-14;-9.990E+02
03:49:05.935;-01:07:36.335;9.60E+20;1.072;+0.18/-0.15;27859.8;5.5349e-14;5.17408e-15;6.99105e-14;1.00325e-14;-9.990E+02;5.09656e-14;8.04166e-15;-9.990E+02;5.31522e-14;9.58151e-15;-9.990E+02
03:48:15.109;-00:51:42.036;9.45E+20;0.8;-999/-999;39334.6;1.44079e-14;3.1578e-15;6.72809e-15;3.15957e-15;-9.990E+02;1.33084e-14;4.42974e-15;-9.990E+02;1.88771e-14;6.2833e-15;-9.990E+02
03:48:19.415;-01:02:49.568;9.40E+20;0.8;-999/-999;43747.9;2.91828e-14;4.316e-15;2.47204e-14;6.08823e-15;-9.990E+02;2.14531e-14;5.51291e-15;-9.990E+02;3.04451e-14;7.8236e-15;-9.990E+02
03:48:57.612;-01:09:30.793;9.56E+20;1.336;+0.21/-0.17;18463.2;5.75103e-14;5.398e-15;9.59501e-14;1.43745e-14;-9.990E+02;7.81753e-14;1.17116e-14;-9.990E+02;4.9383e-14;1.03588e-14;-9.990E+02
22:26:46.533;+00:52:11.207;4.51E+20;0.8;-999/-999;4413.6;2.08368e-13;2.9122e-14;1.09822e-13;3.01182e-14;-9.990E+02;2.50261e-13;5.13124e-14;-9.990E+02;1.86714e-13;5.4026e-14;-9.990E+02
22:26:19.252;+00:49:01.245;4.49E+20;0.8;-999/-999;4706.0;3.1345e-14;1.19326e-14;4.27365e-14;1.87524e-14;-9.990E+02;2.22836e-14;1.57162e-14;-9.990E+02;2.80984e-14;-4.42573e-11;1.09887e-13
22:26:44.893;+00:45:18.763;4.52E+20;0.8;-999/-999;4374.2;3.13002e-14;1.22346e-14;4.27469e-14;-2.33549e-11;9.87687e-14;5.83818e-14;2.6366e-14;-9.990E+02;2.90287e-14;2.26913e-14;-9.990E+02
22:26:15.911;+00:47:08.295;4.49E+20;0.8;-999/-999;4896.6;4.3365e-14;1.39699e-14;4.59577e-14;2.07351e-14;-9.990E+02;3.59578e-14;2.12409e-14;-9.990E+02;1.78877e-14;1.75743e-14;-9.990E+02
03:03:40.071;-01:02:13.924;6.14E+20;0.8;-999/-999;42759.5;6.31274e-15;1.98562e-15;1.43344e-15;1.35259e-15;-9.990E+02;5.08716e-15;2.78354e-15;-9.990E+02;1.24363e-14;5.16355e-15;-9.990E+02
03:03:36.504;-01:01:57.588;6.17E+20;0.8;-999/-999;45029.5;1.06596e-14;2.44592e-15;6.41553e-15;2.63409e-15;-9.990E+02;1.21204e-14;4.04384e-15;-9.990E+02;8.88897e-15;4.24244e-15;-9.990E+02
03:03:49.101;-01:06:12.985;6.03E+20;-0.526;+0.10/-0.09;45427.9;2.24824e-13;1.20104e-14;1.45166e-14;2.70201e-15;-9.990E+02;7.816e-14;8.85893e-15;-9.990E+02;4.16475e-13;2.67268e-14;-9.990E+02
03:03:41.468;-01:00:54.561;6.17E+20;0.8;-999/-999;43180.2;5.68676e-15;1.83444e-15;4.85153e-15;2.42889e-15;-9.990E+02;5.72784e-15;2.86761e-15;-9.990E+02;3.35896e-15;2.63852e-15;-9.990E+02
03:03:29.231;-01:05:06.376;6.14E+20;0.8;-999/-999;46083.8;1.82372e-14;2.90206e-15;8.2816e-15;2.8366e-15;-9.990E+02;2.12236e-14;4.88043e-15;-9.990E+02;1.91636e-14;5.81732e-15;-9.990E+02
03:03:42.647;-01:08:09.957;6.03E+20;0.8;-999/-999;45530.6;5.24266e-15;1.82724e-15;4.26581e-15;2.30484e-15;-9.990E+02;3.80857e-15;2.35962e-15;-9.990E+02;5.59431e-15;3.46598e-15;-9.990E+02
03:03:26.080;-01:03:01.853;6.19E+20;0.8;-999/-999;43802.2;7.64953e-15;2.14144e-15;4.27246e-15;2.24743e-15;-9.990E+02;6.7192e-15;3.07037e-15;-9.990E+02;9.85334e-15;4.50253e-15;-9.990E+02
03:03:25.726;-01:05:14.225;6.15E+20;0.8;-999/-999;44841.2;8.45943e-15;2.13892e-15;5.76635e-15;2.54175e-15;-9.990E+02;6.8158e-15;3.00434e-15;-9.990E+02;9.99904e-15;4.40749e-15;-9.990E+02
03:04:00.594;-01:06:51.905;5.96E+20;0.8;-999/-999;44947.2;1.42046e-14;2.73546e-15;7.58418e-15;2.7747e-15;-9.990E+02;1.44961e-14;4.26227e-15;-9.990E+02;1.59797e-14;5.57203e-15;-9.990E+02
03:03:57.301;-01:09:06.862;5.93E+20;0.999;+0.27/-0.20;45101.0;2.70775e-14;3.49137e-15;2.60846e-14;5.46587e-15;-9.990E+02;2.75802e-14;5.91522e-15;-9.990E+02;2.68131e-14;7.07334e-15;-9.990E+02
03:03:18.539;-01:03:47.523;6.21E+20;0.8;-999/-999;38137.8;7.15003e-15;2.14256e-15;9.15916e-15;3.55388e-15;-9.990E+02;2.15739e-15;1.87216e-15;-9.990E+02;6.32717e-15;3.97236e-15;-9.990E+02
03:03:33.138;-00:57:58.548;6.29E+20;0.8;-999/-999;35453.8;9.07703e-15;2.45408e-15;2.66631e-15;1.88099e-15;-9.990E+02;1.87615e-14;5.38103e-15;-9.990E+02;8.01834e-15;-8.65764e-12;3.02909e-14
03:03:56.924;-00:58:30.502;6.03E+20;0.8;-999/-999;45377.2;7.33485e-15;2.13178e-15;4.97523e-15;2.51085e-15;-9.990E+02;7.89365e-15;3.53168e-15;-9.990E+02;5.80011e-15;3.63116e-15;-9.990E+02
03:03:17.118;-01:03:51.550;6.22E+20;0.8;-999/-999;37772.0;1.24301e-14;2.60236e-15;8.49673e-15;-5.32968e-12;2.10708e-14;1.50025e-14;4.28274e-15;-9.990E+02;2.19938e-14;6.27853e-15;-9.990E+02
03:03:41.064;-00:57:04.892;6.28E+20;0.8;-999/-999;39336.7;6.67949e-15;2.14676e-15;5.88441e-15;2.86814e-15;-9.990E+02;6.90379e-15;3.365e-15;-9.990E+02;3.37143e-15;2.80637e-15;-9.990E+02
03:04:04.852;-00:59:21.312;6.00E+20;0.8;-999/-999;47144.2;4.83805e-15;1.82568e-15;2.18507e-15;1.71826e-15;-9.990E+02;2.60498e-15;2.04846e-15;-9.990E+02;9.56884e-15;4.78821e-15;-9.990E+02
03:03:54.810;-00:57:14.283;6.06E+20;0.8;-999/-999;44892.6;7.70077e-15;2.1336e-15;1.96074e-15;1.56958e-15;-9.990E+02;6.98914e-15;3.15562e-15;-9.990E+02;1.36803e-14;5.47537e-15;-9.990E+02
03:03:49.273;-00:56:19.081;6.10E+20;0.8;-999/-999;43162.8;2.20311e-14;3.50911e-15;8.32105e-15;3.06848e-15;-9.990E+02;2.95901e-14;6.30621e-15;-9.990E+02;2.02674e-14;6.40736e-15;-9.990E+02
03:03:40.100;-01:11:33.156;5.97E+20;0.8;-999/-999;45813.9;5.26597e-15;1.82424e-15;2.67108e-15;1.87173e-15;-9.990E+02;3.18987e-15;2.23526e-15;-9.990E+02;9.37895e-15;4.69327e-15;-9.990E+02
03:03:40.637;-01:12:01.343;5.96E+20;0.8;-999/-999;45785.2;4.89647e-15;1.82364e-15;1.4188e-15;1.41448e-15;-9.990E+02;6.78206e-15;3.38035e-15;-9.990E+02;4.98288e-15;3.5165e-15;-9.990E+02
03:04:17.833;-01:05:41.380;5.92E+20;0.8;-999/-999;42893.4;2.29066e-14;3.4914e-15;8.28551e-15;3.0578e-15;-9.990E+02;1.78624e-14;4.80527e-15;-9.990E+02;4.0864e-14;8.74999e-15;-9.990E+02
03:03:25.627;-01:12:14.249;6.03E+20;0.8;-999/-999;36874.6;8.86516e-15;2.43632e-15;8.01427e-15;3.37052e-15;-9.990E+02;4.77085e-15;2.83154e-15;-9.990E+02;1.05063e-14;4.85238e-15;-9.990E+02
03:03:17.444;-01:11:09.681;6.09E+20;0.8;-999/-999;30982.8;2.8996e-14;4.11831e-15;2.43576e-14;5.32569e-15;-9.990E+02;3.71543e-14;7.29065e-15;-9.990E+02;6.06062e-15;3.5313e-15;-9.990E+02
03:03:52.743;-01:14:07.258;5.86E+20;0.8;-999/-999;40964.9;1.30567e-14;2.87926e-15;7.91424e-15;3.15039e-15;-9.990E+02;1.26796e-14;4.36757e-15;-9.990E+02;1.39954e-14;5.57111e-15;-9.990E+02
03:03:18.154;-00:55:12.747;6.43E+20;0.327;+0.12/-0.10;21589.9;1.57359e-13;1.07047e-14;1.7815e-14;4.08878e-15;-9.990E+02;1.38263e-13;1.36922e-14;-9.990E+02;2.05491e-13;2.11359e-14;-9.990E+02
03:04:04.360;-01:13:26.108;5.85E+20;0.8;-999/-999;44092.6;8.11282e-15;2.2725e-15;4.91356e-15;2.39436e-15;-9.990E+02;5.90863e-15;2.87926e-15;-9.990E+02;1.1597e-14;4.94307e-15;-9.990E+02
03:04:28.268;-01:00:54.836;5.96E+20;0.8;-999/-999;33712.9;2.39201e-14;3.95122e-15;2.26508e-14;5.48466e-15;-9.990E+02;1.16006e-14;4.28438e-15;-9.990E+02;2.84179e-14;8.14957e-15;-9.990E+02
03:04:36.253;-01:04:06.546;5.92E+20;0.8;-999/-999;29677.6;2.12368e-14;4.0986e-15;2.58188e-14;6.38553e-15;-9.990E+02;1.54616e-14;5.35392e-15;-9.990E+02;7.57503e-15;4.49845e-15;-9.990E+02
03:04:41.977;-01:03:13.829;5.92E+20;0.8;-999/-999;22119.3;1.35982e-13;1.03224e-14;8.10104e-15;3.70465e-15;-9.990E+02;3.88104e-14;8.55743e-15;-9.990E+02;4.13621e-13;3.40253e-14;-9.990E+02
03:04:33.718;-00:54:04.451;6.02E+20;0.844;+0.01/-0.01;2241.0;2.4656e-11;1.38368e-13;1.57847e-11;1.60444e-13;-9.990E+02;2.52053e-11;2.19761e-13;-9.990E+02;2.59241e-11;2.6866e-13;-9.990E+02
03:04:23.327;-01:16:51.606;5.77E+20;-0.422;+0.09/-0.08;12477.7;5.85262e-13;3.04032e-14;4.06175e-14;7.23519e-15;-9.990E+02;2.27537e-13;2.36484e-14;-9.990E+02;1.03884e-12;6.36052e-14;-9.990E+02
02:38:15.475;-01:18:24.986;3.07E+20;0.8;-999/-999;135960.0;3.75246e-15;8.89472e-16;1.34827e-15;7.20327e-16;-9.990E+02;2.40293e-15;1.15519e-15;-9.990E+02;8.00474e-15;2.57499e-15;-9.990E+02
02:38:09.578;-01:18:01.913;3.06E+20;0.8;-999/-999;142395.0;2.83e-15;7.91901e-16;2.07975e-15;9.14131e-16;-9.990E+02;9.88801e-16;7.53525e-16;-9.990E+02;4.99196e-15;2.06287e-15;-9.990E+02
02:38:10.996;-01:19:03.608;3.06E+20;0.8;-999/-999;134236.0;5.73225e-15;1.02808e-15;1.47049e-15;6.92335e-16;-9.990E+02;6.99422e-15;1.82918e-15;-9.990E+02;8.47355e-15;2.49301e-15;-9.990E+02
02:38:03.544;-01:16:32.570;3.06E+20;0.8;-999/-999;159090.0;5.83923e-15;9.86403e-16;3.41302e-15;1.00919e-15;-9.990E+02;5.21808e-15;1.49851e-15;-9.990E+02;7.37393e-15;2.18038e-15;-9.990E+02
02:38:05.417;-01:15:31.094;3.06E+20;0.8;-999/-999;156136.0;5.76004e-15;9.86403e-16;1.26142e-15;6.17987e-16;-9.990E+02;6.83761e-15;1.70424e-15;-9.990E+02;9.26593e-15;2.44774e-15;-9.990E+02
02:38:16.694;-01:21:02.652;3.06E+20;0.170;+0.22/-0.17;149983.0;1.57282e-14;1.91654e-15;1.89658e-15;6.9201e-16;-9.990E+02;1.16806e-14;2.26018e-15;-9.990E+02;2.18931e-14;3.99409e-15;-9.990E+02
02:38:20.936;-01:20:54.232;3.07E+20;0.8;-999/-999;152220.0;5.40215e-15;9.7286e-16;2.98617e-15;9.55276e-16;-9.990E+02;5.32205e-15;1.53574e-15;-9.990E+02;6.44692e-15;2.06237e-15;-9.990E+02
02:38:10.737;-01:22:45.463;3.06E+20;0.8;-999/-999;157708.0;3.91227e-15;8.47473e-16;4.8451e-16;4.07168e-16;-9.990E+02;3.10985e-15;1.22337e-15;-9.990E+02;9.42224e-15;2.59327e-15;-9.990E+02
02:38:13.313;-01:22:39.949;3.06E+20;0.8;-999/-999;150815.0;3.30653e-15;8.19687e-16;8.48017e-16;5.66093e-16;-9.990E+02;1.81458e-15;9.69225e-16;-9.990E+02;8.24716e-15;2.56848e-15;-9.990E+02
02:38:11.393;-01:23:46.653;3.06E+20;0.8;-999/-999;158454.0;2.67301e-15;7.64115e-16;1.52763e-15;7.74916e-16;-9.990E+02;2.17942e-15;1.10555e-15;-9.990E+02;3.77159e-15;1.81384e-15;-9.990E+02
02:38:09.785;-01:12:00.302;3.07E+20;0.8;-999/-999;150030.0;3.15763e-15;8.19982e-16;1.47935e-15;7.52536e-16;-9.990E+02;2.10924e-15;1.07295e-15;-9.990E+02;5.85936e-15;2.17772e-15;-9.990E+02
02:38:21.623;-01:12:06.472;3.08E+20;0.8;-999/-999;161234.0;2.07711e-15;6.9515e-16;2.41549e-15;9.95982e-16;-9.990E+02;1.38745e-15;-1.77837e-12;2.07103e-15;2.84344e-15;1.60257e-15;-9.990E+02
02:37:56.974;-01:22:42.150;3.06E+20;0.8;-999/-999;139657.0;6.21156e-15;1.06976e-15;3.50533e-15;1.12071e-15;-9.990E+02;6.81981e-15;1.87296e-15;-9.990E+02;6.19885e-15;2.1793e-15;-9.990E+02
02:38:37.260;-01:20:10.144;3.07E+20;0.8;-999/-999;159614.0;3.03949e-15;7.92186e-16;1.71655e-15;-1.42168e-12;1.64215e-15;1.76927e-15;9.78617e-16;-9.990E+02;9.10978e-15;2.71083e-15;-9.990E+02
02:38:38.221;-01:15:21.626;3.08E+20;0.8;-999/-999;159379.0;6.33282e-15;1.04272e-15;4.72004e-15;1.17114e-15;-9.990E+02;3.95549e-15;1.29061e-15;-9.990E+02;8.38207e-15;2.29092e-15;-9.990E+02
02:37:54.262;-01:13:20.990;3.06E+20;0.8;-999/-999;161357.0;4.00674e-15;8.75259e-16;2.49066e-15;9.22614e-16;-9.990E+02;4.34247e-15;1.46256e-15;-9.990E+02;3.58617e-15;1.6241e-15;-9.990E+02
02:38:32.830;-01:22:48.558;3.07E+20;0.8;-999/-999;159420.0;4.34313e-15;9.17268e-16;5.20333e-16;4.28451e-16;-9.990E+02;1.85435e-15;9.63309e-16;-9.990E+02;1.29154e-14;3.09517e-15;-9.990E+02
02:38:41.541;-01:18:42.214;3.07E+20;0.8;-999/-999;160077.0;4.46821e-15;9.17268e-16;6.68893e-16;4.81383e-16;-9.990E+02;1.43037e-15;8.44764e-16;-9.990E+02;1.37186e-14;3.1577e-15;-9.990E+02
02:38:31.307;-01:12:23.030;3.08E+20;0.8;-999/-999;146546.0;2.69023e-15;7.92471e-16;8.05581e-16;5.77949e-16;-9.990E+02;5.7392e-16;5.88162e-16;-9.990E+02;7.81608e-15;2.67202e-15;-9.990E+02
02:38:25.187;-01:24:30.378;3.07E+20;0.8;-999/-999;153245.0;3.89422e-15;8.89472e-16;4.77138e-15;1.32855e-15;-9.990E+02;2.72119e-15;1.20325e-15;-9.990E+02;6.86737e-16;7.36329e-16;-9.990E+02
02:38:43.016;-01:18:24.048;3.07E+20;0.8;-999/-999;160312.0;4.48905e-15;9.17268e-16;2.86133e-15;1.00521e-15;-9.990E+02;3.33847e-15;1.29224e-15;-9.990E+02;6.1774e-15;2.17018e-15;-9.990E+02
02:38:39.434;-01:21:59.042;3.07E+20;0.914;+0.11/-0.10;159736.0;3.19309e-14;1.89015e-15;2.51186e-14;2.34125e-15;-9.990E+02;3.25721e-14;3.23183e-15;-9.990E+02;3.27081e-14;3.91808e-15;-9.990E+02
02:38:44.019;-01:17:21.786;3.07E+20;0.8;-999/-999;160053.0;2.86021e-15;7.92186e-16;3.92996e-15;1.23592e-15;-9.990E+02;8.61852e-16;6.94181e-16;-9.990E+02;1.30502e-15;1.05113e-15;-9.990E+02
02:38:23.352;-01:10:30.365;3.08E+20;0.8;-999/-999;159861.0;3.72044e-15;8.61986e-16;2.78605e-15;9.98481e-16;-9.990E+02;3.57454e-15;1.349e-15;-9.990E+02;3.00461e-15;1.52225e-15;-9.990E+02
02:38:41.122;-01:14:30.743;3.08E+20;0.8;-999/-999;159009.0;4.54211e-15;9.31501e-16;3.09589e-15;1.03146e-15;-9.990E+02;3.20819e-15;1.25287e-15;-9.990E+02;6.07498e-15;2.11573e-15;-9.990E+02
02:37:44.591;-01:21:18.149;3.06E+20;0.8;-999/-999;159458.0;2.35625e-15;7.50222e-16;6.34703e-16;5.19438e-16;-9.990E+02;3.01873e-15;1.34296e-15;-9.990E+02;3.20022e-15;1.71843e-15;-9.990E+02
02:38:34.444;-01:11:35.993;3.09E+20;0.722;+0.25/-0.19;153184.0;1.02501e-14;1.34753e-15;5.08277e-15;1.23354e-15;-9.990E+02;9.99824e-15;2.06308e-15;-9.990E+02;1.13665e-14;2.75855e-15;-9.990E+02
02:38:17.268;-01:10:09.440;3.08E+20;0.8;-999/-999;159568.0;2.81258e-15;7.78568e-16;1.26384e-15;6.99636e-16;-9.990E+02;2.88171e-15;1.26426e-15;-9.990E+02;3.81802e-15;1.80363e-15;-9.990E+02
02:38:43.968;-01:20:58.327;3.07E+20;0.8;-999/-999;160113.0;4.49461e-15;9.31166e-16;2.09457e-15;8.53906e-16;-9.990E+02;2.9864e-15;1.21749e-15;-9.990E+02;8.39285e-15;2.52055e-15;-9.990E+02
02:38:33.229;-01:24:28.122;3.07E+20;0.8;-999/-999;160013.0;3.91368e-15;8.89472e-16;1.31831e-15;6.91114e-16;-9.990E+02;5.63888e-15;1.72406e-15;-9.990E+02;3.79484e-15;1.72493e-15;-9.990E+02
02:37:58.148;-01:10:31.770;3.06E+20;0.8;-999/-999;152884.0;3.08286e-15;8.05794e-16;3.16353e-15;1.09027e-15;-9.990E+02;5.64165e-16;5.37469e-16;-9.990E+02;4.27127e-15;1.88445e-15;-9.990E+02
02:37:39.997;-01:15:26.318;3.06E+20;0.8;-999/-999;161494.0;4.28599e-15;9.03045e-16;2.73192e-15;9.89228e-16;-9.990E+02;4.60586e-15;1.55012e-15;-9.990E+02;3.75434e-15;1.71681e-15;-9.990E+02
02:37:44.661;-01:23:13.980;3.06E+20;0.632;+0.15/-0.12;159623.0;2.22827e-14;1.90044e-15;1.2943e-14;1.77427e-15;-9.990E+02;1.4921e-14;2.34999e-15;-9.990E+02;2.56015e-14;3.85823e-15;-9.990E+02
02:38:49.401;-01:19:19.871;3.07E+20;0.8;-999/-999;158571.0;7.25337e-15;1.13964e-15;1.58921e-15;7.3356e-16;-9.990E+02;1.04234e-14;2.21355e-15;-9.990E+02;8.92111e-15;2.54157e-15;-9.990E+02
02:37:40.685;-01:21:44.312;3.06E+20;0.8;-999/-999;160029.0;2.2201e-15;7.36329e-16;1.53287e-15;8.1683e-16;-9.990E+02;4.37094e-16;5.27147e-16;-9.990E+02;4.6362e-15;2.1006e-15;-9.990E+02
02:38:43.254;-01:12:33.356;3.08E+20;0.8;-999/-999;157679.0;2.73055e-15;8.06374e-16;3.54566e-15;1.23461e-15;-9.990E+02;1.55407e-15;9.68758e-16;-9.990E+02;5.88093e-16;7.33094e-16;-9.990E+02
02:37:39.614;-01:21:30.904;3.06E+20;0.8;-999/-999;160228.0;2.21732e-15;7.50222e-16;1.40488e-15;7.94626e-16;-9.990E+02;2.33853e-15;1.23226e-15;-9.990E+02;2.02352e-15;1.41819e-15;-9.990E+02
02:37:44.294;-01:11:57.817;3.06E+20;0.8;-999/-999;146139.0;3.00645e-15;8.3358e-16;8.09845e-16;5.75823e-16;-9.990E+02;1.54051e-15;9.62106e-16;-9.990E+02;7.58415e-15;2.62993e-15;-9.990E+02
02:38:09.328;-01:08:29.016;3.07E+20;0.8;-999/-999;147511.0;4.83233e-15;9.45064e-16;7.89488e-16;5.07599e-16;-9.990E+02;1.6881e-15;8.98519e-16;-9.990E+02;1.4484e-14;3.24987e-15;-9.990E+02
02:38:43.653;-01:23:52.934;3.07E+20;0.8;-999/-999;158698.0;2.49747e-15;7.78288e-16;2.80391e-16;3.45058e-16;-9.990E+02;2.79808e-15;1.32037e-15;-9.990E+02;4.84274e-15;2.15616e-15;-9.990E+02
02:37:58.792;-01:09:11.079;3.06E+20;0.8;-999/-999;143168.0;4.23042e-15;9.16938e-16;2.92153e-15;1.0264e-15;-9.990E+02;3.33516e-15;1.28138e-15;-9.990E+02;5.05071e-15;1.94051e-15;-9.990E+02
02:37:43.305;-01:24:11.366;3.06E+20;0.8;-999/-999;158980.0;3.55105e-15;8.75259e-16;1.34276e-15;7.29758e-16;-9.990E+02;2.87422e-15;1.25469e-15;-9.990E+02;6.52765e-15;2.34478e-15;-9.990E+02
02:37:33.744;-01:16:45.946;3.05E+20;0.8;-999/-999;154455.0;4.34726e-15;9.16674e-16;2.6002e-15;9.47839e-16;-9.990E+02;5.30647e-15;1.63394e-15;-9.990E+02;3.21418e-15;1.54699e-15;-9.990E+02
02:37:49.887;-01:26:03.864;3.06E+20;0.8;-999/-999;158676.0;2.3243e-15;7.78008e-16;1.96473e-15;9.48561e-16;-9.990E+02;1.75158e-15;1.08277e-15;-9.990E+02;2.12216e-15;1.45322e-15;-9.990E+02
02:37:49.585;-01:09:42.899;3.06E+20;0.8;-999/-999;137383.0;4.17624e-15;9.30831e-16;5.35655e-16;4.52325e-16;-9.990E+02;3.05646e-15;1.29064e-15;-9.990E+02;1.04141e-14;2.8892e-15;-9.990E+02
02:37:34.232;-01:20:33.705;3.05E+20;0.8;-999/-999;158403.0;2.41391e-15;7.63895e-16;1.96947e-15;9.28144e-16;-9.990E+02;5.62322e-16;6.02183e-16;-9.990E+02;4.25826e-15;2.00677e-15;-9.990E+02
02:37:32.490;-01:19:44.762;3.05E+20;0.8;-999/-999;154073.0;2.24585e-15;7.50006e-16;5.75883e-16;5.13807e-16;-9.990E+02;1.6439e-15;1.03674e-15;-9.990E+02;4.98001e-15;2.2213e-15;-9.990E+02
02:37:57.502;-01:27:30.753;3.06E+20;0.945;+0.26/-0.19;142161.0;9.10836e-15;1.18815e-15;5.45252e-15;1.29022e-15;-9.990E+02;1.24459e-14;2.29406e-15;-9.990E+02;9.17042e-15;2.37416e-15;-9.990E+02
02:38:48.276;-01:23:39.621;3.07E+20;0.8;-999/-999;157250.0;2.43354e-15;7.78288e-16;2.05686e-15;9.54776e-16;-9.990E+02;2.19895e-15;1.19114e-15;-9.990E+02;1.66563e-15;1.28831e-15;-9.990E+02
02:38:46.018;-01:24:14.590;3.07E+20;0.8;-999/-999;158139.0;2.88106e-15;8.19982e-16;3.58291e-15;1.22418e-15;-9.990E+02;1.70306e-15;1.00567e-15;-9.990E+02;8.59769e-16;8.95884e-16;-9.990E+02
02:37:32.906;-01:20:21.238;3.05E+20;0.299;+0.19/-0.16;153980.0;1.95996e-14;2.14951e-15;4.15643e-15;1.05255e-15;-9.990E+02;1.43084e-14;2.53084e-15;-9.990E+02;2.58886e-14;4.35432e-15;-9.990E+02
02:37:50.056;-01:26:39.633;3.06E+20;0.824;+0.20/-0.16;158549.0;1.22739e-14;1.3618e-15;7.93999e-15;1.44635e-15;-9.990E+02;1.21166e-14;2.13132e-15;-9.990E+02;1.30462e-14;2.71904e-15;-9.990E+02
02:37:31.554;-01:17:42.090;3.05E+20;0.8;-999/-999;150366.0;8.80979e-15;1.23612e-15;6.23001e-15;1.38661e-15;-9.990E+02;8.89394e-15;1.97952e-15;-9.990E+02;7.25521e-15;2.19866e-15;-9.990E+02
02:38:54.381;-01:15:04.321;3.08E+20;0.8;-999/-999;149759.0;2.49559e-15;8.06374e-16;6.40667e-16;5.50464e-16;-9.990E+02;2.28144e-15;1.22866e-15;-9.990E+02;4.83681e-15;2.21599e-15;-9.990E+02
02:38:18.326;-01:28:39.721;3.06E+20;0.8;-999/-999;151033.0;3.49687e-15;9.03045e-16;1.67508e-15;8.40781e-16;-9.990E+02;3.58432e-15;1.45686e-15;-9.990E+02;4.52462e-15;2.03322e-15;-9.990E+02
02:37:59.509;-01:28:08.831;3.06E+20;0.8;-999/-999;144039.0;4.45687e-15;1.0003e-15;1.09177e-15;6.82605e-16;-9.990E+02;5.18961e-15;1.79394e-15;-9.990E+02;7.07746e-15;2.56147e-15;-9.990E+02
02:37:30.036;-01:17:15.148;3.05E+20;0.8;-999/-999;143890.0;2.76808e-15;8.19451e-16;2.07094e-15;9.55068e-16;-9.990E+02;1.77309e-15;1.03638e-15;-9.990E+02;3.58071e-15;1.81704e-15;-9.990E+02
02:38:18.399;-01:28:58.826;3.06E+20;1.291;+0.18/-0.15;149689.0;1.36595e-14;1.12602e-15;1.91372e-14;2.36002e-15;-9.990E+02;2.09962e-14;2.8012e-15;-9.990E+02;1.19621e-14;2.45988e-15;-9.990E+02
02:38:33.431;-01:08:09.750;3.09E+20;-0.092;+0.19/-0.16;137450.0;2.74315e-14;2.99169e-15;3.45469e-15;9.88198e-16;-9.990E+02;1.36342e-14;2.71665e-15;-9.990E+02;4.26022e-14;6.16185e-15;-9.990E+02
02:38:43.351;-01:09:50.849;3.09E+20;0.8;-999/-999;144419.0;4.73428e-15;1.0431e-15;1.34413e-15;7.53961e-16;-9.990E+02;3.82775e-15;1.48659e-15;-9.990E+02;9.65978e-15;2.91734e-15;-9.990E+02
02:38:16.381;-01:28:59.282;3.06E+20;0.8;-999/-999;148140.0;4.42631e-15;9.7251e-16;3.97438e-15;1.22899e-15;-9.990E+02;3.23977e-15;1.32267e-15;-9.990E+02;3.67942e-15;1.77017e-15;-9.990E+02
02:37:29.210;-01:19:04.593;3.05E+20;0.8;-999/-999;143572.0;2.77502e-15;8.3334e-16;2.48901e-15;1.05479e-15;-9.990E+02;5.92218e-16;6.02183e-16;-9.990E+02;4.48734e-15;2.07307e-15;-9.990E+02
02:38:10.962;-01:29:26.391;3.06E+20;0.8;-999/-999;153195.0;7.68422e-15;1.1948e-15;4.7428e-15;1.26941e-15;-9.990E+02;4.92265e-15;1.53054e-15;-9.990E+02;1.2112e-14;2.97437e-15;-9.990E+02
02:37:44.125;-01:26:38.781;3.06E+20;0.8;-999/-999;158238.0;6.80618e-15;1.13923e-15;5.92539e-15;1.39789e-15;-9.990E+02;3.69822e-15;1.31342e-15;-9.990E+02;8.0046e-15;2.39437e-15;-9.990E+02
02:37:28.901;-01:15:14.233;3.05E+20;0.070;+0.28/-0.21;136429.0;1.22449e-14;1.93433e-15;9.80952e-16;5.27048e-16;-9.990E+02;8.7895e-15;2.11015e-15;-9.990E+02;1.77633e-14;3.8832e-15;-9.990E+02
02:37:29.867;-01:21:04.266;3.05E+20;0.8;-999/-999;140701.0;2.89586e-15;8.3334e-16;2.96916e-15;1.13481e-15;-9.990E+02;5.29935e-16;5.64457e-16;-9.990E+02;4.01462e-15;1.93293e-15;-9.990E+02
02:37:31.059;-01:13:30.330;3.05E+20;0.8;-999/-999;131489.0;7.11533e-15;1.18057e-15;6.38457e-15;1.5135e-15;-9.990E+02;6.83684e-15;1.8521e-15;-9.990E+02;3.45135e-15;1.63646e-15;-9.990E+02
02:37:37.527;-01:10:42.150;3.06E+20;0.8;-999/-999;113271.0;6.37133e-15;1.16701e-15;8.17329e-16;5.868e-16;-9.990E+02;5.8303e-15;1.88363e-15;-9.990E+02;1.4128e-14;3.577e-15;-9.990E+02
02:37:37.363;-01:25:26.632;3.06E+20;0.8;-999/-999;153612.0;3.74972e-15;9.03045e-16;1.4433e-15;7.40736e-16;-9.990E+02;4.80519e-15;1.62807e-15;-9.990E+02;4.15754e-15;1.86019e-15;-9.990E+02
02:38:35.196;-01:28:27.846;3.07E+20;0.711;+0.16/-0.13;150700.0;2.46727e-14;2.2389e-15;1.04796e-14;1.81776e-15;-9.990E+02;2.60637e-14;3.5856e-15;-9.990E+02;2.75243e-14;4.45939e-15;-9.990E+02
02:39:00.799;-01:20:38.816;3.06E+20;0.037;+0.27/-0.20;140136.0;1.70191e-14;2.42187e-15;3.26946e-15;1.06351e-15;-9.990E+02;8.28463e-15;2.3035e-15;-9.990E+02;2.50105e-14;5.17331e-15;-9.990E+02
02:37:41.565;-01:26:56.234;3.06E+20;0.8;-999/-999;151847.0;2.92448e-15;8.61366e-16;1.31257e-15;7.63439e-16;-9.990E+02;1.8726e-15;1.08918e-15;-9.990E+02;5.6706e-15;2.3437e-15;-9.990E+02
02:38:55.950;-01:23:51.279;3.06E+20;0.8;-999/-999;145399.0;6.67142e-15;1.20869e-15;1.84323e-15;8.32049e-16;-9.990E+02;7.2327e-15;1.98686e-15;-9.990E+02;1.09531e-14;3.00887e-15;-9.990E+02
02:37:35.876;-01:25:41.019;3.05E+20;0.8;-999/-999;140790.0;3.25003e-15;9.16674e-16;2.12129e-15;9.99693e-16;-9.990E+02;7.56999e-16;7.13579e-16;-9.990E+02;6.88329e-15;2.65683e-15;-9.990E+02
01:10:24.605;-00:15:43.088;3.09E+20;0.8;-999/-999;14843.8;3.26977e-14;6.2586e-15;2.76577e-14;7.68965e-15;-9.990E+02;2.95431e-14;9.61389e-15;-9.990E+02;2.23652e-14;1.01072e-14;-9.990E+02
01:10:31.731;-00:16:13.279;3.08E+20;0.8;-999/-999;15610.1;1.75039e-14;4.72702e-15;1.1439e-14;5.09735e-15;-9.990E+02;1.62991e-14;7.26301e-15;-9.990E+02;1.85052e-14;9.7728e-15;-9.990E+02
01:10:15.056;-00:10:36.576;3.08E+20;0.8;-999/-999;15400.4;1.51265e-14;4.44896e-15;1.01922e-14;4.97741e-15;-9.990E+02;1.45225e-14;7.09212e-15;-9.990E+02;1.46565e-14;8.78635e-15;-9.990E+02
01:10:25.051;-00:23:30.738;3.11E+20;0.8;-999/-999;17399.2;1.70344e-14;4.45344e-15;1.533e-14;5.70275e-15;-9.990E+02;1.30814e-14;6.35728e-15;-9.990E+02;1.31964e-14;7.62784e-15;-9.990E+02
01:10:25.549;-00:24:00.419;3.12E+20;0.8;-999/-999;17363.1;8.74719e-15;3.4805e-15;3.14804e-15;2.87985e-15;-9.990E+02;8.95131e-15;5.77756e-15;-9.990E+02;1.35471e-14;8.74388e-15;-9.990E+02
01:10:49.557;-00:11:02.270;3.06E+20;0.8;-999/-999;16191.5;2.63133e-14;5.83506e-15;3.15106e-15;2.65707e-15;-9.990E+02;2.69696e-14;9.47512e-15;-9.990E+02;5.4442e-14;1.65806e-14;-9.990E+02
01:10:29.323;-00:25:18.102;3.20E+20;0.8;-999/-999;14591.6;2.05616e-14;5.16483e-15;5.30335e-15;3.45487e-15;-9.990E+02;7.49804e-15;4.8846e-15;-9.990E+02;5.67186e-14;1.6622e-14;-9.990E+02
01:10:39.987;-00:24:34.205;3.10E+20;0.8;-999/-999;13089.4;6.94904e-14;8.90368e-15;5.43565e-14;1.10515e-14;-9.990E+02;6.96195e-14;1.50421e-14;-9.990E+02;4.68281e-14;1.51799e-14;-9.990E+02
01:10:12.078;-00:07:58.087;3.07E+20;0.131;+0.22/-0.17;15236.2;1.13711e-13;1.39913e-14;4.56669e-15;2.80896e-15;-9.990E+02;9.60385e-14;1.72377e-14;-9.990E+02;1.60728e-13;2.88487e-14;-9.990E+02
01:10:17.822;-00:25:52.783;3.23E+20;0.8;-999/-999;14986.8;1.27056e-14;4.1919e-15;1.72364e-14;6.63521e-15;-9.990E+02;8.11045e-15;5.3499e-15;-9.990E+02;2.35294e-14;-1.61589e-11;8.09294e-14
01:10:35.830;-00:07:46.654;3.05E+20;0.8;-999/-999;15752.1;2.4778e-14;5.69449e-15;1.66807e-14;6.38707e-15;-9.990E+02;3.17498e-14;1.04243e-14;-9.990E+02;1.20201e-14;7.89125e-15;-9.990E+02
01:10:59.887;-00:12:41.118;3.05E+20;0.8;-999/-999;14863.9;1.45834e-14;4.58337e-15;2.90933e-15;2.78717e-15;-9.990E+02;8.30315e-15;5.4951e-15;-9.990E+02;3.77422e-14;1.46344e-14;-9.990E+02
01:11:04.812;-00:16:28.990;3.06E+20;0.8;-999/-999;11039.2;2.7272e-14;6.25185e-15;5.44138e-15;-1.12171e-11;4.62804e-14;1.99682e-14;8.42866e-15;-9.990E+02;7.56259e-14;2.04238e-14;-9.990E+02
01:09:38.710;-00:17:32.636;3.30E+20;0.8;-999/-999;11220.5;2.65974e-14;6.44276e-15;6.89201e-15;4.40153e-15;-9.990E+02;1.93686e-14;-1.64023e-11;6.38601e-14;8.77866e-14;2.28741e-14;-9.990E+02
01:09:38.298;-00:14:56.717;3.13E+20;0.8;-999/-999;10986.0;5.68042e-14;8.91264e-15;3.07016e-14;8.69628e-15;-9.990E+02;5.81027e-14;1.42496e-14;-9.990E+02;6.59846e-14;1.86903e-14;-9.990E+02
20:40:09.208;-00:52:15.269;5.93E+20;1.670;+0.02/-0.02;36690.1;2.11673e-12;1.9533e-14;6.35713e-12;7.81428e-14;-9.990E+02;3.83826e-12;5.90137e-14;-9.990E+02;1.57979e-12;4.35649e-14;-9.990E+02
20:40:20.665;-00:56:02.141;5.90E+20;-0.002;+0.26/-0.20;36669.7;2.05104e-14;4.653e-15;1.14945e-14;-4.88951e-12;1.18836e-14;5.70081e-15;3.14126e-15;-9.990E+02;4.70335e-14;1.15247e-14;-9.990E+02
20:40:25.962;-00:55:14.336;5.85E+20;0.8;-999/-999;37723.8;1.13852e-14;2.8785e-15;3.2859e-15;2.15909e-15;-9.990E+02;1.38261e-14;4.99254e-15;-9.990E+02;1.45314e-14;5.87971e-15;-9.990E+02
20:40:04.115;-00:47:19.133;5.89E+20;0.8;-999/-999;36440.4;7.39846e-15;2.42672e-15;1.04742e-14;4.12339e-15;-9.990E+02;1.79549e-15;1.86101e-15;-9.990E+02;5.28337e-15;3.81174e-15;-9.990E+02
20:40:24.658;-00:56:53.059;5.88E+20;0.8;-999/-999;35794.0;1.51266e-14;3.33586e-15;1.64731e-14;4.88398e-15;-9.990E+02;5.64941e-15;3.07129e-15;-9.990E+02;1.66165e-14;6.57296e-15;-9.990E+02
20:40:07.727;-00:57:54.664;6.03E+20;0.8;-999/-999;37902.3;1.78917e-14;3.50221e-15;7.28316e-15;3.18774e-15;-9.990E+02;1.9065e-14;5.57828e-15;-9.990E+02;2.29134e-14;7.53852e-15;-9.990E+02
20:39:55.830;-00:56:36.062;6.10E+20;0.8;-999/-999;36326.1;9.0352e-15;2.74626e-15;3.9504e-15;2.61492e-15;-9.990E+02;6.24348e-15;3.5424e-15;-9.990E+02;1.60374e-14;6.82441e-15;-9.990E+02
20:39:45.425;-00:52:56.576;6.12E+20;0.8;-999/-999;37585.4;7.91389e-15;2.59522e-15;5.38669e-15;3.13912e-15;-9.990E+02;6.37788e-15;3.71674e-15;-9.990E+02;9.35954e-15;5.45431e-15;-9.990E+02
20:40:36.641;-00:48:39.434;5.70E+20;0.8;-999/-999;38119.0;7.74162e-15;2.4136e-15;6.21566e-15;3.0276e-15;-9.990E+02;1.88478e-15;1.88515e-15;-9.990E+02;1.38892e-14;6.1327e-15;-9.990E+02
20:40:38.758;-00:48:05.253;5.69E+20;0.8;-999/-999;39138.9;8.08945e-15;2.56377e-15;4.42631e-15;2.67454e-15;-9.990E+02;1.07449e-14;4.49477e-15;-9.990E+02;5.27847e-15;4.0487e-15;-9.990E+02
20:39:45.264;-00:48:25.290;6.05E+20;0.8;-999/-999;37901.4;7.16092e-15;2.43776e-15;4.86115e-15;2.80532e-15;-9.990E+02;1.92577e-15;1.97555e-15;-9.990E+02;1.41407e-14;6.40689e-15;-9.990E+02
20:40:30.711;-00:58:07.660;5.85E+20;0.8;-999/-999;35486.5;8.86123e-15;2.727e-15;1.02279e-14;4.25576e-15;-9.990E+02;3.07426e-15;2.49848e-15;-9.990E+02;9.04696e-15;5.31556e-15;-9.990E+02
20:39:48.288;-00:46:58.149;6.01E+20;0.8;-999/-999;39314.6;6.15761e-15;2.28285e-15;9.73278e-15;4.21981e-15;-9.990E+02;1.6569e-15;1.88507e-15;-9.990E+02;2.43422e-15;2.76944e-15;-9.990E+02
20:40:41.455;-00:48:18.096;5.68E+20;0.8;-999/-999;37425.2;7.41638e-15;2.56309e-15;3.43156e-15;2.56989e-15;-9.990E+02;6.94686e-15;4.01317e-15;-9.990E+02;1.02406e-14;5.91597e-15;-9.990E+02
20:39:38.560;-00:52:11.945;6.17E+20;0.8;-999/-999;39343.6;8.20453e-15;2.59879e-15;3.35634e-15;2.43734e-15;-9.990E+02;3.96259e-15;2.87759e-15;-9.990E+02;1.74421e-14;7.29101e-15;-9.990E+02
20:40:45.739;-00:50:37.034;5.70E+20;0.8;-999/-999;38607.2;1.22747e-14;3.017e-15;7.24505e-15;3.21834e-15;-9.990E+02;1.05477e-14;4.35938e-15;-9.990E+02;1.55456e-14;6.42499e-15;-9.990E+02
20:39:42.933;-00:46:53.068;6.05E+20;0.8;-999/-999;37480.7;7.69418e-15;2.59012e-15;7.83306e-15;3.65129e-15;-9.990E+02;1.86234e-15;1.95306e-15;-9.990E+02;1.09399e-14;5.66493e-15;-9.990E+02
20:40:04.110;-01:01:00.558;6.11E+20;0.8;-999/-999;38346.1;1.12519e-14;2.89959e-15;1.14823e-14;-5.91246e-12;1.01116e-14;1.45107e-14;5.14073e-15;-9.990E+02;1.86375e-14;7.20368e-15;-9.990E+02
20:39:49.763;-00:59:20.377;6.19E+20;0.8;-999/-999;39118.5;1.48325e-14;3.36512e-15;1.62003e-14;5.0524e-15;-9.990E+02;9.55243e-15;4.06329e-15;-9.990E+02;1.05034e-14;5.16393e-15;-9.990E+02
20:40:43.510;-00:45:49.979;5.65E+20;0.449;+0.19/-0.15;27319.4;8.77491e-14;8.93846e-15;5.08279e-15;2.63341e-15;-9.990E+02;9.73315e-14;1.32023e-14;-9.990E+02;1.08694e-13;1.7833e-14;-9.990E+02
20:39:33.074;-00:51:26.534;6.20E+20;0.8;-999/-999;38078.5;8.11665e-15;2.754e-15;5.5418e-15;3.29123e-15;-9.990E+02;2.17742e-15;2.24429e-15;-9.990E+02;1.59639e-14;7.31295e-15;-9.990E+02
20:40:21.693;-01:01:49.450;5.99E+20;0.8;-999/-999;38234.9;1.29863e-14;3.1941e-15;5.65051e-15;3.02761e-15;-9.990E+02;1.34878e-14;5.15928e-15;-9.990E+02;1.65109e-14;6.82315e-15;-9.990E+02
20:39:32.759;-00:53:13.896;6.23E+20;0.8;-999/-999;39081.0;8.19552e-15;2.60321e-15;1.30728e-14;4.67381e-15;-9.990E+02;8.47794e-15;-6.2753e-12;1.45204e-14;6.44117e-15;4.22116e-15;-9.990E+02
20:39:49.271;-01:01:03.049;6.22E+20;0.8;-999/-999;28441.3;2.80289e-14;4.74548e-15;2.30011e-14;6.19285e-15;-9.990E+02;4.51184e-15;2.86378e-15;-9.990E+02;5.2926e-14;1.22158e-14;-9.990E+02
20:40:47.493;-00:58:54.739;5.80E+20;1.131;+0.27/-0.20;27139.8;3.85461e-14;4.68958e-15;3.37339e-14;7.33202e-15;-9.990E+02;5.7608e-14;1.00242e-14;-9.990E+02;3.6052e-14;9.55678e-15;-9.990E+02
20:40:27.403;-01:02:41.257;5.96E+20;0.8;-999/-999;35978.0;8.49816e-15;2.88743e-15;1.3408e-14;5.20719e-15;-9.990E+02;2.28918e-15;2.30723e-15;-9.990E+02;3.36488e-15;3.39141e-15;-9.990E+02
22:37:36.154;-01:04:20.622;4.29E+20;0.8;-999/-999;6405.2;3.29589e-14;1.0268e-14;1.24698e-14;8.7428e-15;-9.990E+02;3.29252e-14;1.6412e-14;-9.990E+02;4.92337e-14;2.45412e-14;-9.990E+02
22:37:40.555;-00:58:04.451;4.36E+20;0.8;-999/-999;6477.7;2.39714e-14;8.98566e-15;9.10207e-15;-1.70378e-11;7.51216e-14;2.99016e-14;1.58654e-14;-9.990E+02;4.46796e-14;2.37063e-14;-9.990E+02
22:37:04.954;-01:05:47.758;4.30E+20;0.8;-999/-999;5824.4;3.78865e-14;1.12835e-14;2.04887e-14;1.11727e-14;-9.990E+02;4.05289e-14;1.79888e-14;-9.990E+02;4.04088e-14;2.20353e-14;-9.990E+02
01:52:13.587;+00:20:02.354;2.93E+20;0.8;-999/-999;4368.4;3.837e-14;1.30021e-14;4.89574e-14;2.0487e-14;-9.990E+02;1.40877e-14;1.29682e-14;-9.990E+02;2.13628e-14;1.96652e-14;-9.990E+02
01:52:16.056;+00:05:52.713;3.00E+20;0.8;-999/-999;3369.6;6.71482e-14;1.80245e-14;8.59008e-14;-3.22594e-11;1.58888e-13;3.44521e-14;2.08079e-14;-9.990E+02;2.08855e-13;6.30607e-14;-9.990E+02
01:52:39.141;+00:09:32.866;3.00E+20;0.8;-999/-999;1720.3;1.71787e-13;3.0503e-14;2.30683e-13;4.78054e-14;-9.990E+02;1.10157e-13;3.91259e-14;-9.990E+02;5.34075e-13;-1.18468e-10;1.10168e-12
21:32:12.212;+00:13:21.103;3.64E+20;0.8;-999/-999;1761.3;1.13e-12;1.00564e-13;1.52539e-12;1.57571e-13;-9.990E+02;6.35461e-13;1.191e-13;-9.990E+02;1.91314e-13;8.15215e-14;-9.990E+02
21:32:04.548;+00:23:06.938;3.71E+20;0.8;-999/-999;1485.0;7.41793e-14;2.98137e-14;1.00418e-13;-5.49928e-11;2.26314e-13;1.40539e-13;6.61084e-14;-9.990E+02;7.04691e-14;5.7789e-14;-9.990E+02
02:00:23.703;+00:05:43.605;2.30E+20;0.8;-999/-999;841.4;1.02152e-13;5.0061e-14;5.91612e-14;5.05081e-14;-9.990E+02;1.77499e-13;1.07374e-13;-9.990E+02;0;-1.98985e-10;8.95864e-13
22:38:43.936;+01:08:20.720;5.46E+20;0.951;+0.28/-0.21;3975.2;2.09704e-13;2.78544e-14;1.8107e-13;3.96795e-14;-9.990E+02;2.12415e-13;4.65482e-14;-9.990E+02;2.11009e-13;5.62553e-14;-9.990E+02
22:38:51.675;+01:13:34.292;5.49E+20;0.8;-999/-999;3805.9;3.55058e-14;1.37945e-14;2.82679e-14;1.73109e-14;-9.990E+02;5.20583e-14;2.59266e-14;-9.990E+02;3.29584e-14;-4.97325e-11;1.6931e-13
03:38:03.833;+01:19:06.430;7.29E+20;0.8;-999/-999;9545.5;8.77294e-14;1.38653e-14;6.26344e-14;1.73223e-14;-9.990E+02;9.03065e-14;2.16803e-14;-9.990E+02;7.04876e-14;2.30781e-14;-9.990E+02
03:37:55.768;+01:16:57.857;7.27E+20;0.8;-999/-999;9897.7;1.84567e-14;7.24408e-15;4.93734e-15;5.42602e-15;-9.990E+02;1.90111e-14;-1.71927e-11;3.61364e-14;5.56728e-14;2.32947e-14;-9.990E+02
03:38:11.754;+01:24:12.618;7.38E+20;0.8;-999/-999;9905.5;2.40369e-14;7.8965e-15;2.86937e-14;1.25374e-14;-9.990E+02;1.9006e-14;1.08574e-14;-9.990E+02;9.17723e-15;8.94386e-15;-9.990E+02
03:37:57.702;+01:24:36.103;7.43E+20;0.8;-999/-999;9916.4;1.51656e-13;1.89768e-14;1.50316e-13;2.72496e-14;-9.990E+02;1.58233e-13;2.99896e-14;-9.990E+02;5.20497e-14;2.04671e-14;-9.990E+02
03:37:37.235;+01:18:40.937;7.36E+20;0.8;-999/-999;8639.5;2.57296e-14;8.36605e-15;1.84167e-14;1.04255e-14;-9.990E+02;3.05229e-14;1.42146e-14;-9.990E+02;1.47395e-14;1.17167e-14;-9.990E+02
03:38:41.527;+01:13:06.534;7.08E+20;0.8;-999/-999;9911.6;1.72516e-14;7.20774e-15;1.83123e-14;1.08749e-14;-9.990E+02;2.05443e-14;1.22004e-14;-9.990E+02;9.94853e-15;-2.49256e-11;6.56364e-14
03:38:46.948;+01:18:53.996;7.18E+20;0.8;-999/-999;9872.7;3.72351e-14;9.89793e-15;7.9395e-15;6.67655e-15;-9.990E+02;4.42917e-14;1.68196e-14;-9.990E+02;5.14436e-14;2.16256e-14;-9.990E+02
03:37:33.199;+01:11:38.135;7.00E+20;0.8;-999/-999;9461.0;2.76914e-14;9.53796e-15;3.51842e-14;1.56128e-14;-9.990E+02;1.3211e-14;1.00108e-14;-9.990E+02;1.92115e-14;1.45577e-14;-9.990E+02
23:20:04.298;-00:01:33.715;3.83E+20;0.8;-999/-999;9619.0;1.91832e-14;6.69844e-15;2.03517e-14;9.43136e-15;-9.990E+02;6.9078e-15;6.40489e-15;-9.990E+02;2.07615e-14;1.35568e-14;-9.990E+02
23:20:03.298;+00:03:17.806;3.86E+20;0.8;-999/-999;9658.3;1.9416e-14;6.70502e-15;2.88396e-14;1.11594e-14;-9.990E+02;9.77764e-15;7.74018e-15;-9.990E+02;2.09893e-14;-2.53394e-11;9.68779e-14
23:19:49.648;+00:03:57.824;3.84E+20;0.8;-999/-999;9619.8;3.38033e-14;8.5542e-15;1.04575e-14;6.56406e-15;-9.990E+02;7.09538e-15;6.32298e-15;-9.990E+02;9.59569e-14;2.80639e-14;-9.990E+02
23:19:36.672;+00:00:04.748;3.80E+20;0.8;-999/-999;9566.6;5.2225e-14;1.03937e-14;2.82362e-14;1.01466e-14;-9.990E+02;5.4869e-14;1.66007e-14;-9.990E+02;5.77436e-14;2.07499e-14;-9.990E+02
23:19:44.694;+00:06:38.668;3.85E+20;0.8;-999/-999;9590.6;1.61007e-14;6.41745e-15;8.54238e-15;6.32798e-15;-9.990E+02;5.79192e-15;6.18715e-15;-9.990E+02;3.48214e-14;1.82904e-14;-9.990E+02
23:19:39.637;-00:07:36.216;3.74E+20;0.8;-999/-999;9287.0;1.78916e-14;7.1055e-15;1.10286e-14;7.60545e-15;-9.990E+02;3.01238e-14;1.47946e-14;-9.990E+02;3.88411e-14;-2.69535e-11;1.49742e-13
22:34:29.912;-01:08:59.698;4.49E+20;0.8;-999/-999;3369.8;3.98725e-14;1.74624e-14;5.0734e-14;2.72636e-14;-9.990E+02;3.30651e-14;2.56723e-14;-9.990E+02;0;-6.4776e-11;1.63047e-13
03:01:40.753;+01:15:49.279;6.56E+20;0.8;-999/-999;1295.0;1.55138e-13;4.48108e-14;4.60701e-14;3.4665e-14;-9.990E+02;2.12923e-13;8.25868e-14;-9.990E+02;1.55503e-13;8.40658e-14;-9.990E+02
03:01:44.294;+01:15:33.002;6.56E+20;0.8;-999/-999;1697.4;2.93588e-13;5.87176e-14;2.15412e-13;7.18038e-14;-9.990E+02;2.90204e-13;9.12314e-14;-9.990E+02;2.42278e-13;1.00976e-13;-9.990E+02
03:01:23.516;+01:18:31.595;6.58E+20;0.8;-999/-999;1627.0;1.56156e-13;4.32908e-14;6.50156e-14;4.05342e-14;-9.990E+02;7.49973e-14;4.67573e-14;-9.990E+02;3.28524e-13;1.17621e-13;-9.990E+02
03:01:10.550;+01:13:21.098;6.56E+20;0.8;-999/-999;1688.0;8.9807e-14;3.55396e-14;3.1115e-14;2.99102e-14;-9.990E+02;1.07853e-13;6.09569e-14;-9.990E+02;1.05042e-13;7.12201e-14;-9.990E+02
03:01:46.479;+01:09:35.308;6.59E+20;0.8;-999/-999;1692.1;6.87265e-14;3.093e-14;1.43061e-13;6.4384e-14;-9.990E+02;8.24673e-14;-7.41538e-11;3.62307e-13;8.03303e-14;-1.083e-10;5.29139e-13
02:00:23.703;+00:05:43.605;2.30E+20;0.8;-999/-999;841.4;1.02152e-13;5.0061e-14;5.91612e-14;5.05081e-14;-9.990E+02;1.77499e-13;1.07374e-13;-9.990E+02;0;-1.98985e-10;8.95864e-13
01:10:51.253;-01:16:41.571;4.94E+20;0.8;-999/-999;4045.0;4.79473e-14;1.62283e-14;1.55403e-14;1.31477e-14;-9.990E+02;5.91451e-14;2.89138e-14;-9.990E+02;5.85502e-14;3.63411e-14;-9.990E+02
01:10:32.648;-01:19:17.494;4.98E+20;0.8;-999/-999;3521.0;5.05134e-14;1.7724e-14;2.45984e-14;1.76446e-14;-9.990E+02;6.22696e-14;-4.36616e-11;2.05636e-13;1.38679e-13;5.76884e-14;-9.990E+02
01:10:46.830;-01:18:47.183;4.96E+20;0.8;-999/-999;3585.2;5.7808e-14;1.91906e-14;2.25034e-14;1.65393e-14;-9.990E+02;2.85168e-14;2.09589e-14;-9.990E+02;1.27053e-13;5.35514e-14;-9.990E+02
01:10:14.003;-01:18:49.465;4.98E+20;0.8;-999/-999;3629.1;7.25502e-14;2.0678e-14;2.82665e-14;-4.02492e-11;2.33469e-13;8.94352e-14;3.48819e-14;-9.990E+02;1.32786e-13;5.17898e-14;-9.990E+02
00:04:47.523;-00:25:03.225;2.97E+20;0.8;-999/-999;3796.9;3.87967e-14;1.52361e-14;3.46878e-14;1.99876e-14;-9.990E+02;2.48928e-14;2.00785e-14;-9.990E+02;3.77319e-14;3.04345e-14;-9.990E+02
00:05:33.568;-00:27:56.900;3.02E+20;0.8;-999/-999;3759.7;4.56488e-14;1.665e-14;4.08896e-14;-2.98215e-11;1.35179e-13;5.84886e-14;3.08346e-14;-9.990E+02;8.861e-14;4.67143e-14;-9.990E+02
02:42:25.264;+00:58:20.706;3.16E+20;0.8;-999/-999;15238.5;2.01726e-14;5.29758e-15;9.92567e-15;4.98546e-15;-9.990E+02;1.87558e-14;8.24284e-15;-9.990E+02;2.83734e-14;1.24696e-14;-9.990E+02
02:42:40.331;+00:57:26.002;3.18E+20;1.005;+0.08/-0.07;15192.9;4.24853e-13;1.86288e-14;3.78196e-13;2.56272e-14;-9.990E+02;4.83963e-13;3.42416e-14;-9.990E+02;4.19485e-13;3.8457e-14;-9.990E+02
02:42:38.886;+01:02:29.122;3.27E+20;0.8;-999/-999;11787.8;2.05403e-14;5.45688e-15;1.86055e-14;7.12983e-15;-9.990E+02;8.72806e-15;5.82703e-15;-9.990E+02;2.63728e-14;1.22239e-14;-9.990E+02
02:42:14.497;+00:55:03.700;3.15E+20;0.8;-999/-999;14262.9;1.11335e-14;4.32016e-15;3.34374e-15;3.17793e-15;-9.990E+02;1.42279e-14;7.88892e-15;-9.990E+02;1.43508e-14;9.54746e-15;-9.990E+02
02:42:54.681;+00:54:55.466;3.19E+20;0.8;-999/-999;12478.1;1.9523e-14;5.44245e-15;2.35056e-14;8.0032e-15;-9.990E+02;1.10868e-14;6.55585e-15;-9.990E+02;8.38363e-15;6.90638e-15;-9.990E+02
02:42:01.695;+00:54:09.078;3.13E+20;0.8;-999/-999;13977.0;1.9385e-14;5.5704e-15;1.2692e-14;6.13029e-15;-9.990E+02;2.25393e-14;9.69685e-15;-9.990E+02;1.3639e-14;9.28313e-15;-9.990E+02
02:42:21.518;+00:49:12.351;3.16E+20;0.8;-999/-999;14717.9;1.61019e-14;5.29758e-15;8.29402e-15;5.13128e-15;-9.990E+02;1.17566e-14;7.27351e-15;-9.990E+02;2.66806e-14;1.36557e-14;-9.990E+02
02:42:27.613;+00:48:38.040;3.16E+20;0.8;-999/-999;14948.7;1.42477e-14;5.01876e-15;3.67059e-15;3.41415e-15;-9.990E+02;1.04096e-14;6.77816e-15;-9.990E+02;3.14948e-14;1.46476e-14;-9.990E+02
02:41:47.089;+00:58:59.498;3.12E+20;0.8;-999/-999;14753.8;1.63305e-14;5.42958e-15;1.96026e-14;7.99792e-15;-9.990E+02;6.96371e-15;5.55672e-15;-9.990E+02;1.0539e-14;8.40965e-15;-9.990E+02
02:42:35.454;+00:46:02.983;3.17E+20;0.8;-999/-999;14785.8;3.45139e-14;7.66975e-15;1.7295e-14;7.35175e-15;-9.990E+02;3.92051e-14;1.30696e-14;-9.990E+02;3.70591e-14;1.57531e-14;-9.990E+02
02:42:07.570;+00:47:30.681;3.14E+20;0.8;-999/-999;14331.5;3.2905e-14;7.80136e-15;2.69606e-14;9.49395e-15;-9.990E+02;2.29516e-14;1.03642e-14;-9.990E+02;3.47288e-14;1.56824e-14;-9.990E+02
02:42:08.447;+00:47:08.197;3.14E+20;0.8;-999/-999;14203.7;2.22339e-14;6.54757e-15;3.00483e-14;1.03224e-14;-9.990E+02;1.55089e-14;-1.67273e-11;9.39154e-14;2.15101e-14;1.26688e-14;-9.990E+02
02:41:38.103;+00:56:17.688;3.11E+20;0.8;-999/-999;9718.0;3.92599e-14;9.18522e-15;2.64976e-14;9.91782e-15;-9.990E+02;6.27892e-14;1.81637e-14;-9.990E+02;3.80206e-14;-3.55409e-11;1.25603e-13
02:43:02.708;+00:46:24.743;3.19E+20;1.342;+0.12/-0.10;8430.1;3.23404e-13;1.81317e-14;2.51259e-13;3.05195e-14;-9.990E+02;8.1837e-13;5.86148e-14;-9.990E+02;2.76245e-13;3.95426e-14;-9.990E+02
02:41:56.738;+00:46:14.563;3.13E+20;0.8;-999/-999;14157.9;1.97331e-14;6.963e-15;8.20214e-15;-1.2529e-11;3.90542e-14;8.41083e-15;7.27442e-15;-9.990E+02;6.36665e-14;2.42968e-14;-9.990E+02
02:41:58.821;+00:43:58.137;3.13E+20;0.8;-999/-999;14004.6;2.39109e-14;8.3556e-15;9.93788e-15;-1.50348e-11;7.11856e-14;1.52898e-14;1.08475e-14;-9.990E+02;6.93809e-14;2.80003e-14;-9.990E+02
02:41:50.098;+00:43:38.096;3.09E+20;0.8;-999/-999;9010.4;7.16262e-14;1.66896e-14;7.72716e-14;2.25063e-14;-9.990E+02;3.66752e-14;1.83127e-14;-9.990E+02;5.55222e-14;2.77233e-14;-9.990E+02
00:07:10.035;+00:53:28.620;2.96E+20;0.8;-999/-999;1029.3;2.59059e-13;6.09224e-14;1.85215e-13;6.90748e-14;-9.990E+02;2.65965e-13;9.91901e-14;-9.990E+02;2.01671e-13;1.0698e-13;-9.990E+02
02:42:40.740;-00:00:46.739;2.92E+20;1.818;+0.01/-0.01;37614.1;3.14125e-12;1.94743e-14;1.34782e-11;1.03216e-13;-9.990E+02;5.31864e-12;6.7284e-14;-9.990E+02;2.20711e-12;4.99434e-14;-9.990E+02
02:43:04.734;+00:00:03.614;2.93E+20;0.396;+0.27/-0.20;39860.7;3.2994e-14;4.79778e-15;9.55571e-15;2.93397e-15;-9.990E+02;2.41304e-14;5.95384e-15;-9.990E+02;4.18795e-14;9.64486e-15;-9.990E+02
02:42:47.603;+00:05:01.094;2.93E+20;0.8;-999/-999;38321.3;7.16359e-15;2.21312e-15;4.56969e-15;2.25841e-15;-9.990E+02;9.20105e-15;4.06211e-15;-9.990E+02;3.98855e-15;3.2028e-15;-9.990E+02
02:43:08.153;-00:01:26.601;2.94E+20;0.8;-999/-999;39691.4;1.38923e-14;2.90577e-15;8.27378e-15;2.98865e-15;-9.990E+02;1.01976e-14;4.06979e-15;-9.990E+02;2.06141e-14;7.2001e-15;-9.990E+02
02:43:00.121;-00:03:57.914;2.93E+20;0.8;-999/-999;38077.3;1.5644e-14;3.18136e-15;1.07474e-14;3.49519e-15;-9.990E+02;1.7009e-14;5.23845e-15;-9.990E+02;1.17269e-14;5.40537e-15;-9.990E+02
02:42:28.011;+00:04:06.991;2.91E+20;0.8;-999/-999;38254.6;7.91309e-15;2.34974e-15;2.56731e-15;1.84472e-15;-9.990E+02;3.69878e-15;2.65772e-15;-9.990E+02;1.96321e-14;7.32904e-15;-9.990E+02
02:42:52.047;-00:06:13.142;2.92E+20;0.8;-999/-999;38384.1;1.03108e-14;2.62713e-15;5.25705e-15;2.42565e-15;-9.990E+02;9.46297e-15;3.9586e-15;-9.990E+02;1.43512e-14;6.00346e-15;-9.990E+02
02:42:44.404;-00:06:34.329;2.92E+20;1.990;+0.17/-0.15;38245.4;3.57438e-14;2.11332e-15;1.80005e-13;1.35833e-14;-9.990E+02;9.84704e-14;1.05403e-14;-9.990E+02;2.3441e-14;5.28758e-15;-9.990E+02
02:42:50.983;+00:10:11.554;2.94E+20;0.8;-999/-999;28590.7;2.31908e-14;3.73599e-15;1.46219e-14;3.94284e-15;-9.990E+02;2.45254e-14;6.10646e-15;-9.990E+02;2.125e-14;6.94681e-15;-9.990E+02
02:42:14.028;-00:01:38.162;2.88E+20;0.8;-999/-999;33994.7;1.3605e-14;3.17584e-15;6.92631e-15;2.99689e-15;-9.990E+02;7.5014e-15;3.84305e-15;-9.990E+02;2.65501e-14;8.75125e-15;-9.990E+02
02:42:11.821;+00:01:50.999;2.87E+20;0.8;-999/-999;37287.7;2.116e-14;3.72681e-15;1.8855e-14;4.67626e-15;-9.990E+02;1.55587e-14;5.01103e-15;-9.990E+02;1.77073e-14;6.61193e-15;-9.990E+02
02:42:20.422;-00:05:02.357;2.89E+20;0.8;-999/-999;32681.7;1.03114e-14;2.90073e-15;2.04256e-15;1.75446e-15;-9.990E+02;1.17862e-14;5.06189e-15;-9.990E+02;1.788e-14;7.67904e-15;-9.990E+02
02:42:47.908;-00:08:43.925;2.90E+20;0.8;-999/-999;38036.7;8.3516e-15;2.48724e-15;1.48942e-15;1.39898e-15;-9.990E+02;1.28821e-14;4.92049e-15;-9.990E+02;9.77008e-15;5.22292e-15;-9.990E+02
02:43:30.785;-00:01:03.745;2.97E+20;0.8;-999/-999;27391.6;1.03412e-14;2.7702e-15;6.93756e-15;3.09713e-15;-9.990E+02;1.32766e-14;5.1094e-15;-9.990E+02;5.02948e-15;3.70528e-15;-9.990E+02
02:42:11.269;-00:01:37.252;2.88E+20;0.8;-999/-999;33347.3;1.28193e-14;3.17584e-15;1.14192e-14;4.0426e-15;-9.990E+02;1.41291e-14;5.36677e-15;-9.990E+02;3.57271e-15;3.3286e-15;-9.990E+02
02:43:25.522;-00:04:13.875;2.97E+20;0.925;+0.15/-0.12;30984.6;7.89802e-14;6.215e-15;3.27049e-14;5.75383e-15;-9.990E+02;1.2383e-13;1.31921e-14;-9.990E+02;8.05002e-14;1.30175e-14;-9.990E+02
02:42:08.759;+00:02:03.660;2.87E+20;0.8;-999/-999;34451.7;3.03252e-14;4.41696e-15;1.35051e-14;3.85263e-15;-9.990E+02;4.46056e-14;8.58018e-15;-9.990E+02;2.11453e-14;7.38791e-15;-9.990E+02
02:43:16.531;-00:07:27.623;2.96E+20;0.8;-999/-999;25222.5;1.75706e-14;3.59996e-15;1.14283e-14;3.83254e-15;-9.990E+02;2.46126e-14;6.82243e-15;-9.990E+02;6.21937e-15;4.33739e-15;-9.990E+02
02:42:07.309;+00:00:40.177;2.87E+20;0.987;+0.23/-0.18;34723.3;3.56611e-14;4.21056e-15;3.88601e-14;6.52339e-15;-9.990E+02;2.90638e-14;6.42988e-15;-9.990E+02;3.54451e-14;8.59152e-15;-9.990E+02
02:43:21.601;-00:07:42.129;2.96E+20;0.8;-999/-999;20192.8;2.92566e-14;4.70764e-15;2.09329e-14;5.34278e-15;-9.990E+02;3.00592e-14;7.67212e-15;-9.990E+02;2.27864e-14;8.10566e-15;-9.990E+02
02:42:00.909;+00:00:20.562;2.87E+20;0.926;+0.10/-0.09;24323.4;1.82487e-13;1.00213e-14;1.48637e-13;1.2858e-14;-9.990E+02;1.85472e-13;1.70751e-14;-9.990E+02;1.8586e-13;2.06575e-14;-9.990E+02
02:42:51.011;-00:11:13.657;2.90E+20;0.426;+0.28/-0.21;26412.8;4.13972e-14;6.33815e-15;1.59589e-14;4.39182e-15;-9.990E+02;2.57129e-14;7.07608e-15;-9.990E+02;5.18609e-14;1.27382e-14;-9.990E+02
02:41:57.530;+00:09:41.105;2.88E+20;0.8;-999/-999;3400.6;1.31425e-12;3.59008e-14;1.63943e-12;5.3319e-14;-9.990E+02;1.01439e-12;5.2318e-14;-9.990E+02;1.9728e-12;-1.39945e-10;3.38734e-12
22:47:30.098;+00:00:05.955;6.03E+20;1.015;+0.13/-0.11;21855.3;1.44851e-13;9.85292e-15;1.2296e-13;1.45029e-14;-9.990E+02;1.72079e-13;1.79684e-14;-9.990E+02;1.42308e-13;1.96304e-14;-9.990E+02
22:47:21.548;+00:05:05.503;6.07E+20;0.8;-999/-999;22426.3;1.24132e-14;3.65856e-15;1.26466e-14;5.3991e-15;-9.990E+02;1.26117e-14;-8.8455e-12;1.98489e-14;2.20481e-14;9.41283e-15;-9.990E+02
22:47:02.974;+00:00:24.230;5.92E+20;0.8;-999/-999;22579.3;3.18628e-14;5.6166e-15;1.38256e-14;5.26337e-15;-9.990E+02;4.13879e-14;9.96403e-15;-9.990E+02;2.84104e-14;9.8654e-15;-9.990E+02
22:47:10.159;-00:03:35.732;5.90E+20;0.8;-999/-999;22580.5;1.31077e-14;3.79275e-15;1.32598e-14;5.43715e-15;-9.990E+02;1.13568e-14;5.36734e-15;-9.990E+02;6.68149e-15;5.07609e-15;-9.990E+02
22:47:39.283;-00:04:14.122;6.01E+20;0.8;-999/-999;21981.4;1.60104e-14;4.26132e-15;1.77393e-14;6.44727e-15;-9.990E+02;1.0568e-14;5.52178e-15;-9.990E+02;1.03542e-14;6.34685e-15;-9.990E+02
22:47:32.286;+00:07:29.011;6.15E+20;0.8;-999/-999;17594.6;1.75391e-14;4.43062e-15;7.97481e-15;4.34819e-15;-9.990E+02;9.42619e-15;5.13954e-15;-9.990E+02;3.45633e-14;1.1624e-14;-9.990E+02
22:47:10.186;-00:05:06.407;5.88E+20;0.8;-999/-999;22247.4;3.32373e-14;5.91357e-15;8.76541e-15;4.29839e-15;-9.990E+02;4.90965e-14;1.12142e-14;-9.990E+02;3.0959e-14;1.08882e-14;-9.990E+02
22:47:51.358;-00:02:08.988;6.10E+20;0.8;-999/-999;22894.7;1.13375e-14;3.66168e-15;1.1571e-14;5.41662e-15;-9.990E+02;2.74204e-15;2.8782e-15;-9.990E+02;1.61024e-14;8.44927e-15;-9.990E+02
22:46:50.173;+00:02:00.690;5.88E+20;-0.273;+0.22/-0.17;19030.4;3.43618e-14;8.1873e-15;1.54831e-14;-7.37044e-12;2.04258e-14;5.43529e-15;-1.29387e-11;3.58572e-14;9.1856e-14;2.18863e-14;-9.990E+02
22:46:58.284;-00:04:09.643;5.84E+20;0.777;+0.16/-0.14;20883.2;1.2093e-13;1.04781e-14;6.50581e-14;1.07103e-14;-9.990E+02;1.21621e-13;1.63047e-14;-9.990E+02;1.31164e-13;2.05297e-14;-9.990E+02
22:48:01.643;-00:00:05.958;6.18E+20;0.864;+0.26/-0.20;17091.7;6.16325e-14;8.008e-15;2.56364e-14;7.67946e-15;-9.990E+02;8.14659e-14;1.47866e-14;-9.990E+02;6.43672e-14;1.57111e-14;-9.990E+02
22:48:00.489;+00:03:56.345;6.24E+20;0.8;-999/-999;16181.3;3.47849e-14;6.27997e-15;4.39091e-14;1.00453e-14;-9.990E+02;2.58283e-14;8.46777e-15;-9.990E+02;9.4642e-15;6.20834e-15;-9.990E+02
22:47:21.050;-00:08:13.817;5.88E+20;0.8;-999/-999;22236.8;1.46111e-14;4.24564e-15;1.18129e-14;5.46343e-15;-9.990E+02;1.41806e-14;6.55847e-15;-9.990E+02;1.04334e-14;6.8924e-15;-9.990E+02
22:47:59.556;-00:02:15.667;6.13E+20;0.8;-999/-999;18724.7;1.19137e-14;3.9702e-15;4.05522e-15;3.24418e-15;-9.990E+02;1.43998e-14;6.71817e-15;-9.990E+02;1.40881e-14;8.09752e-15;-9.990E+02
22:47:27.231;-00:09:26.906;5.88E+20;0.8;-999/-999;17890.6;3.29189e-14;6.36846e-15;1.10924e-14;-1.28645e-11;2.73969e-14;2.49642e-14;8.70783e-15;-9.990E+02;8.07814e-14;1.88959e-14;-9.990E+02
22:47:52.785;-00:06:49.625;6.02E+20;0.8;-999/-999;21060.4;2.27279e-14;5.17582e-15;8.4051e-15;4.54154e-15;-9.990E+02;3.00192e-14;9.0946e-15;-9.990E+02;2.20519e-14;9.38506e-15;-9.990E+02
22:46:58.979;-00:08:21.470;5.79E+20;0.8;-999/-999;12443.3;2.866e-14;6.35208e-15;1.04989e-14;-1.2784e-11;7.62284e-14;5.5699e-14;1.38972e-14;-9.990E+02;2.05172e-14;1.02315e-14;-9.990E+02
22:48:13.870;+00:03:09.051;6.28E+20;0.8;-999/-999;10482.5;6.32374e-14;9.35374e-15;3.89878e-14;1.09588e-14;-9.990E+02;6.09767e-14;1.48873e-14;-9.990E+02;6.70169e-14;1.88373e-14;-9.990E+02
01:55:55.528;+00:26:14.712;2.73E+20;0.8;-999/-999;4067.6;4.93433e-14;1.51107e-14;3.27604e-14;1.64337e-14;-9.990E+02;7.95965e-14;3.06438e-14;-9.990E+02;0;-5.92086e-11;1.59632e-13
01:55:45.627;+00:35:23.362;2.64E+20;0.8;-999/-999;4007.1;5.05172e-14;1.50634e-14;2.97057e-14;1.62343e-14;-9.990E+02;6.53444e-14;2.81353e-14;-9.990E+02;3.31228e-14;2.46872e-14;-9.990E+02
01:55:33.597;+00:34:47.507;2.66E+20;0.8;-999/-999;4062.4;5.03037e-14;1.50733e-14;2.22022e-14;1.31704e-14;-9.990E+02;4.87448e-14;2.33805e-14;-9.990E+02;7.41237e-14;3.55535e-14;-9.990E+02
01:07:53.856;+01:04:41.931;2.42E+20;0.8;-999/-999;12565.7;1.2982e-14;4.7558e-15;0;-8.30118e-12;2.14093e-14;2.41086e-14;1.04418e-14;-9.990E+02;1.47005e-14;1.00534e-14;-9.990E+02
01:07:42.015;+01:00:02.391;2.50E+20;0.8;-999/-999;12912.1;1.6475e-14;5.04199e-15;2.62757e-15;2.71117e-15;-9.990E+02;1.16646e-14;6.80288e-15;-9.990E+02;4.14522e-14;1.59411e-14;-9.990E+02
01:08:02.669;+01:08:14.732;2.42E+20;0.8;-999/-999;13691.1;1.43897e-14;4.7558e-15;2.79396e-15;2.77022e-15;-9.990E+02;1.6627e-14;8.24109e-15;-9.990E+02;2.53463e-14;1.25627e-14;-9.990E+02
01:08:14.505;+01:06:30.999;2.44E+20;0.8;-999/-999;13921.8;4.30377e-14;7.75086e-15;1.98093e-14;6.92566e-15;-9.990E+02;5.29642e-14;1.38753e-14;-9.990E+02;4.48678e-14;1.56865e-14;-9.990E+02
01:07:59.682;+00:55:30.964;2.55E+20;0.8;-999/-999;12444.4;1.85108e-14;5.59691e-15;1.80601e-14;7.40773e-15;-9.990E+02;1.06597e-14;6.95551e-15;-9.990E+02;1.62277e-14;1.05887e-14;-9.990E+02
01:07:22.416;+00:55:38.393;2.51E+20;0.8;-999/-999;7580.2;4.08657e-14;9.13277e-15;2.38917e-14;9.02691e-15;-9.990E+02;5.30076e-14;1.63691e-14;-9.990E+02;2.69172e-14;1.44334e-14;-9.990E+02
01:07:22.577;-00:18:56.845;3.53E+20;0.8;-999/-999;1544.7;1.79658e-13;3.24599e-14;0;-5.94263e-11;4.36775e-13;3.64741e-13;7.44873e-14;-9.990E+02;1.37393e-13;5.61007e-14;-9.990E+02
01:07:04.871;-00:23:16.089;3.69E+20;0.8;-999/-999;3656.2;1.0021e-13;2.41196e-14;1.38665e-13;3.92595e-14;-9.990E+02;6.33323e-14;3.01241e-14;-9.990E+02;7.62398e-14;-9.16173e-11;6.29667e-13
01:06:55.252;-00:25:12.435;3.70E+20;0.8;-999/-999;2975.7;9.81803e-14;2.55456e-14;9.05981e-14;3.41282e-14;-9.990E+02;4.13535e-14;2.6713e-14;-9.990E+02;1.24425e-13;5.69246e-14;-9.990E+02
21:59:51.110;+00:17:37.119;3.98E+20;0.8;-999/-999;5782.4;2.07798e-14;8.73581e-15;7.76407e-15;7.27197e-15;-9.990E+02;3.1333e-14;1.69278e-14;-9.990E+02;1.56707e-14;1.46774e-14;-9.990E+02
22:00:07.354;+00:14:49.749;4.00E+20;0.8;-999/-999;6044.8;5.21325e-14;1.30403e-14;4.87219e-14;1.82808e-14;-9.990E+02;5.45669e-14;2.25178e-14;-9.990E+02;1.63676e-14;1.44297e-14;-9.990E+02
22:00:18.809;+00:22:26.869;4.03E+20;0.8;-999/-999;6123.3;3.81694e-14;1.17621e-14;3.57025e-14;1.52501e-14;-9.990E+02;2.39519e-14;1.45504e-14;-9.990E+02;3.59108e-14;2.18153e-14;-9.990E+02
02:33:22.537;+00:50:59.498;2.06E+20;1.073;+0.22/-0.17;8957.1;9.08157e-14;9.8724e-15;6.03874e-14;1.21428e-14;-9.990E+02;1.54322e-13;2.30642e-14;-9.990E+02;8.70102e-14;2.09412e-14;-9.990E+02
02:33:13.601;+00:55:31.455;2.06E+20;0.8;-999/-999;9506.3;3.29826e-14;7.10889e-15;2.43137e-14;8.04843e-15;-9.990E+02;2.47125e-14;9.91175e-15;-9.990E+02;3.78125e-14;1.51659e-14;-9.990E+02
02:33:29.683;+00:58:15.627;2.06E+20;0.8;-999/-999;11388.0;2.67321e-14;6.30411e-15;3.21799e-14;9.03574e-15;-9.990E+02;2.10264e-14;9.05353e-15;-9.990E+02;3.06494e-14;-2.52676e-11;7.09321e-14
02:33:59.881;+00:49:36.746;2.07E+20;0.8;-999/-999;13133.9;2.6514e-14;6.30646e-15;1.7109e-14;6.6303e-15;-9.990E+02;3.0414e-14;1.1021e-14;-9.990E+02;1.99453e-14;1.09629e-14;-9.990E+02
02:33:53.075;+00:58:20.237;2.09E+20;0.8;-999/-999;12864.8;1.64493e-14;5.23692e-15;1.41698e-14;6.38195e-15;-9.990E+02;2.15614e-14;9.71106e-15;-9.990E+02;1.23678e-14;-2.09683e-11;5.43044e-14
02:34:14.524;+00:57:06.270;2.12E+20;0.711;+0.17/-0.14;8583.4;2.10278e-13;2.02608e-14;1.45349e-13;2.12624e-14;-9.990E+02;1.38278e-13;2.53723e-14;-9.990E+02;2.34349e-13;4.1135e-14;-9.990E+02
02:33:51.670;+01:08:12.716;2.08E+20;0.769;+0.10/-0.08;4058.3;8.76684e-13;4.823e-14;5.54242e-13;5.04859e-14;-9.990E+02;7.7389e-13;7.17806e-14;-9.990E+02;9.52333e-13;1.01582e-13;-9.990E+02
02:34:08.593;+01:06:17.909;2.08E+20;0.8;-999/-999;7767.2;2.04835e-13;2.28191e-14;2.34978e-13;3.14228e-14;-9.990E+02;1.78931e-13;3.58846e-14;-9.990E+02;2.2647e-13;-9.13847e-11;2.58008e-13
02:41:05.243;+01:06:12.667;3.07E+20;0.852;+0.16/-0.13;13856.6;1.2445e-13;1.06424e-14;9.67395e-14;1.31206e-14;-9.990E+02;1.08713e-13;1.64469e-14;-9.990E+02;1.3043e-13;2.21104e-14;-9.990E+02
02:41:24.927;+01:10:01.695;3.07E+20;0.8;-999/-999;18430.7;1.84149e-14;4.58634e-15;2.36272e-15;2.27284e-15;-9.990E+02;1.6849e-14;7.08776e-15;-9.990E+02;4.08269e-14;1.34922e-14;-9.990E+02
02:41:00.175;+01:14:30.315;3.03E+20;0.8;-999/-999;17866.4;8.81455e-15;3.33096e-15;1.05393e-14;4.92862e-15;-9.990E+02;8.07e-15;-8.53256e-12;2.49964e-14;1.14106e-14;7.4382e-15;-9.990E+02
02:41:22.746;+01:04:48.964;3.10E+20;0.8;-999/-999;18255.6;1.28102e-14;3.89536e-15;6.58434e-15;3.75891e-15;-9.990E+02;1.40557e-14;6.56667e-15;-9.990E+02;1.41827e-14;8.09668e-15;-9.990E+02
02:41:27.965;+01:08:21.120;3.08E+20;0.8;-999/-999;19012.4;1.33761e-14;4.03187e-15;5.34222e-15;3.38074e-15;-9.990E+02;1.14179e-14;5.96706e-15;-9.990E+02;2.30494e-14;1.04196e-14;-9.990E+02
02:41:02.015;+01:14:42.914;3.03E+20;0.8;-999/-999;17993.2;2.35943e-14;4.99644e-15;8.46328e-15;4.04246e-15;-9.990E+02;1.81468e-14;7.031e-15;-9.990E+02;4.5815e-14;1.3696e-14;-9.990E+02
02:41:08.624;+01:16:13.236;3.03E+20;0.8;-999/-999;18469.2;1.30948e-14;4.02491e-15;8.80928e-15;4.33121e-15;-9.990E+02;1.25925e-14;6.19127e-15;-9.990E+02;1.2715e-14;7.64302e-15;-9.990E+02
02:41:34.725;+01:08:24.844;3.09E+20;0.781;+0.14/-0.12;18826.2;1.57364e-13;1.24309e-14;8.05806e-14;1.13585e-14;-9.990E+02;1.69685e-13;1.9686e-14;-9.990E+02;1.70119e-13;2.42717e-14;-9.990E+02
02:41:32.748;+01:11:26.846;3.07E+20;0.8;-999/-999;18706.9;9.81616e-15;3.61348e-15;8.8187e-15;4.61658e-15;-9.990E+02;3.14304e-15;3.29077e-15;-9.990E+02;1.42792e-14;8.72167e-15;-9.990E+02
02:41:34.634;+01:11:14.011;3.08E+20;0.8;-999/-999;18817.8;1.2065e-14;4.03187e-15;1.08419e-14;-7.23873e-12;1.78532e-14;3.86293e-15;3.67067e-15;-9.990E+02;4.09616e-14;1.45918e-14;-9.990E+02
02:41:25.918;+01:01:12.675;3.10E+20;0.602;+0.25/-0.19;12468.5;7.37353e-14;1.00452e-14;3.63792e-14;8.67393e-15;-9.990E+02;5.48744e-14;1.30838e-14;-9.990E+02;8.5982e-14;2.05008e-14;-9.990E+02
02:41:21.962;+01:16:34.742;3.04E+20;0.8;-999/-999;17372.7;1.39534e-14;4.1652e-15;6.26263e-15;3.81637e-15;-9.990E+02;1.78926e-14;7.72216e-15;-9.990E+02;1.35507e-14;8.25763e-15;-9.990E+02
02:42:01.396;+01:14:05.638;3.09E+20;0.8;-999/-999;10610.6;1.22265e-13;1.52988e-14;9.62019e-14;1.89128e-14;-9.990E+02;1.3698e-13;2.69296e-14;-9.990E+02;5.92416e-14;2.14973e-14;-9.990E+02
02:41:48.522;+01:22:36.301;3.17E+20;0.726;+0.24/-0.19;10364.6;9.6126e-14;1.628e-14;9.19537e-14;1.99836e-14;-9.990E+02;1.01911e-13;-3.9409e-11;2.19816e-13;1.52973e-13;3.82955e-14;-9.990E+02
00:27:16.673;+01:06:45.726;2.83E+20;0.8;-999/-999;27442.0;1.18598e-14;3.03248e-15;9.22311e-15;3.59562e-15;-9.990E+02;5.72567e-15;3.38393e-15;-9.990E+02;1.73827e-14;7.5059e-15;-9.990E+02
00:27:17.908;+01:12:03.769;2.86E+20;0.321;+0.18/-0.15;27204.8;4.61712e-14;6.5382e-15;2.31472e-14;-7.48869e-12;9.99961e-15;3.53277e-14;7.96179e-15;-9.990E+02;8.67816e-14;1.58316e-14;-9.990E+02
00:27:31.023;+01:09:15.707;2.87E+20;0.8;-999/-999;28520.0;1.93104e-14;3.72681e-15;6.8767e-15;2.87164e-15;-9.990E+02;2.18518e-14;6.2185e-15;-9.990E+02;2.71321e-14;8.64886e-15;-9.990E+02
00:27:06.511;+01:06:55.539;2.82E+20;0.8;-999/-999;28180.1;8.36722e-15;2.6182e-15;6.19622e-15;3.04178e-15;-9.990E+02;1.79559e-15;1.91946e-15;-9.990E+02;1.63586e-14;7.08548e-15;-9.990E+02
00:27:03.231;+01:10:35.261;2.83E+20;-0.059;+0.08/-0.07;27520.4;4.26364e-13;1.97412e-14;2.28004e-14;4.31977e-15;-9.990E+02;2.82647e-13;2.07831e-14;-9.990E+02;6.51531e-13;4.08027e-14;-9.990E+02
00:27:33.502;+01:09:24.411;2.87E+20;0.8;-999/-999;29372.6;3.43005e-14;4.96908e-15;1.44689e-14;4.22387e-15;-9.990E+02;4.64523e-14;9.29757e-15;-9.990E+02;3.17125e-14;9.25779e-15;-9.990E+02
00:27:14.515;+01:13:42.811;2.86E+20;0.8;-999/-999;28465.2;9.76969e-15;2.7598e-15;6.68959e-15;3.0242e-15;-9.990E+02;1.32275e-14;-7.0949e-12;1.27694e-14;2.34781e-14;8.70259e-15;-9.990E+02
00:27:01.436;+01:06:42.040;2.81E+20;0.8;-999/-999;27656.1;1.46566e-14;3.44375e-15;4.00607e-15;2.4937e-15;-9.990E+02;1.74322e-14;6.24252e-15;-9.990E+02;2.20535e-14;8.48087e-15;-9.990E+02
00:27:33.960;+01:12:20.657;2.88E+20;0.8;-999/-999;29042.1;1.64315e-14;3.452e-15;6.36777e-15;2.81973e-15;-9.990E+02;1.65443e-14;5.54791e-15;-9.990E+02;2.51006e-14;8.41715e-15;-9.990E+02
00:26:56.617;+01:08:59.728;2.81E+20;0.8;-999/-999;26568.5;2.28252e-14;4.1325e-15;2.95132e-14;6.18897e-15;-9.990E+02;1.06928e-14;4.59228e-15;-9.990E+02;8.11987e-15;4.75446e-15;-9.990E+02
00:27:28.133;+01:04:35.424;2.84E+20;0.8;-999/-999;28554.1;9.71849e-15;2.89569e-15;9.6031e-15;3.82162e-15;-9.990E+02;8.34274e-15;4.32757e-15;-9.990E+02;4.21858e-15;3.6501e-15;-9.990E+02
00:26:54.952;+01:07:41.412;2.81E+20;0.8;-999/-999;27822.8;7.0955e-15;2.4795e-15;1.57551e-15;1.51898e-15;-9.990E+02;2.28478e-15;2.2028e-15;-9.990E+02;2.08196e-14;8.36233e-15;-9.990E+02
00:27:23.867;+01:15:11.020;2.97E+20;0.8;-999/-999;29400.0;3.48076e-14;4.98636e-15;2.02354e-14;5.03469e-15;-9.990E+02;3.57338e-14;8.05343e-15;-9.990E+02;3.72468e-14;1.03263e-14;-9.990E+02
00:27:40.163;+01:06:10.548;2.87E+20;0.8;-999/-999;29418.5;8.88775e-15;2.7606e-15;5.75804e-15;2.97982e-15;-9.990E+02;6.23626e-15;3.65794e-15;-9.990E+02;1.26203e-14;6.5311e-15;-9.990E+02
00:27:22.874;+01:16:11.667;2.97E+20;0.8;-999/-999;29082.1;7.58619e-15;2.49318e-15;4.93558e-15;-4.4549e-12;8.15163e-15;1.06241e-14;4.84984e-15;-9.990E+02;1.34199e-14;6.4674e-15;-9.990E+02
00:27:31.146;+01:01:55.979;2.83E+20;0.8;-999/-999;22379.8;3.05729e-14;4.96224e-15;1.52256e-14;4.67896e-15;-9.990E+02;3.46486e-14;8.51928e-15;-9.990E+02;3.34721e-14;1.02863e-14;-9.990E+02
00:27:52.656;+01:06:38.804;2.89E+20;0.8;-999/-999;14516.8;2.98085e-14;5.24894e-15;2.36095e-14;6.28897e-15;-9.990E+02;8.51818e-15;4.42604e-15;-9.990E+02;5.16678e-14;1.3763e-14;-9.990E+02
00:27:00.039;+01:00:05.323;2.78E+20;0.8;-999/-999;25337.0;2.74394e-14;4.81635e-15;9.7367e-15;3.87222e-15;-9.990E+02;2.83063e-14;7.76215e-15;-9.990E+02;4.29901e-14;1.17887e-14;-9.990E+02
00:26:37.974;+01:14:33.339;2.81E+20;0.8;-999/-999;27484.4;8.20577e-15;3.0305e-15;1.21479e-14;4.82588e-15;-9.990E+02;8.45703e-15;-7.80048e-12;2.32914e-14;5.34769e-15;4.90479e-15;-9.990E+02
00:26:37.846;+01:15:20.860;2.81E+20;0.8;-999/-999;23469.8;1.66678e-14;4.1325e-15;2.3033e-14;6.62457e-15;-9.990E+02;4.76972e-15;3.63407e-15;-9.990E+02;7.24161e-15;5.51741e-15;-9.990E+02
00:26:34.988;+01:14:47.284;2.80E+20;0.8;-999/-999;23757.1;1.71161e-14;4.131e-15;9.11608e-15;4.09343e-15;-9.990E+02;1.76391e-14;6.68519e-15;-9.990E+02;2.00868e-14;9.01968e-15;-9.990E+02
00:26:43.004;+01:18:22.409;2.91E+20;0.186;+0.06/-0.06;4106.9;8.2043e-13;3.50523e-14;1.96164e-13;1.6508e-14;-9.990E+02;4.54398e-13;3.44251e-14;-9.990E+02;1.13522e-12;7.16621e-14;-9.990E+02
21:05:33.377;+00:28:29.067;6.35E+20;1.095;+0.10/-0.09;9747.3;5.24151e-13;2.6521e-14;6.58601e-13;4.98281e-14;-9.990E+02;5.07871e-13;4.70692e-14;-9.990E+02;4.99046e-13;5.27435e-14;-9.990E+02
21:05:45.621;+00:32:44.860;6.53E+20;0.8;-999/-999;8922.2;2.69582e-14;8.0288e-15;1.59888e-14;8.86807e-15;-9.990E+02;1.84958e-14;1.02585e-14;-9.990E+02;4.05293e-14;1.82864e-14;-9.990E+02
21:05:03.785;+00:29:21.776;6.25E+20;1.487;+0.13/-0.11;2643.0;3.68416e-13;2.0332e-14;8.26725e-13;6.3875e-14;-9.990E+02;5.50263e-13;5.20425e-14;-9.990E+02;2.9741e-13;4.3756e-14;-9.990E+02
21:05:31.449;+00:20:27.849;6.19E+20;0.8;-999/-999;9851.3;2.36935e-14;7.648e-15;2.42565e-14;-1.56458e-11;5.35623e-14;2.86129e-14;1.31577e-14;-9.990E+02;4.19593e-14;1.9295e-14;-9.990E+02
21:06:17.676;+00:35:06.574;6.77E+20;0.8;-999/-999;7842.8;1.33955e-13;2.0202e-14;1.33749e-13;3.02631e-14;-9.990E+02;1.67926e-13;3.45374e-14;-9.990E+02;2.33738e-13;-7.04305e-11;1.47042e-13
21:06:14.634;+00:21:00.648;6.42E+20;0.8;-999/-999;8060.4;6.11102e-14;1.35458e-14;8.42302e-14;2.2001e-14;-9.990E+02;1.63416e-14;1.04783e-14;-9.990E+02;4.7811e-14;2.18002e-14;-9.990E+02
22:28:41.562;+00:22:18.979;4.69E+20;0.8;-999/-999;5957.9;2.84348e-14;9.95656e-15;2.73523e-14;1.34113e-14;-9.990E+02;3.52303e-14;1.7274e-14;-9.990E+02;0;-3.67107e-11;8.65753e-14
22:29:09.388;+00:14:52.606;4.74E+20;0.8;-999/-999;6320.9;6.3935e-14;1.4664e-14;1.37002e-14;9.2381e-15;-9.990E+02;1.75927e-14;1.18628e-14;-9.990E+02;1.8327e-13;4.68417e-14;-9.990E+02
22:29:09.781;+00:25:24.995;4.80E+20;0.650;+0.14/-0.12;3030.0;7.3966e-13;5.74525e-14;3.29408e-13;4.89453e-14;-9.990E+02;6.62559e-13;8.14044e-14;-9.990E+02;8.43628e-13;1.12334e-13;-9.990E+02
02:01:15.507;+00:31:35.688;2.22E+20;1.004;+0.09/-0.08;15329.0;3.93933e-13;1.79264e-14;4.05485e-13;2.73636e-14;-9.990E+02;3.72836e-13;3.12774e-14;-9.990E+02;3.89104e-13;3.87528e-14;-9.990E+02
02:01:30.505;+00:30:24.323;2.22E+20;0.8;-999/-999;15093.0;1.16724e-14;4.0473e-15;1.44396e-14;5.87396e-15;-9.990E+02;8.71133e-15;5.71593e-15;-9.990E+02;1.01418e-14;-1.61332e-11;4.3953e-14
02:01:06.155;+00:33:59.749;2.23E+20;1.328;+0.05/-0.04;15407.0;1.03567e-12;2.39001e-14;1.63403e-12;5.42299e-14;-9.990E+02;1.55792e-12;5.84389e-14;-9.990E+02;8.92063e-13;5.3276e-14;-9.990E+02
02:01:42.917;+00:32:22.561;2.21E+20;0.8;-999/-999;14945.1;2.23328e-14;5.25954e-15;1.93337e-14;6.45545e-15;-9.990E+02;1.45912e-14;6.74769e-15;-9.990E+02;2.2291e-14;1.03084e-14;-9.990E+02
02:01:14.417;+00:27:36.116;2.22E+20;0.8;-999/-999;15517.2;1.52853e-14;4.58694e-15;1.32386e-14;5.61461e-15;-9.990E+02;1.19816e-14;6.61102e-15;-9.990E+02;1.22035e-14;8.20384e-15;-9.990E+02
02:01:46.425;+00:31:53.223;2.21E+20;0.8;-999/-999;14797.5;4.12537e-14;7.01272e-15;3.75887e-15;2.82265e-15;-9.990E+02;2.8365e-14;9.37278e-15;-9.990E+02;1.12666e-13;2.31092e-14;-9.990E+02
02:01:44.729;+00:37:34.202;2.22E+20;0.8;-999/-999;15205.0;2.06547e-14;5.3964e-15;3.25241e-15;2.77343e-15;-9.990E+02;3.43414e-14;1.12345e-14;-9.990E+02;2.24852e-14;1.11e-14;-9.990E+02
02:00:55.935;+00:29:29.971;2.23E+20;0.8;-999/-999;15599.4;3.18371e-14;6.47808e-15;2.06855e-14;6.88425e-15;-9.990E+02;3.11768e-14;1.03758e-14;-9.990E+02;3.17501e-14;1.30919e-14;-9.990E+02
02:00:47.295;+00:31:12.380;2.24E+20;0.8;-999/-999;16104.8;2.81226e-14;6.34547e-15;2.13192e-14;7.33185e-15;-9.990E+02;1.83536e-14;8.39255e-15;-9.990E+02;3.50399e-14;1.41688e-14;-9.990E+02
02:01:32.260;+00:23:50.915;2.21E+20;0.8;-999/-999;10246.4;2.50705e-14;6.33842e-15;1.08494e-14;5.57993e-15;-9.990E+02;4.9119e-14;1.43164e-14;-9.990E+02;3.12752e-14;-2.52732e-11;1.65097e-13
02:00:44.234;+00:37:49.421;2.25E+20;0.8;-999/-999;15863.8;1.33075e-14;4.7271e-15;5.76625e-15;-8.19032e-12;2.53884e-14;1.73692e-14;8.81325e-15;-9.990E+02;2.6524e-14;1.34585e-14;-9.990E+02
02:00:56.684;+00:41:44.133;2.25E+20;0.8;-999/-999;15783.9;2.63367e-14;6.21276e-15;2.4592e-14;7.93035e-15;-9.990E+02;3.17312e-14;1.10377e-14;-9.990E+02;5.24774e-14;-2.47367e-11;5.33872e-14
02:00:35.535;+00:38:18.942;2.25E+20;0.8;-999/-999;11195.4;3.35894e-14;7.83348e-15;1.45632e-14;6.79209e-15;-9.990E+02;4.38547e-14;1.44044e-14;-9.990E+02;3.3474e-14;1.56119e-14;-9.990E+02
02:00:28.665;+00:35:34.270;2.26E+20;-0.208;+0.25/-0.19;10228.0;1.5596e-13;2.16154e-14;1.01407e-14;4.77889e-15;-9.990E+02;8.32818e-14;1.99079e-14;-9.990E+02;2.53806e-13;4.57335e-14;-9.990E+02
02:00:28.969;+00:28:47.137;2.26E+20;0.873;+0.25/-0.19;5700.6;1.05004e-13;1.39447e-14;7.38285e-14;1.51316e-14;-9.990E+02;1.08869e-13;2.23135e-14;-9.990E+02;1.09297e-13;2.84141e-14;-9.990E+02
20:41:53.296;+00:29:11.890;5.57E+20;0.8;-999/-999;3581.7;1.35787e-13;2.70522e-14;1.20488e-13;3.60024e-14;-9.990E+02;1.10487e-13;3.79901e-14;-9.990E+02;1.08667e-13;4.42785e-14;-9.990E+02
01:58:28.312;+01:04:38.256;2.36E+20;0.8;-999/-999;6614.8;3.33009e-14;9.08453e-15;6.44754e-15;5.27569e-15;-9.990E+02;2.89028e-14;1.35513e-14;-9.990E+02;7.34957e-14;2.70561e-14;-9.990E+02
01:58:52.651;+01:01:32.580;2.35E+20;0.8;-999/-999;7793.9;6.40427e-14;1.21986e-14;2.02855e-14;8.8243e-15;-9.990E+02;7.58137e-14;2.10146e-14;-9.990E+02;9.25006e-14;2.87032e-14;-9.990E+02
01:58:55.011;+01:04:51.083;2.30E+20;0.8;-999/-999;8228.7;3.04154e-14;8.5239e-15;3.02155e-14;1.13102e-14;-9.990E+02;3.605e-14;-2.22015e-11;7.48162e-14;5.18568e-14;2.22459e-14;-9.990E+02
01:59:02.614;+01:04:14.419;2.30E+20;0.8;-999/-999;8089.6;2.55041e-14;7.9827e-15;2.21666e-14;9.96288e-15;-9.990E+02;2.6586e-14;1.34323e-14;-9.990E+02;1.01485e-14;1.01054e-14;-9.990E+02
01:58:09.102;+01:06:04.999;2.38E+20;0.8;-999/-999;5152.4;4.65145e-14;1.08552e-14;3.24656e-14;1.16493e-14;-9.990E+02;7.26265e-14;2.12937e-14;-9.990E+02;1.84581e-14;-4.30329e-11;2.43756e-13
01:58:09.282;+01:06:35.980;2.38E+20;0.8;-999/-999;4905.1;4.817e-14;1.12623e-14;8.40036e-14;1.96403e-14;-9.990E+02;7.52039e-14;-2.92766e-11;2.75854e-13;1.9115e-14;-4.46483e-11;4.20691e-13
01:58:59.648;+01:09:14.931;2.30E+20;0.8;-999/-999;7972.6;2.02138e-14;7.4415e-15;1.40567e-14;8.20168e-15;-9.990E+02;2.10868e-14;1.23036e-14;-9.990E+02;1.60976e-14;1.33626e-14;-9.990E+02
01:58:56.325;+01:10:47.541;2.30E+20;0.8;-999/-999;7661.8;4.94386e-14;1.10946e-14;5.15427e-14;1.43859e-14;-9.990E+02;5.15353e-14;1.7577e-14;-9.990E+02;3.93556e-14;-4.41041e-11;1.29911e-13
01:59:10.048;+01:05:14.377;2.30E+20;1.552;+0.20/-0.15;8020.7;1.49584e-13;1.2256e-14;3.63464e-13;3.86378e-14;-9.990E+02;2.5747e-13;3.7142e-14;-9.990E+02;1.17118e-13;2.82907e-14;-9.990E+02
02:04:31.264;+01:22:04.810;2.34E+20;0.8;-999/-999;1030.9;5.27734e-13;9.21332e-14;5.51252e-13;1.23507e-13;-9.990E+02;2.19963e-13;9.59888e-14;-9.990E+02;5.03584e-13;1.79402e-13;-9.990E+02
02:04:17.810;+01:18:02.442;2.32E+20;0.8;-999/-999;1043.0;9.36968e-14;4.1974e-14;9.77602e-14;5.58865e-14;-9.990E+02;9.76253e-14;6.83412e-14;-9.990E+02;8.94821e-14;-1.66742e-10;4.91182e-13
02:02:33.406;-00:06:38.280;2.32E+20;0.8;-999/-999;4002.9;3.0113e-14;1.2186e-14;1.04755e-14;9.36152e-15;-9.990E+02;3.13939e-14;1.95815e-14;-9.990E+02;4.79068e-14;2.98812e-14;-9.990E+02
02:02:50.697;-00:09:17.364;2.34E+20;0.8;-999/-999;4045.1;6.39784e-14;1.76137e-14;5.56913e-14;2.14651e-14;-9.990E+02;8.33197e-14;3.21139e-14;-9.990E+02;1.01708e-13;-6.99408e-11;2.0993e-13
02:02:14.694;-00:16:04.898;2.39E+20;0.8;-999/-999;3806.7;3.93888e-14;1.49303e-14;1.3745e-14;1.17984e-14;-9.990E+02;8.19945e-14;3.42738e-14;-9.990E+02;6.25152e-14;-5.91768e-11;2.06553e-13
02:01:59.529;-00:14:26.677;2.38E+20;0.8;-999/-999;3951.8;3.13987e-14;1.31619e-14;3.6512e-14;1.94226e-14;-9.990E+02;2.72358e-14;2.00226e-14;-9.990E+02;4.98551e-14;-5.21758e-11;2.74502e-13
02:02:34.002;+00:02:57.980;2.27E+20;1.209;+0.17/-0.14;2913.2;4.80732e-13;3.9158e-14;3.82867e-13;5.79203e-14;-9.990E+02;9.65824e-13;1.06944e-13;-9.990E+02;4.36036e-13;8.42771e-14;-9.990E+02
02:02:14.035;-00:17:49.405;2.39E+20;0.8;-999/-999;3771.4;9.72913e-14;2.30741e-14;4.89507e-14;-4.0212e-11;1.24686e-13;1.12504e-13;4.08207e-14;-9.990E+02;2.14415e-13;6.9569e-14;-9.990E+02
01:06:48.360;-01:08:13.606;4.71E+20;0.8;-999/-999;2059.3;5.2696e-14;2.344e-14;3.3831e-14;2.60462e-14;-9.990E+02;4.35213e-14;3.35067e-14;-9.990E+02;6.47976e-14;4.98871e-14;-9.990E+02
01:06:48.643;-01:19:59.317;4.90E+20;0.8;-999/-999;2028.6;8.21329e-14;2.79965e-14;5.31767e-14;-5.42923e-11;2.10704e-13;4.05637e-14;3.12177e-14;-9.990E+02;2.41049e-13;9.27652e-14;-9.990E+02
01:06:41.861;-01:20:56.564;4.90E+20;0.8;-999/-999;1999.7;8.02763e-14;2.79965e-14;1.03893e-13;4.49099e-14;-9.990E+02;3.96178e-14;-6.90492e-11;4.36196e-13;9.81711e-14;5.80594e-14;-9.990E+02
01:06:38.950;-01:06:32.161;4.65E+20;0.8;-999/-999;1959.0;8.55504e-14;2.9248e-14;1.09567e-13;4.61023e-14;-9.990E+02;3.53625e-14;2.9762e-14;-9.990E+02;5.26816e-14;4.43382e-14;-9.990E+02
01:06:34.156;-01:06:09.765;4.63E+20;0.8;-999/-999;1877.8;8.25894e-14;2.923e-14;1.58528e-13;5.6106e-14;-9.990E+02;3.41498e-14;-7.24555e-11;2.24909e-13;5.08857e-14;-1.07964e-10;3.35131e-13
01:07:10.878;-01:22:51.096;5.02E+20;0.8;-999/-999;1427.1;1.94166e-13;4.58428e-14;3.78827e-13;8.94412e-14;-9.990E+02;7.97132e-14;-1.1283e-10;3.52115e-13;1.18305e-13;-1.67455e-10;5.22587e-13
02:14:33.465;-00:45:59.935;2.65E+20;0.723;+0.01/-0.01;135459.0;3.59157e-12;1.89644e-14;1.97491e-12;1.76788e-14;-9.990E+02;3.23675e-12;2.78047e-14;-9.990E+02;3.98057e-12;3.82776e-14;-9.990E+02
02:14:34.861;-00:42:42.888;2.66E+20;0.991;+0.06/-0.06;136098.0;8.8157e-14;3.00404e-15;8.07035e-14;4.3448e-15;-9.990E+02;9.39394e-14;5.36946e-15;-9.990E+02;8.75203e-14;6.39296e-15;-9.990E+02
02:14:48.869;-00:47:28.165;2.66E+20;0.8;-999/-999;136991.0;6.68569e-15;1.10994e-15;2.87837e-15;9.59538e-16;-9.990E+02;6.74492e-15;1.78613e-15;-9.990E+02;9.61562e-15;2.62719e-15;-9.990E+02
02:14:39.370;-00:50:21.627;2.64E+20;0.516;+0.24/-0.18;135043.0;1.27056e-14;1.62979e-15;4.3924e-15;1.13493e-15;-9.990E+02;1.04897e-14;2.18992e-15;-9.990E+02;1.5349e-14;3.38418e-15;-9.990E+02
02:14:52.917;-00:47:19.166;2.67E+20;0.8;-999/-999;136795.0;3.6052e-15;8.63604e-16;2.99683e-15;1.0409e-15;-9.990E+02;2.1927e-15;1.0983e-15;-9.990E+02;4.16738e-15;1.83158e-15;-9.990E+02
02:14:55.339;-00:47:02.548;2.67E+20;0.351;+0.24/-0.18;141192.0;1.26185e-14;1.67569e-15;2.77857e-15;8.45184e-16;-9.990E+02;9.95848e-15;2.06534e-15;-9.990E+02;1.6277e-14;3.37577e-15;-9.990E+02
02:14:32.175;-00:50:49.094;2.63E+20;0.8;-999/-999;140255.0;3.85482e-15;9.03474e-16;1.69938e-15;7.81877e-16;-9.990E+02;3.20523e-15;1.29612e-15;-9.990E+02;6.50163e-15;2.29469e-15;-9.990E+02
02:14:55.620;-00:44:31.672;2.68E+20;0.797;+0.28/-0.21;141614.0;8.85994e-15;1.22348e-15;5.51065e-15;1.32367e-15;-9.990E+02;8.51341e-15;1.98268e-15;-9.990E+02;9.54278e-15;2.60459e-15;-9.990E+02
02:14:51.041;-00:49:23.491;2.65E+20;0.8;-999/-999;140825.0;2.67541e-15;7.80843e-16;2.17748e-15;9.30787e-16;-9.990E+02;1.59607e-15;9.5495e-16;-9.990E+02;3.23639e-15;1.70115e-15;-9.990E+02
02:14:52.927;-00:49:35.398;2.66E+20;0.8;-999/-999;138960.0;2.6392e-15;7.67368e-16;2.71873e-15;1.03476e-15;-9.990E+02;1.57464e-15;-1.98167e-12;3.75859e-15;4.32245e-15;1.92743e-15;-9.990E+02
02:14:19.450;-00:42:15.113;2.65E+20;0.846;+0.17/-0.13;137746.0;1.99951e-14;1.71236e-15;1.42841e-14;2.01542e-15;-9.990E+02;1.89803e-14;2.81794e-15;-9.990E+02;2.09829e-14;3.60656e-15;-9.990E+02
02:14:49.012;-00:50:41.362;2.65E+20;0.888;+0.17/-0.15;140951.0;1.52848e-14;1.39645e-15;1.3472e-14;1.83052e-15;-9.990E+02;1.2467e-14;2.11229e-15;-9.990E+02;1.58185e-14;2.93704e-15;-9.990E+02
02:14:14.688;-00:46:50.996;2.63E+20;0.8;-999/-999;137909.0;5.13885e-15;1.02667e-15;1.81207e-15;8.50653e-16;-9.990E+02;2.65916e-15;1.24831e-15;-9.990E+02;1.2136e-14;3.27236e-15;-9.990E+02
02:14:17.444;-00:49:07.202;2.62E+20;0.8;-999/-999;138830.0;2.72448e-15;8.2104e-16;8.47331e-16;6.05719e-16;-9.990E+02;2.48918e-15;1.25982e-15;-9.990E+02;5.04715e-15;2.21708e-15;-9.990E+02
02:14:36.845;-00:39:52.104;2.68E+20;0.616;+0.28/-0.20;139157.0;9.74248e-15;1.42596e-15;4.66087e-15;1.19448e-15;-9.990E+02;7.73795e-15;1.91687e-15;-9.990E+02;1.1285e-14;2.89209e-15;-9.990E+02
02:14:60.000;-00:47:19.835;2.67E+20;0.8;-999/-999;136895.0;4.20287e-15;9.32144e-16;1.54659e-15;7.73656e-16;-9.990E+02;2.71634e-15;1.25277e-15;-9.990E+02;8.94781e-15;2.784e-15;-9.990E+02
02:14:15.023;-00:48:57.070;2.62E+20;0.8;-999/-999;139684.0;8.28156e-15;1.23156e-15;4.96004e-15;1.27317e-15;-9.990E+02;8.89803e-15;2.06075e-15;-9.990E+02;7.99895e-15;2.39161e-15;-9.990E+02
02:14:58.446;-00:48:44.875;2.67E+20;1.464;+0.16/-0.13;136330.0;1.53991e-14;1.04518e-15;2.64522e-14;2.61664e-15;-9.990E+02;3.13766e-14;3.22744e-15;-9.990E+02;1.25156e-14;2.3975e-15;-9.990E+02
02:14:26.680;-00:51:43.971;2.62E+20;0.8;-999/-999;140538.0;3.68784e-15;8.75776e-16;1.6949e-15;7.79332e-16;-9.990E+02;1.65993e-15;9.38666e-16;-9.990E+02;8.20364e-15;2.5769e-15;-9.990E+02
02:15:01.356;-00:44:55.918;2.68E+20;-0.416;+0.26/-0.19;139524.0;1.57905e-14;2.19073e-15;9.18569e-16;4.3527e-16;-9.990E+02;6.61209e-15;1.7228e-15;-9.990E+02;2.7959e-14;4.60003e-15;-9.990E+02
02:14:22.128;-00:40:54.494;2.66E+20;0.8;-999/-999;138105.0;4.48362e-15;9.5921e-16;2.30923e-15;9.31238e-16;-9.990E+02;5.31375e-15;1.71103e-15;-9.990E+02;4.40864e-15;1.92312e-15;-9.990E+02
02:14:17.503;-00:50:04.471;2.51E+20;0.8;-999/-999;140022.0;2.24911e-15;7.49705e-16;2.42646e-15;1.03059e-15;-9.990E+02;8.97841e-16;7.62051e-16;-9.990E+02;2.05084e-15;1.44119e-15;-9.990E+02
02:14:38.667;-00:52:36.324;2.63E+20;0.191;+0.23/-0.18;135350.0;1.52542e-14;1.96406e-15;2.12168e-15;7.45423e-16;-9.990E+02;1.12209e-14;2.30855e-15;-9.990E+02;2.10698e-14;4.03117e-15;-9.990E+02
02:14:43.003;-00:52:30.290;2.63E+20;0.8;-999/-999;134864.0;2.42022e-15;7.80273e-16;2.13206e-15;9.71072e-16;-9.990E+02;6.26102e-16;6.53016e-16;-9.990E+02;3.80833e-15;1.94133e-15;-9.990E+02
02:14:27.871;-00:52:32.363;2.61E+20;0.8;-999/-999;141659.0;3.81371e-15;8.89135e-16;1.41408e-15;7.21374e-16;-9.990E+02;2.59618e-15;1.18957e-15;-9.990E+02;7.90185e-15;2.55692e-15;-9.990E+02
02:14:56.166;-00:40:42.612;2.69E+20;0.8;-999/-999;141553.0;4.09619e-15;9.32824e-16;1.88917e-15;8.32573e-16;-9.990E+02;3.21954e-15;1.3144e-15;-9.990E+02;6.99246e-15;2.40534e-15;-9.990E+02
02:14:28.821;-00:52:58.914;2.61E+20;0.8;-999/-999;142428.0;2.19138e-15;7.38666e-16;8.90514e-16;6.15361e-16;-9.990E+02;3.05359e-15;1.39527e-15;-9.990E+02;1.99081e-15;1.37569e-15;-9.990E+02
02:14:08.633;-00:44:41.239;2.63E+20;0.8;-999/-999;138954.0;2.53657e-15;7.93962e-16;2.06401e-15;9.57558e-16;-9.990E+02;1.00927e-15;8.10604e-16;-9.990E+02;3.83957e-15;1.93217e-15;-9.990E+02
02:14:43.454;-00:53:18.201;2.63E+20;0.8;-999/-999;134361.0;3.75489e-15;9.03474e-16;1.80459e-15;8.44137e-16;-9.990E+02;2.64818e-15;1.23875e-15;-9.990E+02;6.71709e-15;2.45306e-15;-9.990E+02
02:14:54.190;-00:39:44.892;2.70E+20;0.8;-999/-999;142104.0;4.92894e-15;1.00171e-15;2.9044e-15;1.0254e-15;-9.990E+02;4.85201e-15;1.60694e-15;-9.990E+02;5.52727e-15;2.11124e-15;-9.990E+02
02:14:25.605;-00:38:58.580;2.67E+20;0.619;+0.21/-0.17;136973.0;1.41929e-14;1.5805e-15;7.64e-15;1.44127e-15;-9.990E+02;1.00356e-14;2.05851e-15;-9.990E+02;1.64269e-14;3.33333e-15;-9.990E+02
02:14:22.228;-00:52:57.620;2.50E+20;0.8;-999/-999;139087.0;6.86392e-15;1.13104e-15;2.9166e-15;9.91311e-16;-9.990E+02;7.01503e-15;1.88317e-15;-9.990E+02;9.86624e-15;2.7563e-15;-9.990E+02
02:14:05.477;-00:45:04.573;2.62E+20;0.8;-999/-999;140557.0;5.56802e-15;1.05367e-15;2.70789e-15;1.01275e-15;-9.990E+02;3.97632e-15;1.48714e-15;-9.990E+02;9.82498e-15;2.86562e-15;-9.990E+02
02:14:31.204;-00:53:41.177;2.61E+20;0.8;-999/-999;139806.0;2.74811e-15;8.07061e-16;1.117e-15;6.9198e-16;-9.990E+02;3.28301e-15;1.42926e-15;-9.990E+02;3.32933e-15;1.75651e-15;-9.990E+02
02:14:16.883;-00:52:26.760;2.50E+20;0.979;+0.21/-0.17;141162.0;1.34676e-14;1.3932e-15;1.17054e-14;1.9756e-15;-9.990E+02;1.47685e-14;2.61112e-15;-9.990E+02;1.34166e-14;3.02245e-15;-9.990E+02
02:14:06.422;-00:42:33.571;2.63E+20;0.8;-999/-999;140390.0;4.74871e-15;9.85608e-16;3.28919e-15;1.10573e-15;-9.990E+02;4.38767e-15;1.55286e-15;-9.990E+02;4.67288e-15;1.97419e-15;-9.990E+02
02:14:34.261;-00:54:25.441;2.61E+20;0.8;-999/-999;137840.0;3.90399e-15;9.02814e-16;2.70094e-15;-1.58852e-12;3.03343e-15;4.71581e-15;1.58575e-15;-9.990E+02;8.20349e-15;2.5817e-15;-9.990E+02
02:15:02.680;-00:51:43.829;2.66E+20;0.8;-999/-999;110011.0;5.53875e-15;1.10994e-15;2.30076e-15;9.61715e-16;-9.990E+02;5.89472e-15;1.87823e-15;-9.990E+02;7.68172e-15;2.6579e-15;-9.990E+02
02:14:15.866;-00:52:48.244;2.50E+20;0.8;-999/-999;139784.0;8.11352e-15;1.22643e-15;4.87773e-15;1.22373e-15;-9.990E+02;7.81765e-15;1.88493e-15;-9.990E+02;9.16074e-15;2.49779e-15;-9.990E+02
02:15:10.648;-00:48:01.767;2.68E+20;0.8;-999/-999;104507.0;6.46705e-15;1.19303e-15;5.07777e-15;1.42279e-15;-9.990E+02;4.64185e-15;1.64414e-15;-9.990E+02;7.05697e-15;2.49957e-15;-9.990E+02
02:14:49.005;-00:37:51.687;2.70E+20;0.8;-999/-999;135518.0;4.36908e-15;9.87984e-16;2.43853e-15;9.82692e-16;-9.990E+02;4.75277e-15;1.64805e-15;-9.990E+02;4.51286e-15;1.9798e-15;-9.990E+02
02:14:48.018;-00:54:20.726;2.63E+20;0.8;-999/-999;113665.0;4.40375e-15;1.01299e-15;3.32539e-15;1.17257e-15;-9.990E+02;3.25587e-15;1.40306e-15;-9.990E+02;4.95244e-15;2.13417e-15;-9.990E+02
02:14:53.539;-00:38:02.267;2.70E+20;0.8;-999/-999;132057.0;4.27029e-15;9.87984e-16;2.5186e-15;1.01909e-15;-9.990E+02;4.28848e-15;1.59489e-15;-9.990E+02;4.65885e-15;2.0606e-15;-9.990E+02
02:15:08.609;-00:41:30.742;2.71E+20;0.504;+0.16/-0.14;98578.1;2.77251e-14;2.5719e-15;1.03695e-14;1.8232e-15;-9.990E+02;2.10838e-14;3.32487e-15;-9.990E+02;3.36881e-14;5.31255e-15;-9.990E+02
02:14:26.033;-00:54:37.789;2.49E+20;0.8;-999/-999;135188.0;3.71336e-15;8.99052e-16;2.43941e-15;9.73617e-16;-9.990E+02;3.61318e-15;1.44209e-15;-9.990E+02;3.67069e-15;1.79711e-15;-9.990E+02
02:15:12.320;-00:47:08.503;2.69E+20;0.8;-999/-999;101186.0;9.59711e-15;1.3718e-15;4.92416e-15;1.33348e-15;-9.990E+02;1.03975e-14;2.43636e-15;-9.990E+02;1.09412e-14;2.9629e-15;-9.990E+02
02:14:47.883;-00:37:21.399;2.70E+20;0.8;-999/-999;132230.0;7.78586e-15;1.2487e-15;4.30201e-15;1.22291e-15;-9.990E+02;8.17293e-15;2.03437e-15;-9.990E+02;8.59797e-15;2.56431e-15;-9.990E+02
02:14:29.817;-00:54:55.685;2.49E+20;0.8;-999/-999;133024.0;7.05483e-15;1.15787e-15;3.95509e-15;1.18032e-15;-9.990E+02;5.12633e-15;1.63901e-15;-9.990E+02;1.11532e-14;2.99644e-15;-9.990E+02
02:14:00.332;-00:45:51.666;2.51E+20;0.8;-999/-999;142251.0;4.51322e-15;9.95063e-16;2.26175e-15;9.51937e-16;-9.990E+02;4.6006e-15;1.64256e-15;-9.990E+02;5.73028e-15;2.28726e-15;-9.990E+02
02:14:02.441;-00:49:38.927;2.50E+20;0.8;-999/-999;141934.0;3.42583e-15;8.85755e-16;1.0011e-15;6.31333e-16;-9.990E+02;3.45837e-15;1.43942e-15;-9.990E+02;6.02099e-15;2.34646e-15;-9.990E+02
02:15:07.831;-00:51:26.417;2.67E+20;0.8;-999/-999;87964.1;7.74913e-15;1.34338e-15;2.28103e-15;-2.36987e-12;5.65476e-15;1.37677e-14;2.72803e-15;-9.990E+02;9.51883e-15;2.90359e-15;-9.990E+02
02:14:16.904;-00:37:58.676;2.66E+20;-0.438;+0.18/-0.15;127420.0;3.20035e-14;3.20775e-15;1.96321e-15;6.68821e-16;-9.990E+02;1.28274e-14;2.51091e-15;-9.990E+02;5.71235e-14;7.10846e-15;-9.990E+02
02:15:04.197;-00:52:39.772;2.66E+20;0.8;-999/-999;89274.3;8.64385e-15;1.3703e-15;6.10263e-15;1.56303e-15;-9.990E+02;7.44633e-15;2.09822e-15;-9.990E+02;9.06077e-15;2.85937e-15;-9.990E+02
02:14:51.077;-00:37:10.188;2.70E+20;0.8;-999/-999;124144.0;3.15194e-15;9.19374e-16;1.99086e-15;9.71773e-16;-9.990E+02;3.48891e-15;1.54882e-15;-9.990E+02;2.65212e-15;1.68727e-15;-9.990E+02
02:14:02.456;-00:50:38.449;2.50E+20;0.8;-999/-999;141248.0;4.1208e-15;9.67517e-16;2.75178e-15;1.04506e-15;-9.990E+02;4.5824e-15;1.64839e-15;-9.990E+02;3.10151e-15;1.66089e-15;-9.990E+02
02:14:25.650;-00:37:05.667;2.67E+20;0.8;-999/-999;129637.0;7.57778e-15;1.24743e-15;2.83948e-15;1.05058e-15;-9.990E+02;6.52956e-15;1.93442e-15;-9.990E+02;1.35375e-14;3.43152e-15;-9.990E+02
02:14:33.831;-00:36:19.711;2.69E+20;0.8;-999/-999;128237.0;3.03579e-15;8.9167e-16;1.34123e-15;7.87962e-16;-9.990E+02;2.44983e-15;1.27187e-15;-9.990E+02;5.21364e-15;2.29814e-15;-9.990E+02
02:13:57.403;-00:47:16.439;2.51E+20;0.8;-999/-999;141899.0;4.39736e-15;9.95063e-16;4.15247e-15;1.29762e-15;-9.990E+02;1.75537e-15;1.02585e-15;-9.990E+02;5.34629e-15;2.16717e-15;-9.990E+02
02:14:02.266;-00:50:57.111;2.50E+20;0.8;-999/-999;141037.0;4.36609e-15;1.0084e-15;2.12666e-15;9.31354e-16;-9.990E+02;2.51784e-15;1.23788e-15;-9.990E+02;8.63296e-15;2.82846e-15;-9.990E+02
02:14:48.082;-00:36:12.344;2.70E+20;0.8;-999/-999;118385.0;6.64556e-15;1.2487e-15;3.35571e-15;1.19597e-15;-9.990E+02;6.53905e-15;1.98901e-15;-9.990E+02;8.70033e-15;2.85953e-15;-9.990E+02
02:14:03.126;-00:51:35.090;2.50E+20;0.8;-999/-999;138315.0;6.42649e-15;1.14467e-15;4.63886e-15;1.29659e-15;-9.990E+02;4.90415e-15;1.62223e-15;-9.990E+02;7.46969e-15;2.47087e-15;-9.990E+02
02:14:40.560;-00:35:44.114;2.70E+20;0.8;-999/-999;123590.0;9.27196e-15;1.3722e-15;1.14283e-14;1.94112e-15;-9.990E+02;6.53196e-15;1.79585e-15;-9.990E+02;1.1033e-15;8.98046e-16;-9.990E+02
02:14:55.030;-00:55:07.384;2.63E+20;0.773;+0.22/-0.17;81739.0;1.6954e-14;1.96e-15;1.27936e-14;2.29925e-15;-9.990E+02;1.20392e-14;2.61512e-15;-9.990E+02;1.8403e-14;3.99743e-15;-9.990E+02
02:14:02.418;-00:39:52.871;2.64E+20;0.519;+0.15/-0.13;125196.0;2.69224e-14;2.37202e-15;1.05656e-14;1.71998e-15;-9.990E+02;2.03522e-14;3.00722e-15;-9.990E+02;3.24671e-14;4.79729e-15;-9.990E+02
02:14:16.834;-00:55:12.435;2.49E+20;0.8;-999/-999;128831.0;4.60832e-15;1.03527e-15;5.38246e-15;1.47248e-15;-9.990E+02;2.99059e-15;1.32754e-15;-9.990E+02;1.51814e-15;1.15571e-15;-9.990E+02
02:14:13.697;-00:54:45.617;2.49E+20;0.8;-999/-999;129905.0;3.69565e-15;9.5354e-16;2.77596e-15;1.08318e-15;-9.990E+02;3.4258e-15;1.46861e-15;-9.990E+02;3.13161e-15;1.74002e-15;-9.990E+02
02:14:39.175;-00:35:19.502;2.69E+20;0.8;-999/-999;118144.0;3.38012e-15;9.87696e-16;1.83777e-15;9.7174e-16;-9.990E+02;2.6862e-15;1.42036e-15;-9.990E+02;5.10482e-15;2.39941e-15;-9.990E+02
02:14:02.565;-00:52:22.872;2.49E+20;0.8;-999/-999;132834.0;3.07449e-15;9.12674e-16;1.53931e-15;8.62387e-16;-9.990E+02;1.71007e-15;1.09138e-15;-9.990E+02;6.08012e-15;2.5543e-15;-9.990E+02
02:14:11.944;-00:37:08.639;2.66E+20;0.8;-999/-999;115562.0;7.00634e-15;1.24697e-15;4.49655e-15;1.33034e-15;-9.990E+02;1.64655e-15;9.56475e-16;-9.990E+02;1.50241e-14;3.60922e-15;-9.990E+02
02:13:58.160;-00:40:22.209;2.63E+20;0.8;-999/-999;115089.0;4.15735e-15;1.06774e-15;1.04709e-15;6.84384e-16;-9.990E+02;7.68108e-16;7.02948e-16;-9.990E+02;1.28578e-14;3.55246e-15;-9.990E+02
02:14:18.243;-00:35:30.532;2.67E+20;0.8;-999/-999;101016.0;5.59698e-15;1.26114e-15;2.08132e-15;1.03388e-15;-9.990E+02;3.80862e-15;1.67615e-15;-9.990E+02;1.15767e-14;3.5398e-15;-9.990E+02
02:14:16.639;-00:35:38.423;2.67E+20;0.8;-999/-999;99116.8;5.35983e-15;1.24743e-15;3.15417e-15;1.27087e-15;-9.990E+02;9.23634e-16;8.1841e-16;-9.990E+02;1.26433e-14;3.7709e-15;-9.990E+02
02:13:51.413;-00:48:46.274;2.50E+20;0.8;-999/-999;112565.0;7.2591e-15;1.33545e-15;5.09032e-15;1.53235e-15;-9.990E+02;6.27958e-15;2.04758e-15;-9.990E+02;7.64741e-15;2.78269e-15;-9.990E+02
02:14:23.032;-00:34:45.461;2.68E+20;0.8;-999/-999;92184.6;6.91821e-15;1.3713e-15;3.49097e-15;1.34164e-15;-9.990E+02;5.10604e-15;1.96233e-15;-9.990E+02;1.16467e-14;3.64646e-15;-9.990E+02
02:15:14.556;-00:39:06.088;2.72E+20;0.659;+0.10/-0.09;40539.1;7.87098e-14;4.6092e-15;5.28988e-14;4.78945e-15;-9.990E+02;4.59328e-14;5.37855e-15;-9.990E+02;8.94415e-14;9.36314e-15;-9.990E+02
02:15:10.067;-00:36:39.447;2.82E+20;1.144;+0.13/-0.11;29300.2;5.09455e-14;3.30165e-15;5.05836e-14;5.37646e-15;-9.990E+02;7.51345e-14;7.38266e-15;-9.990E+02;4.73001e-14;6.83657e-15;-9.990E+02
02:14:06.846;-00:56:25.766;2.48E+20;1.977;+0.14/-0.12;69428.7;2.27576e-14;1.09445e-15;1.25334e-13;7.18461e-15;-9.990E+02;4.7641e-14;4.8422e-15;-9.990E+02;1.49793e-14;2.85255e-15;-9.990E+02
02:13:47.074;-00:42:44.195;2.52E+20;0.8;-999/-999;86171.2;7.75343e-15;1.49996e-15;2.5528e-15;1.15127e-15;-9.990E+02;7.54003e-15;2.40701e-15;-9.990E+02;1.33996e-14;4.0732e-15;-9.990E+02
02:13:44.587;-00:37:47.209;2.63E+20;0.057;+0.14/-0.11;36664.0;8.82607e-14;7.15803e-15;1.83071e-14;3.06975e-15;-9.990E+02;4.21309e-14;6.31964e-15;-9.990E+02;1.28569e-13;1.46512e-14;-9.990E+02
02:13:35.514;-00:47:56.561;2.50E+20;0.882;+0.13/-0.11;35655.6;6.40388e-14;4.56876e-15;2.44824e-14;3.93077e-15;-9.990E+02;9.74737e-14;9.48051e-15;-9.990E+02;6.64607e-14;9.47934e-15;-9.990E+02
03:49:00.556;-00:54:48.433;9.74E+20;0.665;+0.15/-0.12;92305.7;4.29852e-14;3.2841e-15;2.30709e-14;3.57906e-15;-9.990E+02;3.42799e-14;4.33313e-15;-9.990E+02;4.88316e-14;6.28084e-15;-9.990E+02
03:49:03.825;-00:53:49.550;9.75E+20;0.8;-999/-999;86449.0;5.0777e-15;1.32214e-15;3.19917e-15;1.62687e-15;-9.990E+02;2.33784e-15;1.36326e-15;-9.990E+02;8.81934e-15;3.1377e-15;-9.990E+02
03:48:55.997;-00:54:40.088;9.73E+20;0.8;-999/-999;94154.3;4.72901e-15;1.30478e-15;1.86053e-15;1.26431e-15;-9.990E+02;6.65487e-15;2.33999e-15;-9.990E+02;3.42248e-15;2.01274e-15;-9.990E+02
03:48:51.445;-00:55:34.763;9.70E+20;0.8;-999/-999;93202.6;3.48027e-15;1.18684e-15;1.49174e-15;1.20995e-15;-9.990E+02;1.45719e-15;1.18192e-15;-9.990E+02;7.21714e-15;3.08349e-15;-9.990E+02
03:48:51.472;-00:54:10.607;9.72E+20;0.8;-999/-999;92008.3;4.94529e-15;1.33792e-15;2.50025e-15;1.44861e-15;-9.990E+02;5.69148e-15;2.17455e-15;-9.990E+02;4.60171e-15;2.30685e-15;-9.990E+02
03:48:53.230;-00:53:35.420;9.73E+20;0.8;-999/-999;92357.7;4.37939e-15;1.27133e-15;5.17254e-15;2.116e-15;-9.990E+02;1.68066e-15;1.2008e-15;-9.990E+02;4.75486e-15;2.3886e-15;-9.990E+02
03:48:50.109;-00:54:00.706;9.70E+20;0.8;-999/-999;91557.1;6.35542e-15;1.48772e-15;1.1528e-15;9.83724e-16;-9.990E+02;9.00877e-15;2.7161e-15;-9.990E+02;6.37287e-15;2.71964e-15;-9.990E+02
03:48:46.911;-00:54:27.186;9.67E+20;0.835;+0.25/-0.19;89450.8;1.75811e-14;2.12017e-15;6.8548e-15;2.13075e-15;-9.990E+02;2.15202e-14;3.74215e-15;-9.990E+02;1.86216e-14;4.07722e-15;-9.990E+02
03:49:20.546;-00:55:03.056;9.81E+20;0.8;-999/-999;65878.9;1.27251e-14;2.01108e-15;3.01305e-15;1.53053e-15;-9.990E+02;1.46328e-14;3.30395e-15;-9.990E+02;1.65398e-14;4.20251e-15;-9.990E+02
03:48:50.007;-00:58:34.154;9.67E+20;0.8;-999/-999;89458.5;5.00649e-15;1.40322e-15;1.07196e-14;3.00385e-15;-9.990E+02;5.76505e-15;-3.22966e-12;3.45749e-15;1.48423e-15;1.37257e-15;-9.990E+02
03:49:09.415;-00:50:44.040;9.80E+20;1.118;+0.28/-0.21;60701.3;1.45716e-14;1.84618e-15;1.19701e-14;3.11362e-15;-9.990E+02;2.07469e-14;3.85649e-15;-9.990E+02;1.37448e-14;3.57525e-15;-9.990E+02
03:49:04.028;-01:00:09.174;9.69E+20;0.8;-999/-999;94445.2;3.86572e-15;1.25347e-15;4.20259e-15;1.98707e-15;-9.990E+02;2.05404e-15;1.39117e-15;-9.990E+02;3.8754e-15;2.26532e-15;-9.990E+02
03:48:58.141;-01:00:59.366;9.67E+20;0.8;-999/-999;95370.8;4.93633e-15;1.3531e-15;2.32409e-15;1.38824e-15;-9.990E+02;5.68423e-15;2.13746e-15;-9.990E+02;4.82741e-15;2.33173e-15;-9.990E+02
03:48:57.273;-01:01:52.001;9.66E+20;0.8;-999/-999;92683.6;9.59305e-15;1.83711e-15;3.76471e-15;1.78053e-15;-9.990E+02;8.84293e-15;2.73908e-15;-9.990E+02;1.35566e-14;3.87689e-15;-9.990E+02
03:49:04.148;-01:02:20.654;9.67E+20;0.8;-999/-999;90445.0;4.15954e-15;1.30299e-15;3.56088e-15;1.81309e-15;-9.990E+02;1.74222e-15;1.25538e-15;-9.990E+02;6.16566e-15;2.81921e-15;-9.990E+02
03:48:34.769;-00:57:39.538;9.55E+20;0.8;-999/-999;86250.4;1.47273e-14;2.16554e-15;1.28185e-14;3.04551e-15;-9.990E+02;1.06761e-14;2.74782e-15;-9.990E+02;1.51279e-14;3.8936e-15;-9.990E+02
03:48:32.390;-00:53:59.790;9.56E+20;0.931;+0.22/-0.18;87393.1;2.18426e-14;2.42864e-15;1.97347e-14;3.81638e-15;-9.990E+02;2.01237e-14;3.58042e-15;-9.990E+02;2.22358e-14;4.599e-15;-9.990E+02
03:48:39.686;-01:00:24.776;9.57E+20;0.8;-999/-999;93225.5;4.25316e-15;1.34995e-15;1.53483e-15;1.29558e-15;-9.990E+02;3.77404e-15;2.00964e-15;-9.990E+02;6.41515e-15;3.08777e-15;-9.990E+02
03:49:18.973;-01:02:35.153;9.71E+20;0.8;-999/-999;77748.6;1.00019e-14;1.8392e-15;3.3702e-15;1.70403e-15;-9.990E+02;6.58401e-15;2.32943e-15;-9.990E+02;1.86178e-14;4.70784e-15;-9.990E+02
03:48:47.672;-00:47:34.536;9.75E+20;0.949;+0.18/-0.14;49795.8;3.06418e-14;2.8595e-15;2.16681e-14;4.1051e-15;-9.990E+02;3.50025e-14;4.8236e-15;-9.990E+02;3.09092e-14;5.204e-15;-9.990E+02
03:48:29.068;-00:53:45.911;9.54E+20;0.8;-999/-999;87970.1;4.48519e-15;1.38236e-15;5.25613e-15;2.23785e-15;-9.990E+02;1.03484e-15;9.85653e-16;-9.990E+02;5.86491e-15;2.79414e-15;-9.990E+02
03:48:27.869;-00:54:57.744;9.52E+20;0.8;-999/-999;86686.1;8.65145e-15;1.83117e-15;2.13177e-15;1.40026e-15;-9.990E+02;9.45851e-15;2.81719e-15;-9.990E+02;1.19145e-14;3.87331e-15;-9.990E+02
03:49:34.192;-00:50:56.998;9.94E+20;0.796;+0.07/-0.07;13608.9;2.40338e-13;9.2697e-15;1.26621e-13;1.01928e-14;-9.990E+02;2.44729e-13;1.41616e-14;-9.990E+02;2.59262e-13;1.73896e-14;-9.990E+02
03:48:30.611;-00:50:34.616;9.58E+20;0.218;+0.25/-0.20;67968.7;2.50559e-14;3.40125e-15;5.54047e-15;1.89158e-15;-9.990E+02;1.52732e-14;3.38527e-15;-9.990E+02;3.42683e-14;6.4691e-15;-9.990E+02
03:48:26.426;-00:56:54.351;9.49E+20;0.8;-999/-999;89883.4;5.3415e-15;1.48051e-15;6.24718e-15;2.36039e-15;-9.990E+02;3.69792e-15;1.8023e-15;-9.990E+02;3.4963e-15;2.11488e-15;-9.990E+02
03:48:26.558;-00:52:47.083;9.53E+20;0.672;+0.07/-0.07;81370.1;1.49335e-13;6.3308e-15;7.79621e-14;6.39545e-15;-9.990E+02;1.2302e-13;8.43918e-15;-9.990E+02;1.69304e-13;1.1709e-14;-9.990E+02
03:48:55.972;-01:04:38.422;9.63E+20;0.624;+0.14/-0.12;87777.6;5.16025e-14;3.91776e-15;2.74116e-14;3.9101e-15;-9.990E+02;3.8249e-14;4.96766e-15;-9.990E+02;5.96689e-14;7.25934e-15;-9.990E+02
03:48:49.244;-01:04:36.865;9.62E+20;0.745;+0.21/-0.17;86881.4;2.6409e-14;2.94202e-15;1.74894e-14;3.43653e-15;-9.990E+02;2.11864e-14;4.06272e-15;-9.990E+02;2.89947e-14;5.36689e-15;-9.990E+02
03:48:24.664;-00:57:10.315;9.48E+20;0.073;+0.28/-0.21;84157.7;2.27689e-14;3.33088e-15;5.05776e-15;1.74678e-15;-9.990E+02;1.09869e-14;3.0686e-15;-9.990E+02;3.30198e-14;6.47173e-15;-9.990E+02
03:48:48.187;-01:05:08.784;9.61E+20;0.8;-999/-999;85621.0;1.1931e-14;2.16866e-15;7.54427e-15;2.60111e-15;-9.990E+02;1.2695e-14;3.42084e-15;-9.990E+02;1.04839e-14;3.61464e-15;-9.990E+02
03:48:31.782;-01:02:50.549;9.49E+20;0.8;-999/-999;83351.2;9.18585e-15;1.9962e-15;1.78974e-15;1.36458e-15;-9.990E+02;1.06033e-14;3.33232e-15;-9.990E+02;1.25292e-14;4.27223e-15;-9.990E+02
03:48:26.727;-01:01:55.507;9.46E+20;0.8;-999/-999;81889.8;8.68936e-15;1.99488e-15;2.53689e-15;1.60157e-15;-9.990E+02;1.25423e-14;3.45519e-15;-9.990E+02;7.11648e-15;3.18527e-15;-9.990E+02
03:48:34.820;-01:03:59.063;9.51E+20;0.8;-999/-999;84205.1;7.0533e-15;1.83073e-15;8.25676e-15;3.07019e-15;-9.990E+02;4.88229e-15;2.32399e-15;-9.990E+02;4.61544e-15;2.69542e-15;-9.990E+02
03:48:45.799;-01:06:02.040;9.58E+20;0.8;-999/-999;78206.7;7.31646e-15;1.8337e-15;1.90778e-15;1.39025e-15;-9.990E+02;3.74916e-15;1.91917e-15;-9.990E+02;1.59347e-14;4.60832e-15;-9.990E+02
03:48:42.300;-01:05:44.178;9.56E+20;0.8;-999/-999;79802.6;1.68953e-14;2.4993e-15;7.42702e-15;2.48205e-15;-9.990E+02;2.19277e-14;4.07037e-15;-9.990E+02;1.38048e-14;3.98843e-15;-9.990E+02
03:48:19.524;-00:50:55.751;9.49E+20;0.8;-999/-999;47022.6;1.62125e-14;2.6616e-15;8.42941e-15;2.93415e-15;-9.990E+02;1.66366e-14;4.09771e-15;-9.990E+02;1.76911e-14;4.97845e-15;-9.990E+02
03:48:23.297;-00:48:37.563;9.54E+20;0.604;+0.21/-0.17;32995.3;3.95284e-14;4.52184e-15;2.37578e-14;4.90691e-15;-9.990E+02;2.51551e-14;5.1955e-15;-9.990E+02;4.6149e-14;8.39124e-15;-9.990E+02
03:49:24.416;-01:05:59.367;9.69E+20;0.455;+0.13/-0.11;42584.8;8.62527e-14;6.1419e-15;4.26842e-15;1.76232e-15;-9.990E+02;9.01695e-14;8.44921e-15;-9.990E+02;1.06875e-13;1.1664e-14;-9.990E+02
03:48:57.474;-01:07:25.334;9.59E+20;0.8;-999/-999;68199.4;1.41129e-14;2.5011e-15;7.3628e-15;2.7678e-15;-9.990E+02;1.08503e-14;3.29546e-15;-9.990E+02;2.04879e-14;5.446e-15;-9.990E+02
03:49:06.131;-01:07:36.564;9.60E+20;0.874;+0.14/-0.12;46079.0;6.80486e-14;4.9104e-15;6.54898e-14;7.57714e-15;-9.990E+02;5.08472e-14;6.58338e-15;-9.990E+02;7.10034e-14;9.19307e-15;-9.990E+02
03:48:15.056;-00:51:44.133;9.45E+20;0.088;+0.28/-0.21;44565.5;3.00897e-14;4.49806e-15;6.05382e-15;2.31011e-15;-9.990E+02;1.56999e-14;4.08656e-15;-9.990E+02;4.34083e-14;8.60555e-15;-9.990E+02
03:48:19.379;-01:02:49.220;9.40E+20;0.640;+0.24/-0.18;73284.1;2.76447e-14;3.49467e-15;1.54873e-14;3.5056e-15;-9.990E+02;2.03618e-14;4.30059e-15;-9.990E+02;3.17276e-14;6.28203e-15;-9.990E+02
03:48:13.264;-01:00:14.854;9.37E+20;0.8;-999/-999;68265.6;1.71364e-14;2.82013e-15;1.32885e-14;3.73291e-15;-9.990E+02;1.76065e-14;4.48312e-15;-9.990E+02;1.24888e-14;4.3384e-15;-9.990E+02
03:49:17.718;-01:08:38.211;9.61E+20;1.587;+0.15/-0.13;18520.5;6.44058e-14;4.04962e-15;1.12503e-13;1.29553e-14;-9.990E+02;1.47171e-13;1.28121e-14;-9.990E+02;4.98692e-14;8.15578e-15;-9.990E+02
03:48:57.907;-01:09:38.071;9.56E+20;0.714;+0.10/-0.09;33718.1;1.35618e-13;7.75764e-15;1.12008e-13;1.05189e-14;-9.990E+02;7.87566e-14;8.67637e-15;-9.990E+02;1.51232e-13;1.44105e-14;-9.990E+02
03:48:31.367;-01:09:39.150;9.33E+20;0.322;+0.26/-0.20;45959.4;4.585e-14;6.28082e-15;9.39149e-15;3.37548e-15;-9.990E+02;3.3535e-14;7.17335e-15;-9.990E+02;6.00837e-14;1.18976e-14;-9.990E+02
01:10:32.928;-01:19:14.096;4.98E+20;0.8;-999/-999;1997.4;5.37923e-14;2.2155e-14;0;-4.30975e-11;3.46391e-13;0;-5.45497e-11;4.38437e-13;1.96908e-13;8.1099e-14;-9.990E+02
01:10:46.231;-01:18:41.168;4.96E+20;0.8;-999/-999;2141.6;4.85079e-14;2.2143e-14;4.7173e-14;2.9476e-14;-9.990E+02;5.97787e-14;3.73526e-14;-9.990E+02;1.77658e-13;-8.09894e-11;5.87146e-13
01:10:01.159;-01:30:05.729;5.01E+20;0.8;-999/-999;2061.2;1.84209e-13;4.28736e-14;7.98646e-14;3.92404e-14;-9.990E+02;3.02717e-13;8.62251e-14;-9.990E+02;7.48856e-14;5.11979e-14;-9.990E+02
23:47:00.864;+00:15:56.791;3.27E+20;0.8;-999/-999;78748.2;7.67181e-15;1.53912e-15;2.89554e-15;1.28727e-15;-9.990E+02;7.33642e-15;2.41538e-15;-9.990E+02;1.23209e-14;3.8327e-15;-9.990E+02
23:47:10.406;+00:19:08.244;3.28E+20;0.989;+0.04/-0.04;81163.8;3.00515e-13;6.99976e-15;2.60565e-13;9.74617e-15;-9.990E+02;3.3719e-13;1.26407e-14;-9.990E+02;2.98681e-13;1.43203e-14;-9.990E+02
23:47:06.154;+00:12:34.566;3.27E+20;0.8;-999/-999;81594.8;4.06887e-15;1.18932e-15;5.26623e-16;5.67191e-16;-9.990E+02;3.7039e-15;1.81983e-15;-9.990E+02;8.96167e-15;3.47359e-15;-9.990E+02
23:47:28.805;+00:14:13.931;3.28E+20;0.8;-999/-999;82069.8;4.06193e-15;1.23174e-15;4.33134e-16;5.58228e-16;-9.990E+02;6.09194e-15;2.51244e-15;-9.990E+02;5.52151e-15;2.94193e-15;-9.990E+02
23:47:29.942;+00:16:14.671;3.28E+20;0.8;-999/-999;77913.5;1.22208e-14;1.81961e-15;5.98826e-16;5.56706e-16;-9.990E+02;2.52635e-15;1.33366e-15;-9.990E+02;4.19883e-14;6.57297e-15;-9.990E+02
23:47:26.456;+00:13:02.505;3.27E+20;0.8;-999/-999;84044.0;8.60088e-15;1.53912e-15;3.63591e-15;1.31491e-15;-9.990E+02;7.31145e-15;2.21484e-15;-9.990E+02;1.43592e-14;3.81275e-15;-9.990E+02
23:47:28.038;+00:19:04.583;3.28E+20;0.8;-999/-999;83683.0;3.65462e-15;1.20374e-15;2.89771e-15;1.44023e-15;-9.990E+02;2.91143e-15;1.71873e-15;-9.990E+02;3.51888e-15;2.3186e-15;-9.990E+02
23:47:32.211;+00:17:01.182;3.28E+20;0.8;-999/-999;81796.0;8.76632e-15;1.67964e-15;4.70688e-15;1.68636e-15;-9.990E+02;6.62012e-15;2.37182e-15;-9.990E+02;1.37606e-14;4.23064e-15;-9.990E+02
23:46:53.345;+00:15:42.385;3.27E+20;1.188;+0.16/-0.14;83534.1;2.59183e-14;2.04926e-15;3.5007e-14;3.96419e-15;-9.990E+02;3.03188e-14;4.17667e-15;-9.990E+02;2.37079e-14;4.27617e-15;-9.990E+02
23:47:25.838;+00:20:25.832;3.29E+20;0.8;-999/-999;83880.5;3.63212e-15;1.17617e-15;2.63579e-15;1.33796e-15;-9.990E+02;2.77934e-15;1.60792e-15;-9.990E+02;4.19891e-15;2.42919e-15;-9.990E+02
23:46:53.436;+00:19:01.107;3.28E+20;0.8;-999/-999;79362.3;4.23129e-15;1.24573e-15;1.91675e-15;1.09895e-15;-9.990E+02;2.69587e-15;1.54565e-15;-9.990E+02;8.14746e-15;3.19913e-15;-9.990E+02
23:47:24.227;+00:21:09.295;3.29E+20;0.8;-999/-999;84004.3;5.16954e-15;1.34419e-15;3.12588e-15;1.42506e-15;-9.990E+02;3.51352e-15;1.79245e-15;-9.990E+02;7.96428e-15;3.34478e-15;-9.990E+02
23:46:54.968;+00:20:31.331;3.28E+20;0.8;-999/-999;83599.5;5.5946e-15;1.3997e-15;4.82867e-15;1.74446e-15;-9.990E+02;2.71586e-15;1.53887e-15;-9.990E+02;7.18228e-15;3.06703e-15;-9.990E+02
23:47:38.066;+00:18:28.781;3.29E+20;0.8;-999/-999;85271.2;9.03129e-15;1.68024e-15;6.3e-16;6.09432e-16;-9.990E+02;5.31097e-15;2.09119e-15;-9.990E+02;2.54188e-14;5.71034e-15;-9.990E+02
23:47:28.642;+00:10:18.371;3.27E+20;0.8;-999/-999;83995.8;3.02507e-15;1.07738e-15;2.95132e-15;1.38159e-15;-9.990E+02;2.37399e-15;1.45836e-15;-9.990E+02;1.79395e-15;1.56479e-15;-9.990E+02
23:47:37.179;+00:12:18.261;3.28E+20;0.8;-999/-999;79895.5;5.28247e-15;1.32972e-15;1.19715e-15;8.91896e-16;-9.990E+02;5.04985e-15;2.13593e-15;-9.990E+02;1.01803e-14;3.73942e-15;-9.990E+02
23:46:58.438;+00:22:30.056;3.29E+20;0.8;-999/-999;82591.3;1.26214e-14;1.96028e-15;1.06447e-14;2.47302e-15;-9.990E+02;1.19711e-14;3.04167e-15;-9.990E+02;7.91575e-15;3.08542e-15;-9.990E+02
23:46:53.717;+00:10:37.426;3.27E+20;0.8;-999/-999;84667.1;7.75856e-15;1.53912e-15;4.01877e-15;1.48175e-15;-9.990E+02;6.59779e-15;2.25695e-15;-9.990E+02;1.13881e-14;3.63266e-15;-9.990E+02
23:47:12.201;+00:08:42.109;3.27E+20;1.674;+0.26/-0.19;82321.7;1.03987e-14;1.00471e-15;3.13739e-14;4.14719e-15;-9.990E+02;1.95443e-14;3.41067e-15;-9.990E+02;7.76148e-15;2.34835e-15;-9.990E+02
23:46:49.898;+00:20:33.934;3.29E+20;0.8;-999/-999;81983.2;4.77048e-15;1.33019e-15;3.56264e-15;1.51165e-15;-9.990E+02;5.72143e-15;2.26037e-15;-9.990E+02;2.16065e-15;1.70771e-15;-9.990E+02
23:47:39.819;+00:12:12.227;3.28E+20;0.8;-999/-999;73815.0;1.16973e-14;1.95958e-15;7.0692e-15;2.09919e-15;-9.990E+02;1.39183e-14;3.40642e-15;-9.990E+02;9.0102e-15;3.39702e-15;-9.990E+02
23:46:51.939;+00:10:28.384;3.27E+20;0.8;-999/-999;84198.0;1.00798e-14;1.81896e-15;7.17546e-15;2.19752e-15;-9.990E+02;9.18124e-15;2.83466e-15;-9.990E+02;9.71117e-15;3.58251e-15;-9.990E+02
23:46:54.606;+00:22:17.024;3.29E+20;0.535;+0.24/-0.19;84288.9;1.92403e-14;2.55855e-15;8.44265e-15;1.94545e-15;-9.990E+02;1.37036e-14;3.18815e-15;-9.990E+02;2.30203e-14;5.03947e-15;-9.990E+02
23:47:29.542;+00:09:24.499;3.27E+20;0.722;+0.28/-0.20;81103.6;1.49824e-14;2.08502e-15;7.5216e-15;1.97342e-15;-9.990E+02;1.44442e-14;3.06051e-15;-9.990E+02;1.65977e-14;4.35468e-15;-9.990E+02
23:46:42.413;+00:15:10.819;3.28E+20;0.8;-999/-999;84393.7;4.39086e-15;1.28772e-15;1.76831e-15;1.08931e-15;-9.990E+02;3.73296e-15;1.86042e-15;-9.990E+02;7.51659e-15;3.27408e-15;-9.990E+02
23:47:26.860;+00:23:15.165;3.30E+20;0.8;-999/-999;85452.5;3.90347e-15;1.20452e-15;1.77129e-15;1.09276e-15;-9.990E+02;4.97245e-15;2.1489e-15;-9.990E+02;3.75843e-15;2.31869e-15;-9.990E+02
23:47:03.783;+00:08:14.994;3.27E+20;0.607;+0.18/-0.15;74597.7;3.46523e-14;3.40683e-15;1.53864e-14;2.78361e-15;-9.990E+02;2.86623e-14;4.49627e-15;-9.990E+02;4.03177e-14;7.02729e-15;-9.990E+02
23:46:46.854;+00:21:01.975;3.29E+20;0.8;-999/-999;79823.4;5.66521e-15;1.4002e-15;2.41843e-15;1.26965e-15;-9.990E+02;5.94629e-15;2.35567e-15;-9.990E+02;7.70006e-15;3.30704e-15;-9.990E+02
23:47:23.181;+00:24:16.735;3.30E+20;0.8;-999/-999;84903.8;6.40214e-15;1.54066e-15;3.05718e-15;1.47218e-15;-9.990E+02;9.44516e-15;3.14125e-15;-9.990E+02;3.89001e-15;2.41198e-15;-9.990E+02
23:46:55.815;+00:23:33.781;3.30E+20;0.8;-999/-999;82049.2;7.9414e-15;1.68072e-15;6.00509e-15;1.86354e-15;-9.990E+02;6.74654e-15;2.37985e-15;-9.990E+02;7.64089e-15;3.19925e-15;-9.990E+02
23:47:47.263;+00:13:34.355;3.29E+20;0.701;+0.13/-0.12;83325.7;4.57833e-14;3.48335e-15;2.40475e-14;3.21727e-15;-9.990E+02;4.06192e-14;5.17004e-15;-9.990E+02;5.12789e-14;7.15957e-15;-9.990E+02
23:47:49.309;+00:11:49.461;3.29E+20;0.8;-999/-999;64619.7;9.00329e-15;1.82026e-15;5.22334e-15;-3.29855e-12;5.99529e-15;1.27492e-14;3.47997e-15;-9.990E+02;1.54109e-14;4.9069e-15;-9.990E+02
23:47:52.121;+00:18:34.790;3.29E+20;0.8;-999/-999;85472.2;8.78626e-15;1.68024e-15;6.70883e-15;1.90447e-15;-9.990E+02;4.71491e-15;1.92737e-15;-9.990E+02;1.24668e-14;3.88238e-15;-9.990E+02
23:46:40.817;+00:22:11.907;3.30E+20;0.8;-999/-999;76530.4;5.78588e-15;1.54066e-15;6.99874e-16;7.16392e-16;-9.990E+02;3.93013e-15;1.98791e-15;-9.990E+02;1.48504e-14;4.8191e-15;-9.990E+02
23:46:42.596;+00:23:01.592;3.30E+20;0.8;-999/-999;80868.2;3.9623e-15;1.30256e-15;2.39568e-15;1.41805e-15;-9.990E+02;3.36506e-15;1.99184e-15;-9.990E+02;5.08332e-15;3.0089e-15;-9.990E+02
23:47:08.498;+00:27:08.628;3.31E+20;0.8;-999/-999;83460.0;1.31745e-14;2.10165e-15;6.46481e-16;6.46736e-16;-9.990E+02;1.17953e-14;3.25941e-15;-9.990E+02;3.1524e-14;6.33068e-15;-9.990E+02
23:47:00.420;+00:05:36.755;3.26E+20;1.369;+0.07/-0.07;14701.1;1.33782e-13;4.81518e-15;2.33524e-13;1.19102e-14;-9.990E+02;1.97355e-13;1.21249e-14;-9.990E+02;1.13393e-13;1.05776e-14;-9.990E+02
23:47:21.828;+00:27:21.153;3.31E+20;0.8;-999/-999;79958.5;1.01776e-14;1.96154e-15;5.27714e-15;1.87383e-15;-9.990E+02;1.23486e-14;3.4197e-15;-9.990E+02;9.32885e-15;3.65551e-15;-9.990E+02
23:47:51.407;+00:09:37.744;3.29E+20;0.873;+0.17/-0.14;40100.3;4.02252e-14;3.55509e-15;3.20899e-14;4.49e-15;-9.990E+02;3.61136e-14;5.56248e-15;-9.990E+02;4.18667e-14;7.36896e-15;-9.990E+02
23:47:14.134;+00:27:45.224;3.31E+20;0.8;-999/-999;82686.4;1.87327e-14;2.52198e-15;1.33747e-14;2.78735e-15;-9.990E+02;2.03419e-14;4.19118e-15;-9.990E+02;1.29957e-14;4.13597e-15;-9.990E+02
23:47:57.027;+00:21:20.588;3.30E+20;0.8;-999/-999;81488.9;9.73277e-15;1.96084e-15;5.88819e-15;2.08387e-15;-9.990E+02;1.03376e-14;3.28403e-15;-9.990E+02;9.37182e-15;3.82853e-15;-9.990E+02
23:46:24.280;+00:19:15.459;3.29E+20;1.695;+0.10/-0.09;15697.7;8.34833e-14;3.48301e-15;3.14475e-13;1.56739e-14;-9.990E+02;1.00171e-13;9.44883e-15;-9.990E+02;6.18447e-14;8.12771e-15;-9.990E+02
23:47:09.826;+00:28:54.315;3.32E+20;0.8;-999/-999;71070.0;1.0847e-14;2.1024e-15;6.15405e-15;2.09971e-15;-9.990E+02;1.38143e-14;3.74903e-15;-9.990E+02;7.82452e-15;3.43772e-15;-9.990E+02
23:47:30.560;+00:30:55.978;3.32E+20;1.084;+0.08/-0.08;17914.1;1.85312e-13;8.25056e-15;1.53025e-13;1.18446e-14;-9.990E+02;2.72521e-13;1.80474e-14;-9.990E+02;1.76843e-13;1.71772e-14;-9.990E+02
00:02:06.611;+00:24:52.898;2.88E+20;0.8;-999/-999;3221.7;1.05079e-13;2.48544e-14;1.19162e-13;3.51359e-14;-9.990E+02;9.82783e-14;3.96736e-14;-9.990E+02;0;-9.68888e-11;2.46371e-13
00:02:57.191;+00:33:43.275;2.91E+20;0.8;-999/-999;3429.9;4.94689e-14;1.93508e-14;5.2974e-14;2.73255e-14;-9.990E+02;2.5426e-14;2.28002e-14;-9.990E+02;3.85637e-14;3.45812e-14;-9.990E+02
01:35:27.593;-00:44:47.990;2.57E+20;0.715;+0.04/-0.04;12202.4;1.04331e-12;2.63574e-14;5.40479e-13;2.3612e-14;-9.990E+02;9.72781e-13;3.91963e-14;-9.990E+02;1.16035e-12;5.39696e-14;-9.990E+02
01:35:33.682;-00:48:16.232;2.58E+20;0.748;+0.25/-0.19;9488.4;5.26806e-14;6.8472e-15;2.50984e-14;6.09024e-15;-9.990E+02;5.62677e-14;1.109e-14;-9.990E+02;5.76093e-14;1.39791e-14;-9.990E+02
01:35:39.295;-00:43:24.598;2.56E+20;0.8;-999/-999;10464.8;3.47247e-14;5.59855e-15;8.7168e-15;3.6456e-15;-9.990E+02;3.85321e-14;9.40126e-15;-9.990E+02;5.86535e-14;1.43106e-14;-9.990E+02
01:35:43.558;-00:48:14.294;2.58E+20;0.176;+0.16/-0.14;11165.8;1.32108e-13;1.25562e-14;2.05705e-14;4.85826e-15;-9.990E+02;9.13752e-14;1.3945e-14;-9.990E+02;1.83451e-13;2.55457e-14;-9.990E+02
01:35:33.689;-00:41:27.856;2.56E+20;0.8;-999/-999;18241.7;2.20938e-14;4.3696e-15;1.45584e-14;4.8e-15;-9.990E+02;1.43089e-14;5.66128e-15;-9.990E+02;3.26715e-14;1.0772e-14;-9.990E+02
01:35:35.523;-00:50:57.876;2.67E+20;0.8;-999/-999;11335.4;2.84167e-14;5.07196e-15;7.17011e-15;3.47613e-15;-9.990E+02;5.24703e-14;1.1153e-14;-9.990E+02;1.59563e-14;7.73573e-15;-9.990E+02
01:35:14.713;-00:38:31.624;2.54E+20;0.407;+0.24/-0.19;25987.8;6.1483e-14;8.35268e-15;6.08246e-15;2.9466e-15;-9.990E+02;6.54953e-14;1.20968e-14;-9.990E+02;7.7706e-14;1.68846e-14;-9.990E+02
01:34:57.969;-00:43:04.407;2.64E+20;0.8;-999/-999;24839.7;1.48169e-14;3.69738e-15;8.70885e-15;3.76756e-15;-9.990E+02;1.27714e-14;5.52505e-15;-9.990E+02;1.94244e-14;8.40325e-15;-9.990E+02
01:35:14.215;-00:53:15.271;2.68E+20;0.8;-999/-999;11361.5;3.4022e-14;5.62233e-15;3.43525e-14;7.51975e-15;-9.990E+02;2.51262e-14;7.67855e-15;-9.990E+02;1.90969e-14;8.2044e-15;-9.990E+02
01:35:00.543;-00:40:59.236;2.55E+20;0.790;+0.15/-0.13;24984.4;1.08008e-13;8.9479e-15;9.38931e-14;1.10288e-14;-9.990E+02;6.25323e-14;1.10724e-14;-9.990E+02;1.16484e-13;1.82152e-14;-9.990E+02
01:34:54.546;-00:43:02.980;2.64E+20;0.8;-999/-999;24994.7;3.03185e-14;5.20372e-15;2.26222e-14;5.92183e-15;-9.990E+02;2.41225e-14;7.3809e-15;-9.990E+02;3.20993e-14;1.05633e-14;-9.990E+02
01:34:52.135;-00:45:23.970;2.65E+20;0.8;-999/-999;25985.7;1.28332e-14;3.56174e-15;7.54829e-15;3.63033e-15;-9.990E+02;1.32722e-14;5.73112e-15;-9.990E+02;1.34562e-14;7.15906e-15;-9.990E+02
01:35:15.259;-00:36:59.122;2.54E+20;0.8;-999/-999;26244.8;1.23292e-14;3.4115e-15;3.33311e-15;2.28214e-15;-9.990E+02;1.47549e-14;5.89701e-15;-9.990E+02;1.87214e-14;8.33737e-15;-9.990E+02
01:35:07.002;-00:54:33.138;2.69E+20;0.371;+0.12/-0.10;7644.7;2.63659e-13;1.82476e-14;1.24925e-13;1.35068e-14;-9.990E+02;1.03691e-13;1.58409e-14;-9.990E+02;3.37878e-13;3.65313e-14;-9.990E+02
01:34:53.770;-00:39:40.722;2.55E+20;0.8;-999/-999;24467.8;1.02451e-14;3.41275e-15;6.74825e-15;3.72665e-15;-9.990E+02;6.6371e-15;4.54266e-15;-9.990E+02;1.51559e-14;8.36969e-15;-9.990E+02
01:35:18.353;-00:35:17.415;2.53E+20;0.8;-999/-999;25069.7;1.54825e-14;3.81948e-15;1.01882e-14;-6.69714e-12;1.49722e-14;1.67265e-14;6.30293e-15;-9.990E+02;3.56648e-14;1.16549e-14;-9.990E+02
01:34:46.365;-00:46:50.651;2.66E+20;0.8;-999/-999;23070.2;2.53506e-14;5.07011e-15;2.63407e-14;6.82585e-15;-9.990E+02;1.15663e-14;5.55464e-15;-9.990E+02;2.34546e-14;9.79877e-15;-9.990E+02
01:35:17.056;-00:33:58.476;2.53E+20;0.8;-999/-999;20773.0;1.39138e-14;3.95589e-15;1.35667e-14;5.10247e-15;-9.990E+02;1.20223e-14;5.86081e-15;-9.990E+02;6.10211e-15;5.09981e-15;-9.990E+02
01:34:59.321;-00:35:50.996;2.53E+20;1.052;+0.21/-0.16;14319.5;7.65422e-14;7.90882e-15;8.11734e-14;1.23415e-14;-9.990E+02;8.14689e-14;1.46817e-14;-9.990E+02;7.37972e-14;1.65944e-14;-9.990E+02
01:34:38.272;-00:43:47.848;2.65E+20;0.8;-999/-999;22892.7;1.52744e-14;4.38368e-15;8.98157e-15;4.46903e-15;-9.990E+02;1.31624e-14;6.54934e-15;-9.990E+02;2.00173e-14;9.96019e-15;-9.990E+02
01:34:44.471;-00:35:00.994;2.53E+20;0.620;+0.16/-0.13;13632.0;1.90926e-13;1.72997e-14;9.9384e-14;1.48395e-14;-9.990E+02;1.40482e-13;2.18599e-14;-9.990E+02;2.20751e-13;3.43504e-14;-9.990E+02
00:21:28.848;-00:50:41.472;2.81E+20;1.140;+0.13/-0.11;17666.2;1.61258e-13;1.0041e-14;1.64469e-13;1.67073e-14;-9.990E+02;2.29525e-13;2.26633e-14;-9.990E+02;1.49935e-13;2.15651e-14;-9.990E+02
00:21:34.280;-00:48:35.046;2.80E+20;0.8;-999/-999;17563.5;1.36227e-14;4.2687e-15;3.72175e-15;2.99794e-15;-9.990E+02;1.35017e-14;6.90873e-15;-9.990E+02;2.46021e-14;1.12665e-14;-9.990E+02
00:21:29.444;-00:54:48.763;2.82E+20;0.8;-999/-999;17599.9;1.08393e-14;3.9962e-15;2.40893e-15;2.5838e-15;-9.990E+02;1.04704e-14;6.23967e-15;-9.990E+02;2.11918e-14;1.13637e-14;-9.990E+02
00:21:23.168;-00:49:35.349;2.82E+20;1.178;+0.22/-0.17;17598.9;6.54734e-14;6.76179e-15;6.89009e-14;1.15359e-14;-9.990E+02;9.96531e-14;1.57798e-14;-9.990E+02;6.00625e-14;1.44729e-14;-9.990E+02
00:21:21.526;-00:50:02.231;2.82E+20;0.8;-999/-999;17499.0;2.54379e-14;5.512e-15;2.26101e-14;6.91626e-15;-9.990E+02;8.19178e-15;5.01161e-15;-9.990E+02;3.73025e-14;1.33142e-14;-9.990E+02
00:21:45.408;-00:54:51.447;2.79E+20;0.8;-999/-999;16506.3;2.33454e-14;5.36835e-15;1.46213e-14;5.75421e-15;-9.990E+02;1.06156e-14;5.74421e-15;-9.990E+02;4.29855e-14;1.46715e-14;-9.990E+02
00:21:23.512;-00:49:09.961;2.82E+20;0.8;-999/-999;17795.1;4.34897e-14;7.0278e-15;2.14688e-14;6.62726e-15;-9.990E+02;3.11132e-14;9.60441e-15;-9.990E+02;7.55964e-14;1.85085e-14;-9.990E+02
00:21:24.375;-00:48:41.611;2.81E+20;0.8;-999/-999;17699.9;1.1666e-14;4.1325e-15;4.14556e-15;3.26212e-15;-9.990E+02;1.80355e-14;8.27958e-15;-9.990E+02;9.12744e-15;7.18234e-15;-9.990E+02
00:21:19.730;-00:50:15.061;2.82E+20;0.8;-999/-999;18032.0;1.02785e-14;3.8584e-15;2.60829e-15;2.74299e-15;-9.990E+02;1.51307e-14;7.62035e-15;-9.990E+02;1.14823e-14;8.04458e-15;-9.990E+02
00:21:20.945;-00:49:40.779;2.82E+20;0.8;-999/-999;17268.1;2.12901e-14;5.2364e-15;1.41852e-14;5.58395e-15;-9.990E+02;3.42685e-14;1.0403e-14;-9.990E+02;2.37781e-14;-2.04536e-11;6.87534e-14
00:21:49.761;-00:55:02.148;2.78E+20;0.8;-999/-999;17206.5;3.74024e-14;6.60528e-15;4.42644e-14;9.64148e-15;-9.990E+02;1.83695e-14;7.54575e-15;-9.990E+02;2.09212e-14;9.82214e-15;-9.990E+02
00:21:54.238;-00:54:20.375;2.78E+20;0.8;-999/-999;17343.1;3.11549e-14;6.05484e-15;2.63194e-14;7.44902e-15;-9.990E+02;2.29423e-14;8.32622e-15;-9.990E+02;2.90354e-14;1.13792e-14;-9.990E+02
00:21:13.668;-00:50:23.035;2.83E+20;0.8;-999/-999;18549.6;2.06622e-14;4.96224e-15;7.87261e-15;4.10788e-15;-9.990E+02;1.90015e-14;7.48987e-15;-9.990E+02;3.46144e-14;1.2711e-14;-9.990E+02
00:21:49.333;-00:46:14.460;2.77E+20;0.8;-999/-999;17793.7;1.18357e-14;4.1268e-15;1.14466e-14;5.42079e-15;-9.990E+02;1.10956e-14;6.50202e-15;-9.990E+02;4.21326e-15;4.78922e-15;-9.990E+02
00:21:25.676;-00:44:05.571;2.80E+20;0.8;-999/-999;17789.8;1.08618e-14;3.8556e-15;1.28623e-14;5.58996e-15;-9.990E+02;6.22035e-15;4.6626e-15;-9.990E+02;4.72321e-15;4.92634e-15;-9.990E+02
00:21:02.221;-00:49:59.002;2.84E+20;0.8;-999/-999;13957.0;2.24623e-14;5.5156e-15;6.65472e-15;3.96143e-15;-9.990E+02;2.89014e-14;1.01036e-14;-9.990E+02;2.92482e-14;1.24364e-14;-9.990E+02
00:22:12.898;-00:48:32.776;2.74E+20;0.8;-999/-999;18556.2;7.42893e-14;9.89424e-15;7.3093e-14;1.30462e-14;-9.990E+02;5.3224e-14;1.33326e-14;-9.990E+02;4.85252e-14;1.5947e-14;-9.990E+02
00:22:13.766;-00:48:53.093;2.74E+20;0.8;-999/-999;18650.3;3.22525e-14;6.45874e-15;4.7609e-14;1.03226e-14;-9.990E+02;2.31086e-14;-1.6648e-11;9.14133e-14;2.10759e-14;1.05002e-14;-9.990E+02
00:21:41.719;-01:02:09.821;2.81E+20;0.8;-999/-999;17521.1;2.42165e-14;5.7855e-15;1.34474e-14;5.70932e-15;-9.990E+02;1.95012e-14;8.27958e-15;-9.990E+02;3.55291e-14;1.38313e-14;-9.990E+02
00:21:52.028;-01:01:21.252;2.79E+20;0.8;-999/-999;17263.5;2.24645e-14;5.506e-15;1.32945e-14;5.64914e-15;-9.990E+02;1.93047e-14;8.20298e-15;-9.990E+02;2.93161e-14;1.24571e-14;-9.990E+02
00:22:12.046;-00:44:35.559;2.75E+20;0.8;-999/-999;17113.6;3.48599e-14;7.14792e-15;2.3163e-14;7.83385e-15;-9.990E+02;1.12418e-14;6.55002e-15;-9.990E+02;6.83148e-14;1.99072e-14;-9.990E+02
00:22:28.231;-00:58:31.224;2.73E+20;1.017;+0.15/-0.13;9429.2;2.31938e-13;1.80848e-14;1.13681e-13;1.93623e-14;-9.990E+02;4.01488e-13;4.328e-14;-9.990E+02;2.27443e-13;3.87383e-14;-9.990E+02
21:06:43.576;-01:02:59.221;4.52E+20;0.106;+0.22/-0.18;4941.2;1.90486e-13;2.41483e-14;1.43973e-14;6.86649e-15;-9.990E+02;1.41229e-13;2.61078e-14;-9.990E+02;2.72606e-13;4.75161e-14;-9.990E+02
21:07:04.991;-01:07:31.792;4.48E+20;0.8;-999/-999;4914.7;8.43871e-14;1.35287e-14;8.94073e-14;1.88582e-14;-9.990E+02;4.66618e-14;1.5537e-14;-9.990E+02;6.96369e-14;2.31871e-14;-9.990E+02
21:07:00.244;-00:59:02.378;4.70E+20;0.334;+0.19/-0.15;4884.7;1.29773e-13;1.96535e-14;9.10401e-14;-2.47972e-11;1.20426e-13;8.18372e-14;2.0647e-14;-9.990E+02;2.62626e-13;4.9717e-14;-9.990E+02
21:06:52.279;-00:57:48.674;4.70E+20;2.491;+0.24/-0.18;4819.2;7.74611e-14;4.57056e-15;1.29439e-12;7.94399e-14;-9.990E+02;4.25582e-14;1.30768e-14;-9.990E+02;4.09796e-14;1.25918e-14;-9.990E+02
21:07:21.047;-01:02:08.362;4.70E+20;0.8;-999/-999;4954.8;7.0872e-14;1.2742e-14;4.55083e-14;1.37371e-14;-9.990E+02;2.92711e-14;1.24198e-14;-9.990E+02;1.30782e-13;3.13444e-14;-9.990E+02
21:07:06.906;-00:54:21.959;4.86E+20;0.8;-999/-999;4013.0;1.08199e-13;1.61887e-14;1.04822e-13;2.22251e-14;-9.990E+02;4.45447e-14;1.59997e-14;-9.990E+02;1.32491e-13;3.46877e-14;-9.990E+02
01:12:20.182;-01:31:15.878;4.78E+20;0.8;-999/-999;2143.7;5.59384e-14;2.34912e-14;2.16152e-14;1.96613e-14;-9.990E+02;8.30458e-14;4.45745e-14;-9.990E+02;4.11961e-14;3.74722e-14;-9.990E+02
02:01:46.906;+01:17:08.241;2.29E+20;0.8;-999/-999;1314.5;1.17045e-12;1.1361e-13;1.22573e-12;1.53728e-13;-9.990E+02;1.03232e-12;1.71513e-13;-9.990E+02;2.7403e-13;1.09504e-13;-9.990E+02
02:01:51.790;+01:28:59.179;2.33E+20;0.8;-999/-999;1196.3;2.98103e-13;6.90744e-14;2.5927e-13;8.58655e-14;-9.990E+02;1.94108e-13;9.18142e-14;-9.990E+02;2.96179e-13;1.40094e-13;-9.990E+02
21:11:18.574;-01:13:50.673;4.78E+20;0.8;-999/-999;4222.1;6.62599e-14;1.76184e-14;9.59952e-14;2.9777e-14;-9.990E+02;4.10143e-14;2.17968e-14;-9.990E+02;0;-6.48048e-11;4.03584e-13
21:11:25.778;-01:04:00.924;5.06E+20;0.8;-999/-999;4617.1;3.9606e-14;1.40657e-14;2.57984e-14;1.63107e-14;-9.990E+02;1.62526e-14;1.45432e-14;-9.990E+02;7.22956e-14;3.76727e-14;-9.990E+02
21:11:23.058;-01:20:59.584;4.61E+20;0.8;-999/-999;4790.8;4.27956e-14;1.4606e-14;3.51843e-14;1.81272e-14;-9.990E+02;6.07271e-14;2.77242e-14;-9.990E+02;7.91613e-14;-5.3981e-11;1.49461e-13
21:11:56.765;-01:15:47.143;4.68E+20;0.8;-999/-999;3705.2;5.29713e-14;1.75644e-14;4.36966e-14;-3.37578e-11;2.24508e-13;1.31315e-13;4.3542e-14;-9.990E+02;9.78142e-14;-6.47952e-11;4.30923e-13
20:47:16.220;+00:01:28.619;6.03E+20;0.8;-999/-999;2637.9;5.59897e-14;1.97951e-14;1.89839e-14;1.61091e-14;-9.990E+02;4.52014e-14;2.61438e-14;-9.990E+02;9.95387e-14;4.80039e-14;-9.990E+02
20:47:21.208;+00:00:11.052;6.04E+20;0.8;-999/-999;2755.7;4.54188e-14;1.82772e-14;3.69842e-14;2.40723e-14;-9.990E+02;2.19843e-14;1.95211e-14;-9.990E+02;6.46093e-14;4.20529e-14;-9.990E+02
02:42:25.264;+00:58:20.706;3.16E+20;0.8;-999/-999;15238.5;2.01726e-14;5.29758e-15;9.92567e-15;4.98546e-15;-9.990E+02;1.87558e-14;8.24284e-15;-9.990E+02;2.83734e-14;1.24696e-14;-9.990E+02
02:42:40.331;+00:57:26.002;3.18E+20;1.005;+0.08/-0.07;15192.9;4.24853e-13;1.86288e-14;3.78196e-13;2.56272e-14;-9.990E+02;4.83963e-13;3.42416e-14;-9.990E+02;4.19485e-13;3.8457e-14;-9.990E+02
02:42:38.886;+01:02:29.122;3.27E+20;0.8;-999/-999;11787.8;2.05403e-14;5.45688e-15;1.86055e-14;7.12983e-15;-9.990E+02;8.72806e-15;5.82703e-15;-9.990E+02;2.63728e-14;1.22239e-14;-9.990E+02
02:42:14.497;+00:55:03.700;3.15E+20;0.8;-999/-999;14262.9;1.11335e-14;4.32016e-15;3.34374e-15;3.17793e-15;-9.990E+02;1.42279e-14;7.88892e-15;-9.990E+02;1.43508e-14;9.54746e-15;-9.990E+02
02:42:54.681;+00:54:55.466;3.19E+20;0.8;-999/-999;12478.1;1.9523e-14;5.44245e-15;2.35056e-14;8.0032e-15;-9.990E+02;1.10868e-14;6.55585e-15;-9.990E+02;8.38363e-15;6.90638e-15;-9.990E+02
02:42:01.695;+00:54:09.078;3.13E+20;0.8;-999/-999;13977.0;1.9385e-14;5.5704e-15;1.2692e-14;6.13029e-15;-9.990E+02;2.25393e-14;9.69685e-15;-9.990E+02;1.3639e-14;9.28313e-15;-9.990E+02
02:42:21.518;+00:49:12.351;3.16E+20;0.8;-999/-999;14717.9;1.61019e-14;5.29758e-15;8.29402e-15;5.13128e-15;-9.990E+02;1.17566e-14;7.27351e-15;-9.990E+02;2.66806e-14;1.36557e-14;-9.990E+02
02:42:27.613;+00:48:38.040;3.16E+20;0.8;-999/-999;14948.7;1.42477e-14;5.01876e-15;3.67059e-15;3.41415e-15;-9.990E+02;1.04096e-14;6.77816e-15;-9.990E+02;3.14948e-14;1.46476e-14;-9.990E+02
02:41:47.089;+00:58:59.498;3.12E+20;0.8;-999/-999;14753.8;1.63305e-14;5.42958e-15;1.96026e-14;7.99792e-15;-9.990E+02;6.96371e-15;5.55672e-15;-9.990E+02;1.0539e-14;8.40965e-15;-9.990E+02
02:42:35.454;+00:46:02.983;3.17E+20;0.8;-999/-999;14785.8;3.45139e-14;7.66975e-15;1.7295e-14;7.35175e-15;-9.990E+02;3.92051e-14;1.30696e-14;-9.990E+02;3.70591e-14;1.57531e-14;-9.990E+02
02:42:07.570;+00:47:30.681;3.14E+20;0.8;-999/-999;14331.5;3.2905e-14;7.80136e-15;2.69606e-14;9.49395e-15;-9.990E+02;2.29516e-14;1.03642e-14;-9.990E+02;3.47288e-14;1.56824e-14;-9.990E+02
02:42:08.447;+00:47:08.197;3.14E+20;0.8;-999/-999;14203.7;2.22339e-14;6.54757e-15;3.00483e-14;1.03224e-14;-9.990E+02;1.55089e-14;-1.67273e-11;9.39154e-14;2.15101e-14;1.26688e-14;-9.990E+02
02:41:38.103;+00:56:17.688;3.11E+20;0.8;-999/-999;9718.0;3.92599e-14;9.18522e-15;2.64976e-14;9.91782e-15;-9.990E+02;6.27892e-14;1.81637e-14;-9.990E+02;3.80206e-14;-3.55409e-11;1.25603e-13
02:43:02.708;+00:46:24.743;3.19E+20;1.342;+0.12/-0.10;8430.1;3.23404e-13;1.81317e-14;2.51259e-13;3.05195e-14;-9.990E+02;8.1837e-13;5.86148e-14;-9.990E+02;2.76245e-13;3.95426e-14;-9.990E+02
02:41:56.738;+00:46:14.563;3.13E+20;0.8;-999/-999;14157.9;1.97331e-14;6.963e-15;8.20214e-15;-1.2529e-11;3.90542e-14;8.41083e-15;7.27442e-15;-9.990E+02;6.36665e-14;2.42968e-14;-9.990E+02
02:41:58.821;+00:43:58.137;3.13E+20;0.8;-999/-999;14004.6;2.39109e-14;8.3556e-15;9.93788e-15;-1.50348e-11;7.11856e-14;1.52898e-14;1.08475e-14;-9.990E+02;6.93809e-14;2.80003e-14;-9.990E+02
02:41:50.098;+00:43:38.096;3.09E+20;0.8;-999/-999;9010.4;7.16262e-14;1.66896e-14;7.72716e-14;2.25063e-14;-9.990E+02;3.66752e-14;1.83127e-14;-9.990E+02;5.55222e-14;2.77233e-14;-9.990E+02
01:55:00.590;+00:49:48.659;2.72E+20;0.8;-999/-999;2361.8;5.97342e-14;2.0598e-14;1.51013e-14;1.41049e-14;-9.990E+02;1.32161e-13;5.08722e-14;-9.990E+02;0;-8.07033e-11;2.21207e-13
01:55:28.559;+00:41:36.565;2.67E+20;0.8;-999/-999;2369.4;5.51884e-14;2.0562e-14;1.39214e-14;-3.62621e-11;1.07285e-13;2.37799e-14;2.22848e-14;-9.990E+02;1.80734e-13;7.29939e-14;-9.990E+02
01:25:44.247;-01:22:43.589;4.16E+20;0.8;-999/-999;9762.8;4.3281e-14;9.93807e-15;5.81923e-14;1.56634e-14;-9.990E+02;3.09664e-14;1.33754e-14;-9.990E+02;0;-3.72194e-11;7.66203e-14
01:26:00.468;-01:20:39.322;3.92E+20;0.8;-999/-999;9534.1;1.41129e-13;1.71516e-14;2.05393e-13;2.70254e-14;-9.990E+02;4.43746e-14;1.52686e-14;-9.990E+02;4.99656e-14;1.99279e-14;-9.990E+02
01:25:35.964;-01:25:45.307;4.19E+20;0.8;-999/-999;8635.8;6.39782e-14;1.19653e-14;5.56319e-14;1.57823e-14;-9.990E+02;4.92424e-14;1.71501e-14;-9.990E+02;5.5295e-14;2.20046e-14;-9.990E+02
01:26:05.435;-01:26:52.958;4.12E+20;0.8;-999/-999;8696.2;2.22248e-14;7.62405e-15;1.78953e-14;9.27734e-15;-9.990E+02;1.59103e-14;1.02043e-14;-9.990E+02;2.38325e-14;1.52854e-14;-9.990E+02
01:26:11.419;-01:11:55.131;3.83E+20;0.8;-999/-999;8629.5;4.01336e-14;1.08315e-14;5.21555e-14;1.70087e-14;-9.990E+02;3.03397e-14;1.46993e-14;-9.990E+02;4.34227e-14;-4.09725e-11;1.00488e-13
22:40:28.716;-01:06:55.834;4.56E+20;0.8;-999/-999;4735.7;5.26884e-14;1.41455e-14;8.25049e-14;2.34648e-14;-9.990E+02;1.19029e-14;1.03086e-14;-9.990E+02;1.77492e-14;1.53718e-14;-9.990E+02
22:40:07.664;-01:04:39.598;4.54E+20;0.8;-999/-999;5573.6;3.20628e-14;1.10762e-14;5.0166e-14;-2.11589e-11;5.78581e-14;7.245e-15;-2.7502e-11;7.52031e-14;1.18864e-13;4.1062e-14;-9.990E+02
22:40:55.741;-01:07:42.086;4.62E+20;0.8;-999/-999;5359.6;2.6897e-14;1.05192e-14;4.22177e-14;-2.01641e-11;8.53044e-14;3.33556e-14;1.78e-14;-9.990E+02;4.97077e-14;2.65263e-14;-9.990E+02
22:40:17.188;-01:14:43.426;4.49E+20;0.8;-999/-999;5292.8;8.5202e-14;1.74624e-14;8.12799e-14;2.35231e-14;-9.990E+02;4.23949e-14;1.94234e-14;-9.990E+02;9.49219e-14;3.54674e-14;-9.990E+02
22:41:10.250;-01:05:23.079;4.66E+20;0.8;-999/-999;5446.9;2.93438e-14;1.15561e-14;1.40935e-14;1.13075e-14;-9.990E+02;1.81857e-14;1.45906e-14;-9.990E+02;5.42011e-14;3.06617e-14;-9.990E+02
03:48:58.233;-01:01:00.405;9.67E+20;0.8;-999/-999;69612.4;6.65193e-15;1.83755e-15;1.84259e-15;1.51451e-15;-9.990E+02;8.11264e-15;3.17501e-15;-9.990E+02;7.65806e-15;3.6945e-15;-9.990E+02
03:48:39.669;-01:00:25.237;9.57E+20;0.8;-999/-999;68702.9;4.97313e-15;1.64993e-15;1.79481e-15;1.51294e-15;-9.990E+02;3.52995e-15;2.11036e-15;-9.990E+02;8.7514e-15;3.92098e-15;-9.990E+02
03:48:34.700;-00:57:38.864;9.55E+20;0.8;-999/-999;62971.8;1.24169e-14;2.33212e-15;1.16432e-14;3.21536e-15;-9.990E+02;9.16579e-15;2.97494e-15;-9.990E+02;1.1365e-14;3.94643e-15;-9.990E+02
03:48:57.318;-01:01:52.411;9.66E+20;0.8;-999/-999;67340.2;9.58637e-15;2.00412e-15;2.94305e-15;1.69836e-15;-9.990E+02;1.15251e-14;3.38633e-15;-9.990E+02;1.08714e-14;3.83441e-15;-9.990E+02
03:48:46.850;-00:54:27.348;9.67E+20;0.8;-999/-999;64067.7;1.82586e-14;2.6728e-15;6.61665e-15;2.51763e-15;-9.990E+02;2.04933e-14;4.31032e-15;-9.990E+02;2.13674e-14;5.22883e-15;-9.990E+02
03:48:55.891;-00:54:36.522;9.73E+20;0.8;-999/-999;68294.0;5.12713e-15;1.62262e-15;1.86251e-15;-3.8261e-12;6.14781e-15;7.26336e-15;2.92075e-15;-9.990E+02;6.42225e-15;3.26614e-15;-9.990E+02
03:48:50.072;-00:54:02.859;9.70E+20;0.8;-999/-999;66286.9;5.3324e-15;1.6716e-15;1.14334e-15;1.26118e-15;-9.990E+02;7.81915e-15;3.19542e-15;-9.990E+02;4.73935e-15;2.9958e-15;-9.990E+02
03:49:00.567;-00:54:47.593;9.74E+20;0.709;+0.16/-0.14;68383.6;4.67489e-14;4.08365e-15;2.6601e-14;4.42325e-15;-9.990E+02;3.89321e-14;5.41327e-15;-9.990E+02;5.22704e-14;7.78507e-15;-9.990E+02
03:48:49.257;-01:04:35.936;9.62E+20;0.8;-999/-999;69178.6;2.01567e-14;2.83662e-15;1.64825e-14;4.04709e-15;-9.990E+02;1.6166e-14;3.96938e-15;-9.990E+02;2.00311e-14;5.29044e-15;-9.990E+02
03:48:55.961;-01:04:37.862;9.63E+20;0.595;+0.19/-0.16;67514.8;4.43755e-14;4.55328e-15;2.4667e-14;4.76877e-15;-9.990E+02;2.98156e-14;5.40718e-15;-9.990E+02;5.19983e-14;8.46764e-15;-9.990E+02
03:48:32.388;-00:53:59.400;9.56E+20;0.8;-999/-999;61936.4;2.09441e-14;2.83254e-15;1.91008e-14;4.03192e-15;-9.990E+02;1.61047e-14;3.73367e-15;-9.990E+02;1.90109e-14;4.9594e-15;-9.990E+02
03:48:31.677;-01:02:50.844;9.49E+20;0.8;-999/-999;66549.8;7.41089e-15;1.9962e-15;2.66614e-15;1.77963e-15;-9.990E+02;6.58245e-15;2.79389e-15;-9.990E+02;1.11951e-14;4.49221e-15;-9.990E+02
03:48:24.622;-00:57:09.938;9.48E+20;0.8;-999/-999;61880.6;1.3536e-14;2.49465e-15;6.59303e-15;2.53536e-15;-9.990E+02;6.51264e-15;2.50445e-15;-9.990E+02;2.58529e-14;6.0385e-15;-9.990E+02
03:48:27.885;-00:54:58.814;9.52E+20;0.8;-999/-999;61424.7;9.10091e-15;2.16411e-15;3.99463e-15;2.15983e-15;-9.990E+02;9.18574e-15;3.1545e-15;-9.990E+02;1.11631e-14;4.09821e-15;-9.990E+02
03:48:48.197;-01:05:09.043;9.61E+20;0.8;-999/-999;69259.6;1.02561e-14;2.16866e-15;7.1406e-15;2.77903e-15;-9.990E+02;1.13836e-14;3.40892e-15;-9.990E+02;7.44496e-15;3.21816e-15;-9.990E+02
03:48:34.648;-01:04:02.785;9.51E+20;0.8;-999/-999;65810.6;7.33457e-15;1.99716e-15;9.36286e-15;3.42734e-15;-9.990E+02;4.61724e-15;2.33551e-15;-9.990E+02;4.36332e-15;2.70087e-15;-9.990E+02
03:48:42.413;-01:05:48.243;9.56E+20;0.8;-999/-999;67601.6;1.35062e-14;2.4993e-15;1.00017e-14;3.39275e-15;-9.990E+02;9.83962e-15;3.33778e-15;-9.990E+02;1.62609e-14;4.72905e-15;-9.990E+02
03:49:18.685;-01:02:35.245;9.71E+20;0.8;-999/-999;66298.2;8.72115e-15;2.0064e-15;3.42778e-15;1.89293e-15;-9.990E+02;5.02079e-15;2.25243e-15;-9.990E+02;1.65698e-14;4.9023e-15;-9.990E+02
03:49:20.509;-00:55:03.672;9.81E+20;0.8;-999/-999;48474.5;1.30419e-14;2.51385e-15;2.20592e-15;1.57855e-15;-9.990E+02;1.28558e-14;3.77115e-15;-9.990E+02;2.11978e-14;5.68216e-15;-9.990E+02
03:48:26.517;-00:52:47.356;9.53E+20;0.743;+0.10/-0.09;57106.6;1.24845e-13;6.57172e-15;8.05434e-14;7.95078e-15;-9.990E+02;1.01671e-13;8.99802e-15;-9.990E+02;1.37178e-13;1.24079e-14;-9.990E+02
03:48:19.382;-01:02:49.803;9.40E+20;0.8;-999/-999;59284.5;1.68822e-14;2.822e-15;1.35689e-14;3.89508e-15;-9.990E+02;1.34581e-14;3.86325e-15;-9.990E+02;1.7188e-14;5.14169e-15;-9.990E+02
03:48:57.463;-01:07:24.493;9.59E+20;0.8;-999/-999;66218.7;1.00744e-14;2.16762e-15;6.57211e-15;2.67816e-15;-9.990E+02;6.45559e-15;2.63068e-15;-9.990E+02;1.46225e-14;4.84422e-15;-9.990E+02
03:49:09.526;-00:50:44.128;9.80E+20;0.8;-999/-999;38562.8;1.50544e-14;2.6808e-15;1.52723e-14;4.23151e-15;-9.990E+02;1.48433e-14;4.11264e-15;-9.990E+02;6.99498e-15;3.27903e-15;-9.990E+02
03:48:30.754;-00:50:34.355;9.58E+20;0.173;+0.24/-0.18;42507.1;2.16965e-14;3.91884e-15;1.29483e-14;-5.45024e-12;1.33046e-14;1.00513e-14;3.40247e-15;-9.990E+02;4.31728e-14;9.10975e-15;-9.990E+02
03:48:12.353;-01:00:15.863;9.36E+20;0.8;-999/-999;50490.0;1.40807e-14;2.6536e-15;9.36409e-15;3.31814e-15;-9.990E+02;9.30657e-15;3.29776e-15;-9.990E+02;1.98107e-14;5.9884e-15;-9.990E+02
03:49:06.110;-01:07:36.793;9.60E+20;0.816;+0.18/-0.15;45258.1;4.97385e-14;4.78413e-15;4.15132e-14;6.7759e-15;-9.990E+02;3.76302e-14;6.26402e-15;-9.990E+02;5.31346e-14;8.84491e-15;-9.990E+02
03:49:29.346;-00:58:01.790;9.83E+20;0.8;-999/-999;40747.1;1.21704e-14;2.5149e-15;9.6149e-15;3.36839e-15;-9.990E+02;9.33079e-15;3.26886e-15;-9.990E+02;1.31842e-14;4.61881e-15;-9.990E+02
03:48:58.236;-01:08:41.419;9.57E+20;0.8;-999/-999;38644.2;1.7416e-14;3.16654e-15;9.07763e-15;3.56537e-15;-9.990E+02;4.46288e-15;2.39558e-15;-9.990E+02;3.79246e-14;8.27762e-15;-9.990E+02
03:48:47.789;-00:47:31.697;9.75E+20;0.791;+0.23/-0.18;24968.8;3.94996e-14;4.54599e-15;2.05633e-14;4.9131e-15;-9.990E+02;4.02056e-14;6.93864e-15;-9.990E+02;4.27159e-14;8.6928e-15;-9.990E+02
03:49:24.392;-01:05:58.053;9.69E+20;0.575;+0.18/-0.15;42691.0;5.81901e-14;5.57119e-15;6.75555e-15;2.66909e-15;-9.990E+02;6.46621e-14;8.50817e-15;-9.990E+02;6.87228e-14;1.0438e-14;-9.990E+02
03:48:57.856;-01:09:38.034;9.56E+20;0.852;+0.14/-0.12;33535.7;7.7729e-14;5.78628e-15;7.66966e-14;8.96248e-15;-9.990E+02;5.2903e-14;7.37273e-15;-9.990E+02;8.16301e-14;1.07891e-14;-9.990E+02
03:49:20.153;-01:07:29.906;9.64E+20;0.8;-999/-999;36269.7;2.01818e-14;3.3386e-15;1.05544e-14;3.78122e-15;-9.990E+02;2.06787e-14;5.12832e-15;-9.990E+02;2.19599e-14;6.45398e-15;-9.990E+02
03:48:18.626;-01:07:30.167;9.24E+20;0.8;-999/-999;39634.3;1.41301e-14;2.81146e-15;1.45437e-14;4.42667e-15;-9.990E+02;7.27165e-15;3.12463e-15;-9.990E+02;1.55017e-14;5.18174e-15;-9.990E+02
03:48:31.314;-01:09:40.086;9.33E+20;0.8;-999/-999;45097.6;2.12963e-14;3.3146e-15;8.73022e-15;3.22983e-15;-9.990E+02;1.73797e-14;4.45035e-15;-9.990E+02;3.29078e-14;7.37635e-15;-9.990E+02
03:49:17.708;-01:08:41.269;9.61E+20;2.109;+0.21/-0.17;16941.9;3.01445e-14;2.13527e-15;1.14696e-13;1.42628e-14;-9.990E+02;1.27739e-13;1.17114e-14;-9.990E+02;1.87126e-14;4.50349e-15;-9.990E+02
03:49:24.570;-01:10:31.413;9.61E+20;1.018;+0.10/-0.09;10620.6;2.18988e-13;1.08072e-14;1.7506e-13;1.66811e-14;-9.990E+02;2.64667e-13;1.94533e-14;-9.990E+02;2.15336e-13;2.05189e-14;-9.990E+02
00:10:50.726;-00:31:34.666;3.22E+20;0.8;-999/-999;18097.4;1.89699e-14;4.60977e-15;1.14338e-14;4.71043e-15;-9.990E+02;2.58336e-14;8.69796e-15;-9.990E+02;9.76419e-15;6.57775e-15;-9.990E+02
00:10:42.428;-00:33:49.058;3.23E+20;0.8;-999/-999;19313.0;8.81836e-15;3.21379e-15;3.98618e-15;2.81333e-15;-9.990E+02;5.62453e-15;3.96963e-15;-9.990E+02;1.70108e-14;8.79925e-15;-9.990E+02
00:10:39.941;-00:38:17.437;3.24E+20;0.8;-999/-999;18354.3;1.04849e-14;3.4945e-15;4.74319e-15;3.23296e-15;-9.990E+02;1.67226e-14;7.1342e-15;-9.990E+02;5.05697e-15;4.79277e-15;-9.990E+02
00:11:14.864;-00:37:16.932;3.22E+20;0.8;-999/-999;14511.1;2.50045e-14;5.30822e-15;2.05491e-14;6.44559e-15;-9.990E+02;5.80221e-15;4.04407e-15;-9.990E+02;4.38661e-14;1.37594e-14;-9.990E+02
00:10:34.510;-00:29:13.380;3.23E+20;0.8;-999/-999;18947.9;1.39101e-14;4.05217e-15;5.59127e-15;3.50592e-15;-9.990E+02;1.57786e-14;6.96914e-15;-9.990E+02;1.78897e-14;8.837e-15;-9.990E+02
00:10:21.803;-00:36:57.020;3.25E+20;0.8;-999/-999;19773.7;3.16435e-14;5.87286e-15;2.50679e-14;7.08848e-15;-9.990E+02;2.52365e-14;8.49065e-15;-9.990E+02;3.05128e-14;1.1323e-14;-9.990E+02
00:11:25.904;-00:28:43.625;3.19E+20;0.8;-999/-999;19105.3;2.35002e-14;5.3029e-15;1.41467e-14;5.5715e-15;-9.990E+02;2.50149e-14;8.86591e-15;-9.990E+02;2.27032e-14;1.04324e-14;-9.990E+02
00:10:47.246;-00:23:41.278;3.21E+20;0.8;-999/-999;19250.3;1.26821e-14;4.1892e-15;1.5281e-14;6.05688e-15;-9.990E+02;5.39862e-15;4.27896e-15;-9.990E+02;8.16288e-15;6.46992e-15;-9.990E+02
00:10:41.285;-00:20:25.001;3.17E+20;0.8;-999/-999;13329.0;4.18071e-14;8.0881e-15;2.74244e-14;8.75568e-15;-9.990E+02;3.88487e-14;1.24031e-14;-9.990E+02;4.40838e-14;1.61305e-14;-9.990E+02
03:48:49.812;-00:58:35.312;9.67E+20;0.8;-999/-999;64668.5;5.72313e-15;1.83755e-15;1.26865e-14;4.01641e-15;-9.990E+02;0;-4.2295e-12;5.11466e-15;1.09751e-15;1.41233e-15;-9.990E+02
03:48:58.227;-01:01:00.174;9.67E+20;0.8;-999/-999;70584.7;6.87745e-15;1.83755e-15;1.79932e-15;1.39807e-15;-9.990E+02;7.92021e-15;2.89831e-15;-9.990E+02;8.72017e-15;3.59482e-15;-9.990E+02
03:48:57.332;-01:01:52.624;9.66E+20;0.8;-999/-999;67919.4;9.88699e-15;2.17113e-15;2.79287e-15;1.80569e-15;-9.990E+02;1.09325e-14;3.66839e-15;-9.990E+02;1.28975e-14;4.57896e-15;-9.990E+02
03:48:34.712;-00:57:38.987;9.55E+20;0.8;-999/-999;64944.6;1.28966e-14;2.33212e-15;1.23148e-14;3.53709e-15;-9.990E+02;8.81607e-15;2.88002e-15;-9.990E+02;1.24922e-14;4.08093e-15;-9.990E+02
03:48:46.845;-00:54:26.110;9.67E+20;0.8;-999/-999;65039.8;1.69723e-14;2.6728e-15;5.88103e-15;2.38506e-15;-9.990E+02;1.95504e-14;4.21411e-15;-9.990E+02;1.95319e-14;5.04528e-15;-9.990E+02
03:48:56.003;-00:54:39.075;9.73E+20;0.8;-999/-999;68638.4;5.11877e-15;1.62262e-15;1.61099e-15;1.3725e-15;-9.990E+02;7.85645e-15;2.98853e-15;-9.990E+02;3.33369e-15;2.33358e-15;-9.990E+02
03:49:00.579;-00:54:47.682;9.74E+20;0.707;+0.16/-0.14;68569.9;4.4765e-14;3.91116e-15;2.52474e-14;4.386e-15;-9.990E+02;3.73597e-14;5.37145e-15;-9.990E+02;5.00593e-14;7.27567e-15;-9.990E+02
03:48:49.283;-01:04:35.850;9.62E+20;0.8;-999/-999;69779.2;1.87551e-14;2.83662e-15;1.63962e-14;4.19611e-15;-9.990E+02;1.30659e-14;3.63245e-15;-9.990E+02;1.99222e-14;5.14339e-15;-9.990E+02
03:48:55.947;-01:04:37.711;9.63E+20;0.595;+0.19/-0.16;67332.5;4.47929e-14;4.55328e-15;2.401e-14;4.76877e-15;-9.990E+02;3.10415e-14;5.40718e-15;-9.990E+02;5.25143e-14;8.46764e-15;-9.990E+02
03:48:32.393;-00:53:59.336;9.56E+20;0.8;-999/-999;64311.7;2.01277e-14;2.83254e-15;1.8632e-14;4.03192e-15;-9.990E+02;1.34411e-14;3.50037e-15;-9.990E+02;2.07753e-14;5.28995e-15;-9.990E+02
03:48:31.677;-01:02:50.844;9.49E+20;0.8;-999/-999;69982.8;6.99335e-15;1.82985e-15;2.5156e-15;1.65437e-15;-9.990E+02;6.20993e-15;2.59112e-15;-9.990E+02;1.05635e-14;3.99289e-15;-9.990E+02
03:48:24.636;-00:57:09.369;9.48E+20;0.8;-999/-999;64468.2;1.3842e-14;2.49465e-15;5.78056e-15;2.42963e-15;-9.990E+02;1.02758e-14;3.12e-15;-9.990E+02;2.26675e-14;5.78259e-15;-9.990E+02
03:48:27.889;-00:54:59.039;9.52E+20;0.8;-999/-999;63843.2;9.24574e-15;2.16411e-15;3.81965e-15;2.07994e-15;-9.990E+02;1.00386e-14;3.41728e-15;-9.990E+02;1.0673e-14;4.09821e-15;-9.990E+02
03:48:48.229;-01:05:09.039;9.61E+20;0.8;-999/-999;70790.5;8.30597e-15;2.00184e-15;5.32214e-15;2.4753e-15;-9.990E+02;9.57604e-15;3.40046e-15;-9.990E+02;6.15965e-15;3.16479e-15;-9.990E+02
03:48:26.716;-01:01:52.501;9.46E+20;0.8;-999/-999;68960.9;5.61725e-15;1.82864e-15;1.00948e-15;1.19584e-15;-9.990E+02;8.98349e-15;3.65981e-15;-9.990E+02;4.24757e-15;2.91465e-15;-9.990E+02
03:48:34.727;-01:03:59.170;9.51E+20;0.8;-999/-999;69353.0;5.88663e-15;1.83073e-15;5.16437e-15;2.5705e-15;-9.990E+02;5.09356e-15;2.53526e-15;-9.990E+02;4.81473e-15;2.94482e-15;-9.990E+02
03:48:42.405;-01:05:47.137;9.56E+20;0.8;-999/-999;70608.3;1.28997e-14;2.33268e-15;1.00837e-14;3.16654e-15;-9.990E+02;9.92033e-15;3.11524e-15;-9.990E+02;1.40554e-14;4.41374e-15;-9.990E+02
03:48:45.574;-01:06:05.576;9.58E+20;0.8;-999/-999;69642.0;5.1827e-15;1.667e-15;1.52052e-15;1.36913e-15;-9.990E+02;1.49436e-15;1.34557e-15;-9.990E+02;1.26998e-14;4.53807e-15;-9.990E+02
03:49:20.436;-00:55:01.462;9.81E+20;0.8;-999/-999;46006.2;1.0952e-14;2.34626e-15;3.24202e-15;-5.55151e-12;1.71426e-14;1.00764e-14;3.50787e-15;-9.990E+02;2.13612e-14;6.10165e-15;-9.990E+02
03:48:26.522;-00:52:47.432;9.53E+20;0.699;+0.09/-0.09;59915.9;1.2812e-13;6.75906e-15;7.50724e-14;7.5186e-15;-9.990E+02;1.02391e-13;9.02741e-15;-9.990E+02;1.43861e-13;1.25473e-14;-9.990E+02
03:49:18.938;-01:02:34.508;9.71E+20;0.8;-999/-999;64340.9;8.91678e-15;2.0064e-15;3.00384e-15;1.73518e-15;-9.990E+02;5.86401e-15;2.41298e-15;-9.990E+02;1.6597e-14;4.72091e-15;-9.990E+02
03:48:19.332;-01:02:49.101;9.40E+20;0.8;-999/-999;63598.2;1.56023e-14;2.656e-15;1.21184e-14;3.57055e-15;-9.990E+02;1.20194e-14;3.54138e-15;-9.990E+02;1.70573e-14;5.02573e-15;-9.990E+02
03:48:57.480;-01:07:24.751;9.59E+20;0.8;-999/-999;65338.3;1.04079e-14;2.33436e-15;6.43119e-15;2.74001e-15;-9.990E+02;7.5783e-15;2.96057e-15;-9.990E+02;1.43121e-14;4.95586e-15;-9.990E+02
03:49:09.643;-00:50:43.048;9.80E+20;0.8;-999/-999;37159.3;1.35246e-14;2.6808e-15;8.00298e-15;3.31065e-15;-9.990E+02;1.94454e-14;4.82571e-15;-9.990E+02;5.49683e-15;3.10743e-15;-9.990E+02
03:48:30.757;-00:50:34.437;9.58E+20;0.8;-999/-999;45399.4;1.61632e-14;2.8339e-15;2.23129e-15;1.59132e-15;-9.990E+02;1.09645e-14;3.50119e-15;-9.990E+02;3.41676e-14;7.27572e-15;-9.990E+02
03:48:12.353;-01:00:15.863;9.36E+20;0.8;-999/-999;54781.1;1.25217e-14;2.48775e-15;8.32235e-15;3.04806e-15;-9.990E+02;8.27123e-15;3.02933e-15;-9.990E+02;1.76168e-14;5.28068e-15;-9.990E+02
03:49:06.122;-01:07:36.666;9.60E+20;0.816;+0.17/-0.15;43619.2;5.27739e-14;4.78413e-15;4.71795e-14;6.91755e-15;-9.990E+02;3.68544e-14;6.07583e-15;-9.990E+02;5.63992e-14;9.05641e-15;-9.990E+02
03:48:58.236;-01:08:41.419;9.57E+20;0.8;-999/-999;37862.1;1.82993e-14;3.16654e-15;9.53894e-15;3.56537e-15;-9.990E+02;4.68968e-15;2.45401e-15;-9.990E+02;3.98633e-14;8.27762e-15;-9.990E+02
03:48:47.757;-00:47:31.815;9.75E+20;1.021;+0.24/-0.19;26237.5;3.56025e-14;3.98748e-15;2.86861e-14;6.31951e-15;-9.990E+02;4.29885e-14;7.23539e-15;-9.990E+02;3.4917e-14;7.69219e-15;-9.990E+02
03:48:15.166;-00:51:42.482;9.45E+20;0.8;-999/-999;33097.4;2.257e-14;3.4902e-15;1.05384e-14;3.8025e-15;-9.990E+02;2.08551e-14;5.10534e-15;-9.990E+02;2.95816e-14;7.24158e-15;-9.990E+02
03:48:08.891;-01:02:17.234;9.17E+20;0.8;-999/-999;45854.1;1.02054e-14;2.47665e-15;1.04718e-14;3.8121e-15;-9.990E+02;2.62731e-15;1.913e-15;-9.990E+02;1.49503e-14;5.4424e-15;-9.990E+02
03:49:24.412;-01:05:58.063;9.69E+20;0.669;+0.18/-0.15;39408.1;5.5746e-14;5.4546e-15;7.74431e-15;2.96208e-15;-9.990E+02;6.75456e-14;8.83379e-15;-9.990E+02;6.33048e-14;1.02392e-14;-9.990E+02
03:48:57.856;-01:09:38.034;9.56E+20;0.853;+0.14/-0.12;32779.7;8.2125e-14;5.94294e-15;8.11607e-14;9.34181e-15;-9.990E+02;5.59227e-14;7.7243e-15;-9.990E+02;8.62782e-14;1.12854e-14;-9.990E+02
03:49:20.050;-01:07:29.906;9.64E+20;0.8;-999/-999;33852.0;2.15006e-14;3.50553e-15;1.44456e-14;4.61756e-15;-9.990E+02;1.41538e-14;4.52431e-15;-9.990E+02;3.00532e-14;7.77746e-15;-9.990E+02
03:48:06.875;-01:03:01.871;9.16E+20;0.8;-999/-999;33535.8;2.4777e-14;3.79661e-15;1.71627e-14;4.80403e-15;-9.990E+02;1.72343e-14;4.82408e-15;-9.990E+02;3.26865e-14;8.07637e-15;-9.990E+02
03:48:18.796;-01:07:30.101;9.24E+20;0.8;-999/-999;43825.4;1.25127e-14;2.64608e-15;1.05344e-14;3.67613e-15;-9.990E+02;5.26898e-15;2.69576e-15;-9.990E+02;1.87185e-14;5.92198e-15;-9.990E+02
03:48:31.314;-01:09:40.086;9.33E+20;0.8;-999/-999;45693.8;2.07163e-14;3.3146e-15;8.49145e-15;3.33766e-15;-9.990E+02;1.69082e-14;4.59984e-15;-9.990E+02;3.20095e-14;7.62132e-15;-9.990E+02
03:49:17.708;-01:08:41.269;9.61E+20;2.109;+0.18/-0.15;14905.8;3.94237e-14;2.46021e-15;1.49996e-13;1.63882e-14;-9.990E+02;1.67036e-13;1.37049e-14;-9.990E+02;2.44683e-14;5.19527e-15;-9.990E+02
03:49:24.570;-01:10:31.413;9.61E+20;1.018;+0.09/-0.08;10151.4;2.42878e-13;1.1376e-14;1.94015e-13;1.73435e-14;-9.990E+02;2.93386e-13;2.03602e-14;-9.990E+02;2.38653e-13;2.13337e-14;-9.990E+02
02:33:29.507;+00:58:16.008;2.06E+20;0.8;-999/-999;7181.3;5.77296e-14;8.58432e-15;6.61821e-14;1.19746e-14;-9.990E+02;5.04381e-14;1.3007e-14;-9.990E+02;0;-3.44112e-11;1.69742e-13
02:34:10.561;+00:58:28.734;2.11E+20;0.8;-999/-999;13346.7;1.37729e-14;4.43421e-15;5.27585e-15;3.5759e-15;-9.990E+02;2.00465e-14;8.61549e-15;-9.990E+02;1.22607e-14;8.31012e-15;-9.990E+02
02:34:14.528;+00:57:07.405;2.12E+20;0.848;+0.20/-0.16;13658.5;9.66072e-14;1.03144e-14;7.64755e-14;1.23437e-14;-9.990E+02;8.1157e-14;1.56144e-14;-9.990E+02;1.01315e-13;2.1469e-14;-9.990E+02
02:33:59.957;+00:49:40.937;2.12E+20;0.8;-999/-999;15263.4;2.34697e-14;5.64564e-15;2.17883e-14;7.12986e-15;-9.990E+02;1.89119e-14;8.12018e-15;-9.990E+02;1.44622e-14;8.91309e-15;-9.990E+02
02:33:22.415;+00:51:00.051;2.06E+20;1.463;+0.19/-0.15;4573.8;1.12826e-13;8.75667e-15;1.60331e-13;2.1221e-14;-9.990E+02;2.76581e-13;3.08889e-14;-9.990E+02;9.17817e-14;2.04933e-14;-9.990E+02
02:33:59.331;+00:47:58.984;2.07E+20;0.8;-999/-999;14908.8;1.10417e-14;4.29376e-15;5.42983e-15;4.02851e-15;-9.990E+02;1.24104e-14;7.36958e-15;-9.990E+02;1.26582e-14;9.39142e-15;-9.990E+02
02:34:08.590;+01:06:17.258;2.08E+20;0.8;-999/-999;7731.6;1.53559e-13;1.47653e-14;1.76245e-13;2.06489e-14;-9.990E+02;1.3418e-13;2.29767e-14;-9.990E+02;1.75988e-13;-5.91471e-11;2.26201e-13
02:34:27.898;+01:00:00.305;2.12E+20;0.8;-999/-999;13867.9;1.29769e-14;4.7047e-15;1.34206e-14;6.2027e-15;-9.990E+02;1.13267e-14;-1.23087e-11;4.49478e-14;2.07757e-14;1.18195e-14;-9.990E+02
02:33:51.692;+01:08:12.370;2.08E+20;0.835;+0.08/-0.07;4124.9;6.17243e-13;2.86484e-14;3.90933e-13;3.06979e-14;-9.990E+02;6.43718e-13;4.88664e-14;-9.990E+02;6.52018e-13;5.86443e-14;-9.990E+02
02:34:29.314;+01:03:23.031;2.12E+20;0.8;-999/-999;7082.9;5.35664e-14;9.81266e-15;1.8469e-14;7.95271e-15;-9.990E+02;8.41584e-14;2.08126e-14;-9.990E+02;4.28862e-14;1.84667e-14;-9.990E+02
02:34:23.113;+00:46:13.150;2.15E+20;0.8;-999/-999;9920.4;3.5513e-14;8.74705e-15;1.02169e-14;6.16451e-15;-9.990E+02;3.09646e-14;1.30774e-14;-9.990E+02;7.09952e-14;2.46357e-14;-9.990E+02
00:18:21.993;+01:18:58.845;2.92E+20;0.886;+0.08/-0.08;11100.5;4.9547e-13;2.44074e-14;3.61749e-13;2.90453e-14;-9.990E+02;5.08356e-13;4.08166e-14;-9.990E+02;5.13345e-13;4.7834e-14;-9.990E+02
00:18:08.655;+01:15:51.461;2.92E+20;0.8;-999/-999;7977.8;3.45952e-14;8.57274e-15;3.08759e-14;1.08596e-14;-9.990E+02;4.44543e-14;1.56354e-14;-9.990E+02;3.40968e-14;-3.33801e-11;1.4847e-13
00:18:35.726;+01:24:08.358;2.92E+20;0.8;-999/-999;10931.7;1.41588e-14;5.39253e-15;8.42609e-15;5.54088e-15;-9.990E+02;6.06582e-15;5.66783e-15;-9.990E+02;2.75976e-14;1.49655e-14;-9.990E+02
00:18:50.251;+01:21:47.690;2.92E+20;1.034;+0.16/-0.13;11544.7;2.04322e-13;1.6812e-14;2.07577e-13;2.5802e-14;-9.990E+02;2.17217e-13;2.98408e-14;-9.990E+02;1.9873e-13;3.49492e-14;-9.990E+02
00:18:49.573;+01:16:37.742;2.92E+20;0.684;+0.14/-0.12;11067.6;2.53777e-13;2.12366e-14;1.13666e-13;1.76137e-14;-9.990E+02;2.46176e-13;3.06904e-14;-9.990E+02;2.85839e-13;4.23288e-14;-9.990E+02
00:18:59.806;+01:14:42.662;2.93E+20;0.8;-999/-999;10219.8;4.10119e-14;9.6824e-15;4.5771e-14;1.37189e-14;-9.990E+02;1.31743e-14;8.92384e-15;-9.990E+02;3.99448e-14;1.88622e-14;-9.990E+02
00:18:52.216;+01:07:54.949;2.93E+20;0.8;-999/-999;10117.1;5.85232e-14;1.25871e-14;1.74216e-14;8.99116e-15;-9.990E+02;1.25311e-14;9.05534e-15;-9.990E+02;1.71053e-13;4.25046e-14;-9.990E+02
21:56:14.861;-00:37:04.922;6.34E+20;0.750;+0.18/-0.15;15945.7;1.21633e-13;1.19483e-14;6.73728e-14;1.23621e-14;-9.990E+02;1.13499e-13;1.7454e-14;-9.990E+02;1.33128e-13;2.30736e-14;-9.990E+02
21:56:06.675;-00:40:58.716;6.55E+20;0.8;-999/-999;15964.0;1.1257e-14;4.17096e-15;6.60721e-15;-8.65872e-12;2.57578e-14;4.50716e-15;4.19927e-15;-9.990E+02;3.29157e-14;1.36909e-14;-9.990E+02
21:56:15.232;-00:30:58.952;6.13E+20;0.8;-999/-999;15862.7;1.76216e-14;5.0391e-15;1.20035e-14;5.88319e-15;-9.990E+02;9.46818e-15;5.65507e-15;-9.990E+02;2.77861e-14;1.18078e-14;-9.990E+02
21:56:18.621;-00:30:48.355;6.09E+20;0.8;-999/-999;15723.3;1.95696e-14;5.33855e-15;1.33049e-14;6.29004e-15;-9.990E+02;1.57804e-14;7.46037e-15;-9.990E+02;2.31647e-14;1.09514e-14;-9.990E+02
21:55:37.104;-00:38:56.342;6.80E+20;0.8;-999/-999;14621.0;3.58963e-14;6.99885e-15;2.15301e-14;7.83744e-15;-9.990E+02;2.45299e-14;8.92944e-15;-9.990E+02;5.3631e-14;1.59413e-14;-9.990E+02
21:55:50.135;-00:30:22.949;6.37E+20;0.8;-999/-999;16428.4;1.15674e-14;4.30416e-15;4.77281e-15;3.89753e-15;-9.990E+02;1.11424e-14;6.5744e-15;-9.990E+02;1.63097e-14;9.62326e-15;-9.990E+02
21:56:13.731;-00:28:00.165;6.04E+20;0.8;-999/-999;15885.5;1.12831e-14;4.41699e-15;5.74139e-15;4.49514e-15;-9.990E+02;1.09295e-14;-1.06824e-11;4.49494e-14;3.00896e-14;1.36367e-14;-9.990E+02
21:56:13.068;-00:46:26.040;6.67E+20;0.8;-999/-999;12482.6;1.89696e-14;5.73426e-15;4.40205e-15;4.046e-15;-9.990E+02;3.5377e-14;1.20734e-14;-9.990E+02;7.37256e-15;6.77625e-15;-9.990E+02
21:56:28.850;-00:28:55.727;5.96E+20;0.8;-999/-999;15869.6;1.30223e-14;4.71107e-15;1.13269e-14;6.3109e-15;-9.990E+02;4.50909e-15;4.31016e-15;-9.990E+02;1.98947e-14;1.10845e-14;-9.990E+02
21:56:26.579;-00:27:38.133;5.94E+20;0.8;-999/-999;16563.1;2.00647e-14;5.77182e-15;1.1619e-14;6.31749e-15;-9.990E+02;2.7803e-14;1.06365e-14;-9.990E+02;1.02177e-14;7.81897e-15;-9.990E+02
21:56:28.740;-00:27:53.554;5.93E+20;0.8;-999/-999;16509.8;1.246e-14;4.70704e-15;1.00974e-14;5.99014e-15;-9.990E+02;1.20863e-14;7.17002e-15;-9.990E+02;8.89094e-15;7.41814e-15;-9.990E+02
21:55:37.226;-00:28:44.613;6.44E+20;0.8;-999/-999;8166.9;5.0534e-14;9.70326e-15;5.22586e-14;1.41258e-14;-9.990E+02;6.07587e-14;1.64234e-14;-9.990E+02;3.55601e-14;-3.41078e-11;2.93553e-13
03:03:40.071;-01:02:13.924;6.14E+20;0.8;-999/-999;41759.1;6.41966e-15;1.98562e-15;1.45748e-15;1.37975e-15;-9.990E+02;5.17207e-15;2.84741e-15;-9.990E+02;1.26475e-14;5.16355e-15;-9.990E+02
03:03:36.504;-01:01:57.588;6.17E+20;0.8;-999/-999;45029.5;1.02683e-14;2.44592e-15;6.1778e-15;2.63409e-15;-9.990E+02;1.16736e-14;4.04384e-15;-9.990E+02;8.56396e-15;4.24244e-15;-9.990E+02
03:03:49.102;-01:06:13.181;6.03E+20;-0.530;+0.10/-0.09;43404.4;2.27841e-13;1.25229e-14;1.37149e-14;2.72279e-15;-9.990E+02;8.06684e-14;9.25268e-15;-9.990E+02;4.22714e-13;2.80403e-14;-9.990E+02
03:03:41.468;-01:00:54.561;6.17E+20;0.8;-999/-999;42179.8;5.78613e-15;1.98731e-15;4.93286e-15;2.63127e-15;-9.990E+02;5.82386e-15;3.10655e-15;-9.990E+02;3.41529e-15;2.94078e-15;-9.990E+02
03:03:29.231;-01:05:06.376;6.14E+20;0.8;-999/-999;46083.8;1.74887e-14;2.90206e-15;7.94135e-15;2.8366e-15;-9.990E+02;2.03487e-14;4.88043e-15;-9.990E+02;1.83728e-14;5.81732e-15;-9.990E+02
03:03:42.647;-01:08:09.957;6.03E+20;0.8;-999/-999;44530.2;5.28225e-15;1.82724e-15;4.29989e-15;2.3544e-15;-9.990E+02;3.83806e-15;2.41861e-15;-9.990E+02;5.63764e-15;3.55263e-15;-9.990E+02
03:03:26.080;-01:03:01.853;6.19E+20;0.8;-999/-999;43802.2;7.35126e-15;2.14144e-15;4.10645e-15;2.24743e-15;-9.990E+02;6.45694e-15;3.07037e-15;-9.990E+02;9.46874e-15;4.50253e-15;-9.990E+02
03:03:25.813;-01:05:14.806;6.15E+20;0.8;-999/-999;44831.3;8.11262e-15;2.13892e-15;3.82966e-15;2.08382e-15;-9.990E+02;7.54316e-15;3.04053e-15;-9.990E+02;1.10661e-14;4.46057e-15;-9.990E+02
03:04:00.599;-01:06:52.196;5.96E+20;0.8;-999/-999;43139.8;1.37457e-14;2.73546e-15;7.74758e-15;2.97294e-15;-9.990E+02;1.4813e-14;4.49804e-15;-9.990E+02;1.36079e-14;5.22168e-15;-9.990E+02
03:03:57.306;-01:09:06.844;5.93E+20;1.044;+0.28/-0.21;43095.2;2.59871e-14;3.35718e-15;2.75511e-14;5.59621e-15;-9.990E+02;2.693e-14;5.75396e-15;-9.990E+02;2.51497e-14;6.82317e-15;-9.990E+02
03:03:18.539;-01:03:47.523;6.21E+20;0.8;-999/-999;38137.8;6.87456e-15;2.14256e-15;8.80472e-15;3.55388e-15;-9.990E+02;2.07426e-15;1.87216e-15;-9.990E+02;6.0834e-15;3.97236e-15;-9.990E+02
03:03:33.138;-00:57:58.548;6.29E+20;0.8;-999/-999;35453.8;8.74419e-15;2.45408e-15;2.56822e-15;1.88099e-15;-9.990E+02;1.80699e-14;5.38103e-15;-9.990E+02;7.72036e-15;-8.65764e-12;2.91749e-14
03:03:17.118;-01:03:51.550;6.22E+20;0.8;-999/-999;37772.0;1.19356e-14;2.60236e-15;3.49662e-15;-5.32968e-12;2.02358e-14;1.44076e-14;4.28274e-15;-9.990E+02;2.11217e-14;6.27853e-15;-9.990E+02
03:03:56.924;-00:58:30.502;6.03E+20;0.8;-999/-999;43379.6;6.92981e-15;2.13178e-15;4.69951e-15;2.60224e-15;-9.990E+02;7.4586e-15;3.35508e-15;-9.990E+02;5.48059e-15;3.60137e-15;-9.990E+02
03:04:04.852;-00:59:21.312;6.00E+20;0.8;-999/-999;45138.4;5.14385e-15;1.82568e-15;2.32295e-15;1.70651e-15;-9.990E+02;2.76936e-15;2.03445e-15;-9.990E+02;1.01753e-14;4.87377e-15;-9.990E+02
03:03:54.789;-00:57:15.036;6.06E+20;0.8;-999/-999;42886.8;7.28167e-15;2.1336e-15;1.85426e-15;1.55561e-15;-9.990E+02;6.60557e-15;3.26111e-15;-9.990E+02;1.29383e-14;5.58911e-15;-9.990E+02
03:03:49.207;-00:56:19.605;6.10E+20;0.8;-999/-999;40959.3;2.25956e-14;3.66168e-15;8.53896e-15;3.23129e-15;-9.990E+02;3.03539e-14;6.70104e-15;-9.990E+02;2.07982e-14;6.67276e-15;-9.990E+02
03:03:40.100;-01:11:33.156;5.97E+20;0.8;-999/-999;45796.3;5.25229e-15;1.82424e-15;2.66429e-15;1.87173e-15;-9.990E+02;3.18176e-15;2.23526e-15;-9.990E+02;9.35188e-15;4.69327e-15;-9.990E+02
03:03:40.637;-01:12:01.343;5.96E+20;0.8;-999/-999;45785.2;4.70955e-15;1.82364e-15;1.36484e-15;1.41448e-15;-9.990E+02;6.52419e-15;3.38035e-15;-9.990E+02;4.79336e-15;3.5165e-15;-9.990E+02
03:04:17.825;-01:05:42.212;5.92E+20;0.8;-999/-999;40884.0;2.2178e-14;3.4914e-15;7.18795e-15;2.86657e-15;-9.990E+02;1.72143e-14;4.80527e-15;-9.990E+02;4.11347e-14;9.0857e-15;-9.990E+02
03:03:25.627;-01:12:14.249;6.03E+20;0.8;-999/-999;36874.6;8.51951e-15;2.43632e-15;7.70138e-15;3.37052e-15;-9.990E+02;4.58282e-15;2.83154e-15;-9.990E+02;1.01001e-14;4.85238e-15;-9.990E+02
03:03:17.444;-01:11:09.681;6.09E+20;0.8;-999/-999;30982.8;2.78062e-14;4.11831e-15;2.33559e-14;5.32569e-15;-9.990E+02;3.5612e-14;7.29065e-15;-9.990E+02;5.80606e-15;3.5313e-15;-9.990E+02
03:03:52.743;-01:14:07.258;5.86E+20;0.8;-999/-999;40964.9;1.25536e-14;2.87926e-15;7.60808e-15;3.15039e-15;-9.990E+02;1.21902e-14;4.36757e-15;-9.990E+02;1.3454e-14;5.57111e-15;-9.990E+02
03:03:18.154;-00:55:12.747;6.43E+20;0.327;+0.12/-0.11;21589.9;1.51328e-13;1.07047e-14;1.71298e-14;4.08878e-15;-9.990E+02;1.32978e-13;1.36922e-14;-9.990E+02;1.97567e-13;2.11359e-14;-9.990E+02
03:04:04.360;-01:13:26.108;5.85E+20;0.8;-999/-999;42869.6;8.3128e-15;2.424e-15;5.03594e-15;2.76671e-15;-9.990E+02;6.0558e-15;3.32701e-15;-9.990E+02;1.18839e-14;5.64691e-15;-9.990E+02
03:04:28.268;-01:00:54.836;5.96E+20;0.8;-999/-999;31981.8;2.57285e-14;4.25516e-15;2.43526e-14;5.82687e-15;-9.990E+02;1.247e-14;4.64171e-15;-9.990E+02;3.05514e-14;8.71815e-15;-9.990E+02
03:04:36.253;-01:04:06.546;5.92E+20;0.8;-999/-999;27749.4;2.36201e-14;4.4022e-15;2.86934e-14;6.95737e-15;-9.990E+02;1.71848e-14;5.99094e-15;-9.990E+02;8.42512e-15;4.97872e-15;-9.990E+02
03:04:41.982;-01:03:13.684;5.92E+20;-1.300;+0.24/-0.24;20165.5;2.26678e-13;1.67479e-14;4.48261e-15;1.93001e-15;-9.990E+02;4.74975e-14;1.02194e-14;-9.990E+02;5.69332e-13;4.55011e-14;-9.990E+02
03:04:33.492;-00:54:08.012;6.02E+20;0.635;+0.01/-0.01;797.3;4.64653e-11;2.22404e-13;2.80376e-11;2.25583e-13;-9.990E+02;3.08665e-11;2.65093e-13;-9.990E+02;5.33482e-11;4.29225e-13;-9.990E+02
03:04:23.327;-01:16:51.606;5.77E+20;-0.422;+0.10/-0.08;12477.7;5.62966e-13;3.04032e-14;3.90561e-14;7.23519e-15;-9.990E+02;2.18866e-13;2.36484e-14;-9.990E+02;9.99038e-13;6.36052e-14;-9.990E+02
02:02:33.406;-00:06:38.280;2.32E+20;0.8;-999/-999;4002.9;3.0113e-14;1.2186e-14;1.04755e-14;9.36152e-15;-9.990E+02;3.13939e-14;1.95815e-14;-9.990E+02;4.79068e-14;2.98812e-14;-9.990E+02
02:02:50.697;-00:09:17.364;2.34E+20;0.8;-999/-999;4045.1;6.39784e-14;1.76137e-14;5.56913e-14;2.14651e-14;-9.990E+02;8.33197e-14;3.21139e-14;-9.990E+02;1.01708e-13;-6.99408e-11;2.0993e-13
02:02:14.694;-00:16:04.898;2.39E+20;0.8;-999/-999;3806.7;3.93888e-14;1.49303e-14;1.3745e-14;1.17984e-14;-9.990E+02;8.19945e-14;3.42738e-14;-9.990E+02;6.25152e-14;-5.91768e-11;2.06553e-13
02:01:59.529;-00:14:26.677;2.38E+20;0.8;-999/-999;3951.8;3.13987e-14;1.31619e-14;3.6512e-14;1.94226e-14;-9.990E+02;2.72358e-14;2.00226e-14;-9.990E+02;4.98551e-14;-5.21758e-11;2.74502e-13
02:02:34.002;+00:02:57.980;2.27E+20;1.209;+0.17/-0.14;2913.2;4.80732e-13;3.9158e-14;3.82867e-13;5.79203e-14;-9.990E+02;9.65824e-13;1.06944e-13;-9.990E+02;4.36036e-13;8.42771e-14;-9.990E+02
02:02:14.035;-00:17:49.405;2.39E+20;0.8;-999/-999;3771.4;9.72913e-14;2.30741e-14;4.89507e-14;-4.0212e-11;1.24686e-13;1.12504e-13;4.08207e-14;-9.990E+02;2.14415e-13;6.9569e-14;-9.990E+02
22:12:17.408;+00:32:27.475;3.64E+20;0.8;-999/-999;17432.9;3.35828e-14;5.6656e-15;2.06097e-14;5.89556e-15;-9.990E+02;3.39916e-14;9.0391e-15;-9.990E+02;3.41085e-14;1.12598e-14;-9.990E+02
22:12:01.901;+00:33:44.218;3.63E+20;0.8;-999/-999;18509.5;1.36956e-14;3.6816e-15;8.40534e-15;3.78579e-15;-9.990E+02;1.54131e-14;6.02762e-15;-9.990E+02;1.16049e-14;6.6036e-15;-9.990E+02
22:12:21.363;+00:33:32.389;3.63E+20;0.968;+0.25/-0.19;18805.2;4.70669e-14;5.88336e-15;3.94513e-14;7.86868e-15;-9.990E+02;5.16849e-14;1.03087e-14;-9.990E+02;4.70755e-14;1.21151e-14;-9.990E+02
22:12:26.398;+00:32:51.911;3.64E+20;0.8;-999/-999;18860.5;2.87954e-14;5.24068e-15;2.23228e-14;6.19281e-15;-9.990E+02;2.30135e-14;7.52303e-15;-9.990E+02;2.88697e-14;1.01322e-14;-9.990E+02
22:11:48.682;+00:32:07.567;3.65E+20;0.8;-999/-999;18508.2;1.80513e-14;4.10901e-15;1.10769e-14;4.27681e-15;-9.990E+02;2.53639e-14;7.68158e-15;-9.990E+02;7.63435e-15;5.10234e-15;-9.990E+02
22:12:39.026;+00:30:17.505;3.66E+20;0.8;-999/-999;19224.2;3.72634e-14;5.81134e-15;1.47152e-14;4.88332e-15;-9.990E+02;4.04018e-14;9.53942e-15;-9.990E+02;5.06682e-14;1.31971e-14;-9.990E+02
22:12:25.784;+00:36:16.269;3.61E+20;0.8;-999/-999;18623.6;3.29152e-14;5.6604e-15;3.36127e-15;2.52277e-15;-9.990E+02;1.85195e-14;6.73208e-15;-9.990E+02;9.0636e-14;1.83106e-14;-9.990E+02
22:12:42.225;+00:29:32.244;3.67E+20;0.8;-999/-999;19264.1;2.03454e-14;4.53696e-15;1.66702e-14;5.63689e-15;-9.990E+02;1.14371e-14;5.48551e-15;-9.990E+02;2.58121e-14;1.01327e-14;-9.990E+02
22:12:25.667;+00:22:19.550;3.80E+20;0.8;-999/-999;18299.6;2.1115e-14;4.69854e-15;4.89252e-15;3.02946e-15;-9.990E+02;6.65753e-15;4.12235e-15;-9.990E+02;6.00102e-14;1.54882e-14;-9.990E+02
22:12:49.869;+00:28:03.521;3.70E+20;0.8;-999/-999;19094.5;1.63776e-14;4.39952e-15;1.09928e-14;4.81147e-15;-9.990E+02;1.5053e-14;6.58858e-15;-9.990E+02;1.69857e-14;8.67089e-15;-9.990E+02
22:12:38.303;+00:38:22.873;3.58E+20;0.8;-999/-999;18873.3;1.47025e-14;4.2411e-15;1.19973e-14;5.1914e-15;-9.990E+02;1.35417e-14;-1.07338e-11;2.7445e-14;3.11652e-14;1.20572e-14;-9.990E+02
22:12:29.552;+00:41:00.691;3.56E+20;0.615;+0.20/-0.16;12841.3;1.06588e-13;1.15467e-14;3.26137e-14;7.9482e-15;-9.990E+02;1.11112e-13;1.78005e-14;-9.990E+02;1.23544e-13;2.3284e-14;-9.990E+02
22:12:58.116;+00:23:56.633;3.80E+20;0.8;-999/-999;10187.2;1.13804e-13;1.18175e-14;1.75777e-14;6.02461e-15;-9.990E+02;2.3919e-14;8.19802e-15;-9.990E+02;3.59468e-13;4.10573e-14;-9.990E+02
22:13:02.658;+00:30:13.783;3.68E+20;0.8;-999/-999;9639.8;1.11734e-13;1.17719e-14;9.368e-14;1.41095e-14;-9.990E+02;1.28443e-13;1.93454e-14;-9.990E+02;3.86487e-14;1.30627e-14;-9.990E+02
22:13:11.431;+00:23:53.724;3.80E+20;0.449;+0.02/-0.01;807.5;2.11494e-11;2.18976e-13;1.08427e-11;1.8401e-13;-9.990E+02;9.86406e-12;2.14428e-13;-9.990E+02;2.62056e-11;4.44732e-13;-9.990E+02
22:13:08.802;+00:36:54.496;3.58E+20;1.294;+0.04/-0.05;2022.3;1.9618e-12;4.51498e-14;3.68014e-12;1.10717e-13;-9.990E+02;1.89719e-12;8.58221e-14;-9.990E+02;1.71906e-12;9.65373e-14;-9.990E+02
01:58:28.339;+01:04:39.356;2.36E+20;0.8;-999/-999;5409.6;3.42094e-14;1.08472e-14;0;-1.88819e-11;4.37081e-14;2.97006e-14;1.6001e-14;-9.990E+02;9.05639e-14;3.44595e-14;-9.990E+02
01:58:52.544;+01:01:32.184;2.35E+20;0.8;-999/-999;5315.2;6.05864e-14;1.3554e-14;2.43624e-14;1.10174e-14;-9.990E+02;7.28136e-14;2.32947e-14;-9.990E+02;7.40327e-14;2.90747e-14;-9.990E+02
01:59:02.410;+01:04:13.531;2.30E+20;0.8;-999/-999;5608.4;2.20404e-14;9.0651e-15;1.64151e-14;1.06636e-14;-9.990E+02;2.46248e-14;1.59968e-14;-9.990E+02;1.25335e-14;1.41486e-14;-9.990E+02
01:58:09.102;+01:06:04.999;2.38E+20;0.8;-999/-999;4966.8;3.08966e-14;1.05838e-14;2.15546e-14;1.17842e-14;-9.990E+02;4.82294e-14;2.11842e-14;-9.990E+02;1.75104e-14;-4.1956e-11;1.61966e-13
01:58:57.380;+01:09:36.485;2.30E+20;0.8;-999/-999;5403.2;2.2311e-14;9.3357e-15;1.55122e-14;1.0412e-14;-9.990E+02;1.16369e-14;1.09526e-14;-9.990E+02;3.55169e-14;2.38395e-14;-9.990E+02
01:58:56.127;+01:10:44.449;2.30E+20;0.8;-999/-999;5161.2;5.18064e-14;1.353e-14;4.50293e-14;1.76355e-14;-9.990E+02;5.06535e-14;2.20463e-14;-9.990E+02;2.57669e-14;1.95163e-14;-9.990E+02
01:59:09.933;+01:05:14.907;2.30E+20;1.381;+0.24/-0.18;5627.2;1.55834e-13;1.65541e-14;3.00933e-13;4.12944e-14;-9.990E+02;2.04505e-13;4.00728e-14;-9.990E+02;1.31439e-13;3.606e-14;-9.990E+02
22:34:29.912;-01:08:59.698;4.49E+20;0.8;-999/-999;3369.8;3.98725e-14;1.74624e-14;5.0734e-14;2.72636e-14;-9.990E+02;3.30651e-14;2.56723e-14;-9.990E+02;0;-6.4776e-11;1.63047e-13
01:55:55.528;+00:26:14.712;2.73E+20;0.8;-999/-999;4067.6;4.93433e-14;1.51107e-14;3.27604e-14;1.64337e-14;-9.990E+02;7.95965e-14;3.06438e-14;-9.990E+02;0;-5.92086e-11;1.59632e-13
01:55:45.627;+00:35:23.362;2.64E+20;0.8;-999/-999;4007.1;5.05172e-14;1.50634e-14;2.97057e-14;1.62343e-14;-9.990E+02;6.53444e-14;2.81353e-14;-9.990E+02;3.31228e-14;2.46872e-14;-9.990E+02
01:55:33.597;+00:34:47.507;2.66E+20;0.8;-999/-999;4062.4;5.03037e-14;1.50733e-14;2.22022e-14;1.31704e-14;-9.990E+02;4.87448e-14;2.33805e-14;-9.990E+02;7.41237e-14;3.55535e-14;-9.990E+02
00:07:35.335;+00:47:44.008;2.99E+20;0.8;-999/-999;10025.2;4.83298e-14;9.5634e-15;1.57352e-14;7.36261e-15;-9.990E+02;6.76446e-14;1.84049e-14;-9.990E+02;5.12776e-14;1.97101e-14;-9.990E+02
00:07:17.552;+00:46:41.214;3.00E+20;0.8;-999/-999;10200.8;1.54872e-14;5.68465e-15;5.04627e-15;-1.0172e-11;2.61502e-14;1.13572e-14;7.77894e-15;-9.990E+02;4.3016e-14;1.88589e-14;-9.990E+02
00:07:46.308;+00:52:10.169;2.96E+20;0.8;-999/-999;10849.7;2.96443e-14;7.47684e-15;1.17823e-14;6.35043e-15;-9.990E+02;3.38313e-14;1.2717e-14;-9.990E+02;3.84695e-14;1.67341e-14;-9.990E+02
00:07:27.298;+00:40:03.766;3.04E+20;0.8;-999/-999;9910.0;1.23595e-13;1.3884e-14;6.16298e-15;4.15266e-15;-9.990E+02;5.28452e-14;1.46294e-14;-9.990E+02;3.86686e-13;4.79126e-14;-9.990E+02
00:07:26.661;+00:55:10.824;2.95E+20;0.8;-999/-999;9547.1;3.49485e-14;8.44301e-15;2.49864e-14;9.65811e-15;-9.990E+02;4.48971e-14;1.56127e-14;-9.990E+02;1.3608e-14;1.05199e-14;-9.990E+02
00:08:15.535;+00:45:13.651;2.99E+20;0.8;-999/-999;10412.1;1.44837e-14;5.6826e-15;3.70488e-15;3.83144e-15;-9.990E+02;1.59296e-14;9.65945e-15;-9.990E+02;2.41405e-14;1.46384e-14;-9.990E+02
00:08:13.434;+00:43:09.575;3.00E+20;0.8;-999/-999;10410.1;2.08668e-14;6.79385e-15;1.60254e-14;8.05863e-15;-9.990E+02;7.65089e-15;6.56248e-15;-9.990E+02;3.47804e-14;1.74899e-14;-9.990E+02
00:07:11.972;+00:40:02.155;3.04E+20;0.8;-999/-999;9516.0;2.44636e-14;7.35852e-15;1.88153e-14;-1.31904e-11;4.84021e-14;4.18136e-14;1.55191e-14;-9.990E+02;3.16614e-14;1.66338e-14;-9.990E+02
00:07:09.865;+00:53:29.076;2.96E+20;0.949;+0.08/-0.06;10342.8;8.5799e-13;3.52582e-14;6.5731e-13;4.48061e-14;-9.990E+02;9.86422e-13;6.47669e-14;-9.990E+02;8.63107e-13;7.27099e-14;-9.990E+02
00:07:50.329;+00:58:12.877;2.92E+20;0.8;-999/-999;10130.7;8.39161e-14;1.32739e-14;3.907e-14;1.18469e-14;-9.990E+02;9.37769e-14;2.1321e-14;-9.990E+02;9.95367e-14;2.78078e-14;-9.990E+02
01:07:53.856;+01:04:41.931;2.42E+20;0.8;-999/-999;12565.7;1.2982e-14;4.7558e-15;0;-8.30118e-12;2.14093e-14;2.41086e-14;1.04418e-14;-9.990E+02;1.47005e-14;1.00534e-14;-9.990E+02
01:07:42.015;+01:00:02.391;2.50E+20;0.8;-999/-999;12912.1;1.6475e-14;5.04199e-15;2.62757e-15;2.71117e-15;-9.990E+02;1.16646e-14;6.80288e-15;-9.990E+02;4.14522e-14;1.59411e-14;-9.990E+02
01:08:02.669;+01:08:14.732;2.42E+20;0.8;-999/-999;13691.1;1.43897e-14;4.7558e-15;2.79396e-15;2.77022e-15;-9.990E+02;1.6627e-14;8.24109e-15;-9.990E+02;2.53463e-14;1.25627e-14;-9.990E+02
01:08:14.505;+01:06:30.999;2.44E+20;0.8;-999/-999;13921.8;4.30377e-14;7.75086e-15;1.98093e-14;6.92566e-15;-9.990E+02;5.29642e-14;1.38753e-14;-9.990E+02;4.48678e-14;1.56865e-14;-9.990E+02
01:07:59.682;+00:55:30.964;2.55E+20;0.8;-999/-999;12444.4;1.85108e-14;5.59691e-15;1.80601e-14;7.40773e-15;-9.990E+02;1.06597e-14;6.95551e-15;-9.990E+02;1.62277e-14;1.05887e-14;-9.990E+02
01:07:22.416;+00:55:38.393;2.51E+20;0.8;-999/-999;7580.2;4.08657e-14;9.13277e-15;2.38917e-14;9.02691e-15;-9.990E+02;5.30076e-14;1.63691e-14;-9.990E+02;2.69172e-14;1.44334e-14;-9.990E+02
01:55:00.590;+00:49:48.659;2.72E+20;0.8;-999/-999;2361.8;5.97342e-14;2.0598e-14;1.51013e-14;1.41049e-14;-9.990E+02;1.32161e-13;5.08722e-14;-9.990E+02;0;-8.07033e-11;2.21207e-13
01:55:28.559;+00:41:36.565;2.67E+20;0.8;-999/-999;2369.4;5.51884e-14;2.0562e-14;1.39214e-14;-3.62621e-11;1.07285e-13;2.37799e-14;2.22848e-14;-9.990E+02;1.80734e-13;7.29939e-14;-9.990E+02
01:17:41.022;+00:20:21.450;3.23E+20;0.8;-999/-999;1632.1;6.22637e-14;2.65487e-14;7.5098e-14;3.87244e-14;-9.990E+02;5.29997e-14;3.93396e-14;-9.990E+02;0;-1.02334e-10;2.64571e-13
01:17:58.819;+00:20:16.642;3.24E+20;0.8;-999/-999;1726.2;4.64489e-13;7.12878e-14;1.44901e-13;5.33008e-14;-9.990E+02;5.72163e-13;1.26561e-13;-9.990E+02;6.179e-13;1.61377e-13;-9.990E+02
21:40:54.529;+00:25:39.374;4.48E+20;1.171;+0.10/-0.09;5665.5;7.69186e-13;3.86946e-14;1.04391e-12;7.62259e-14;-9.990E+02;8.44646e-13;7.29037e-14;-9.990E+02;7.07455e-13;7.85037e-14;-9.990E+02
21:40:32.611;+00:26:18.478;4.51E+20;0.8;-999/-999;6001.0;6.00641e-14;1.42698e-14;7.30013e-14;2.21423e-14;-9.990E+02;4.07385e-14;1.90729e-14;-9.990E+02;2.02598e-14;1.65428e-14;-9.990E+02
21:41:20.109;+00:28:11.992;4.45E+20;0.8;-999/-999;6010.3;2.87483e-14;1.01738e-14;1.09561e-14;8.45868e-15;-9.990E+02;4.2954e-14;1.88824e-14;-9.990E+02;2.13761e-14;1.65034e-14;-9.990E+02
01:18:41.292;-00:52:05.521;3.70E+20;0.8;-999/-999;5705.7;2.70783e-14;1.05021e-14;3.56997e-14;1.64014e-14;-9.990E+02;1.95506e-14;1.4497e-14;-9.990E+02;0;-3.98904e-11;9.70686e-14
01:18:03.636;-00:44:45.845;3.55E+20;0.8;-999/-999;5817.9;2.49836e-14;1.01686e-14;3.92629e-14;1.72125e-14;-9.990E+02;1.80872e-14;-2.57524e-11;5.98609e-14;1.36319e-14;1.52395e-14;-9.990E+02
01:18:52.980;-01:00:07.696;4.02E+20;0.8;-999/-999;5805.3;8.88014e-14;2.00746e-14;8.3077e-14;2.65567e-14;-9.990E+02;1.11501e-13;3.5643e-14;-9.990E+02;4.77659e-14;-7.5525e-11;3.68394e-13
01:18:55.302;-01:00:01.141;4.02E+20;0.8;-999/-999;5601.1;3.15458e-14;1.24749e-14;2.95075e-14;-2.33136e-11;9.74821e-14;3.96033e-14;2.24479e-14;-9.990E+02;5.93835e-14;3.36596e-14;-9.990E+02
22:29:32.311;-00:12:21.215;4.69E+20;0.8;-999/-999;6439.4;1.91225e-14;8.34594e-15;3.67966e-14;1.60597e-14;-9.990E+02;0;-2.06635e-11;6.26728e-14;0;-3.07715e-11;9.33305e-14
22:28:54.572;-00:13:25.536;4.74E+20;0.8;-999/-999;6136.1;2.85068e-14;9.97152e-15;1.83292e-14;1.05756e-14;-9.990E+02;2.35368e-14;1.35803e-14;-9.990E+02;3.50326e-14;2.02132e-14;-9.990E+02
22:29:29.550;-00:08:44.680;4.70E+20;0.8;-999/-999;6342.5;2.70951e-14;9.95928e-15;8.69283e-15;7.50859e-15;-9.990E+02;3.35611e-14;1.68658e-14;-9.990E+02;3.33277e-14;2.05197e-14;-9.990E+02
22:28:50.324;-00:00:57.278;4.75E+20;0.8;-999/-999;4663.4;1.16669e-12;7.334e-14;2.17131e-12;1.37443e-13;-9.990E+02;1.03174e-13;3.42424e-14;-9.990E+02;1.43279e-12;-2.69965e-10;1.01446e-12
22:29:22.033;-00:00:05.291;4.74E+20;0.8;-999/-999;4463.6;6.12515e-14;1.90632e-14;1.18113e-13;3.67601e-14;-9.990E+02;5.4176e-15;-4.7168e-11;2.00546e-13;7.5232e-14;-7.02058e-11;2.98496e-13
03:18:17.446;-00:17:46.602;5.11E+20;0.8;-999/-999;9946.8;4.9229e-14;9.78648e-15;5.67132e-15;4.57364e-15;-9.990E+02;4.98559e-14;1.53178e-14;-9.990E+02;9.50133e-14;2.5957e-14;-9.990E+02
03:18:45.024;-00:18:47.740;5.13E+20;0.8;-999/-999;9612.3;2.80123e-14;7.71524e-15;6.10098e-15;4.98431e-15;-9.990E+02;3.82665e-14;1.41757e-14;-9.990E+02;3.40427e-14;1.63805e-14;-9.990E+02
03:18:36.372;-00:22:13.993;5.08E+20;0.8;-999/-999;8854.0;2.52299e-14;7.4075e-15;6.16609e-15;5.15193e-15;-9.990E+02;3.87913e-14;1.4379e-14;-9.990E+02;2.30197e-14;1.35187e-14;-9.990E+02
03:18:04.143;-00:15:14.541;5.13E+20;0.8;-999/-999;9595.0;1.72851e-14;6.23154e-15;4.23405e-15;-1.2202e-11;3.72224e-14;2.65567e-14;-1.53066e-11;4.66931e-14;6.3002e-14;2.27132e-14;-9.990E+02
03:18:08.038;-00:25:17.181;4.89E+20;0.8;-999/-999;6564.9;7.45536e-14;1.31106e-14;5.25964e-14;1.52644e-14;-9.990E+02;8.36648e-14;2.15819e-14;-9.990E+02;4.97397e-14;2.05262e-14;-9.990E+02
03:17:57.111;-00:10:03.646;5.18E+20;0.8;-999/-999;4463.8;7.33886e-14;1.38189e-14;7.21137e-14;1.93869e-14;-9.990E+02;4.50787e-14;1.74584e-14;-9.990E+02;6.67925e-14;2.58679e-14;-9.990E+02
02:39:04.027;-00:44:08.827;3.09E+20;0.8;-999/-999;7492.2;3.42832e-14;9.45744e-15;0;-1.69873e-11;8.14728e-14;7.02526e-14;2.18698e-14;-9.990E+02;2.65806e-14;1.65542e-14;-9.990E+02
02:38:58.548;-00:40:59.562;3.09E+20;0.8;-999/-999;7597.1;2.15713e-14;7.6494e-15;6.46181e-15;5.61907e-15;-9.990E+02;2.76061e-14;1.38974e-14;-9.990E+02;2.78527e-14;1.68938e-14;-9.990E+02
02:39:13.857;-00:49:56.789;3.10E+20;0.8;-999/-999;7371.8;3.65746e-14;1.00166e-14;2.46756e-14;1.13017e-14;-9.990E+02;2.34035e-14;1.30514e-14;-9.990E+02;5.31513e-14;2.43439e-14;-9.990E+02
02:39:13.488;-00:51:24.402;3.10E+20;0.8;-999/-999;6542.8;4.96102e-14;1.19643e-14;8.92427e-15;6.88716e-15;-9.990E+02;8.88851e-14;2.65409e-14;-9.990E+02;3.84458e-14;2.10179e-14;-9.990E+02
02:38:20.179;-00:52:39.947;3.09E+20;0.8;-999/-999;7166.4;1.87341e-14;7.78848e-15;3.36844e-15;-1.39889e-11;3.17589e-14;2.73996e-14;1.44564e-14;-9.990E+02;3.11194e-14;1.91201e-14;-9.990E+02
22:05:01.437;+00:31:20.892;4.64E+20;0.8;-999/-999;8713.2;1.99696e-14;7.16331e-15;2.12969e-14;1.01768e-14;-9.990E+02;5.50548e-15;5.84277e-15;-9.990E+02;2.4603e-14;1.5233e-14;-9.990E+02
22:05:04.026;+00:31:43.417;4.64E+20;0.8;-999/-999;8800.5;3.00274e-14;8.47902e-15;2.62099e-14;1.1064e-14;-9.990E+02;6.77124e-15;6.47384e-15;-9.990E+02;5.04489e-14;2.1296e-14;-9.990E+02
22:05:03.524;+00:28:10.670;4.66E+20;0.8;-999/-999;8913.5;2.70179e-14;8.19168e-15;2.59661e-14;1.13356e-14;-9.990E+02;2.67978e-14;1.30017e-14;-9.990E+02;9.981e-15;9.68379e-15;-9.990E+02
22:05:10.011;+00:34:07.998;4.62E+20;0.8;-999/-999;8882.1;2.16374e-14;7.305e-15;2.07584e-14;-1.40025e-11;3.42563e-14;1.34271e-14;9.065e-15;-9.990E+02;6.0034e-14;2.34949e-14;-9.990E+02
22:04:22.022;+00:31:28.598;4.61E+20;0.8;-999/-999;8647.5;1.75272e-14;6.71876e-15;1.6819e-14;9.11823e-15;-9.990E+02;1.08801e-14;-1.66592e-11;7.19662e-14;3.24426e-14;1.75884e-14;-9.990E+02
22:04:45.346;+00:39:34.094;4.57E+20;0.8;-999/-999;8229.5;1.8235e-14;7.00224e-15;2.32861e-14;1.10691e-14;-9.990E+02;1.51076e-14;1.0114e-14;-9.990E+02;3.3791e-14;-2.59079e-11;7.43467e-14
22:04:22.034;+00:26:58.967;4.62E+20;0.8;-999/-999;8797.7;2.14036e-14;7.4511e-15;6.84566e-15;5.85609e-15;-9.990E+02;1.77058e-14;1.06931e-14;-9.990E+02;3.95922e-14;1.9588e-14;-9.990E+02
22:04:23.123;+00:22:50.328;4.63E+20;0.8;-999/-999;7751.5;2.17617e-14;8.1844e-15;2.08967e-14;1.1311e-14;-9.990E+02;9.00072e-15;8.52929e-15;-9.990E+02;2.68235e-14;1.78535e-14;-9.990E+02
22:05:32.296;+00:37:37.340;4.59E+20;0.8;-999/-999;4030.9;1.84068e-13;2.33552e-14;3.27272e-13;4.33566e-14;-9.990E+02;7.61912e-14;-5.79227e-11;2.15561e-13;4.86513e-14;2.32342e-14;-9.990E+02
23:51:56.131;-01:09:14.245;3.60E+20;0.893;+0.04/-0.05;5934.9;3.25792e-12;8.5046e-14;2.54518e-12;1.0583e-13;-9.990E+02;3.16066e-12;1.38625e-13;-9.990E+02;3.36713e-12;1.70934e-13;-9.990E+02
23:51:35.401;-01:01:31.923;3.44E+20;0.8;-999/-999;6391.6;2.14035e-14;8.72464e-15;7.81307e-15;7.32508e-15;-9.990E+02;2.17569e-14;1.44093e-14;-9.990E+02;3.28194e-14;2.17358e-14;-9.990E+02
23:51:28.239;-01:11:17.579;3.62E+20;0.8;-999/-999;6061.1;3.49487e-14;1.10409e-14;1.28587e-14;-2.02865e-11;1.06223e-13;6.63609e-14;2.51541e-14;-9.990E+02;3.33033e-14;2.18821e-14;-9.990E+02
23:51:57.336;-00:58:32.511;3.41E+20;0.8;-999/-999;4850.4;4.94982e-14;1.32145e-14;3.86696e-14;1.65621e-14;-9.990E+02;9.43973e-14;-3.35663e-11;1.18917e-13;1.08513e-13;3.80228e-14;-9.990E+02
00:37:02.010;-01:15:32.995;2.35E+20;0.8;-999/-999;4823.5;2.9873e-14;1.11143e-14;3.12085e-14;1.50117e-14;-9.990E+02;1.55545e-14;1.29956e-14;-9.990E+02;2.37282e-14;1.98246e-14;-9.990E+02
00:36:59.879;-01:13:28.450;2.34E+20;0.8;-999/-999;4596.0;5.74613e-14;1.49039e-14;2.0005e-14;1.18624e-14;-9.990E+02;2.99294e-14;1.77473e-14;-9.990E+02;1.36974e-13;4.65356e-14;-9.990E+02
00:36:56.375;-01:15:36.923;2.35E+20;0.8;-999/-999;4854.3;2.95477e-14;1.09787e-14;7.35122e-15;7.47398e-15;-9.990E+02;4.39423e-14;2.23523e-14;-9.990E+02;3.35328e-14;2.41858e-14;-9.990E+02
00:37:11.376;-01:10:52.776;2.33E+20;0.8;-999/-999;4755.4;1.12984e-13;2.0316e-14;7.69325e-14;2.24976e-14;-9.990E+02;1.27982e-13;3.36805e-14;-9.990E+02;7.81233e-14;3.34083e-14;-9.990E+02
00:37:01.778;-01:19:09.868;2.36E+20;0.8;-999/-999;4759.7;4.3321e-14;1.31522e-14;1.88724e-14;1.11066e-14;-9.990E+02;5.63725e-14;2.31773e-14;-9.990E+02;4.30098e-14;2.53116e-14;-9.990E+02
00:37:04.414;-01:09:08.142;2.32E+20;0.8;-999/-999;4751.7;1.26369e-13;2.1664e-14;1.83297e-14;1.0784e-14;-9.990E+02;6.86235e-14;2.53043e-14;-9.990E+02;3.56044e-13;7.12842e-14;-9.990E+02
00:41:36.895;-01:30:14.494;2.51E+20;0.8;-999/-999;394.9;3.95299e-13;1.49941e-13;6.93274e-13;2.62966e-13;-9.990E+02;0;-3.88628e-10;1.35649e-12;0;-5.91877e-10;2.06592e-12
00:42:08.312;-01:24:33.341;2.47E+20;0.8;-999/-999;391.5;4.09449e-13;1.49732e-13;7.16836e-13;2.62141e-13;-9.990E+02;0;-3.88442e-10;1.17027e-12;0;-5.91844e-10;1.78307e-12
00:42:11.052;-01:22:28.738;2.46E+20;0.8;-999/-999;392.7;4.64407e-13;1.63284e-13;8.12704e-13;2.85744e-13;-9.990E+02;0;-4.23739e-10;1.99147e-12;0;-6.45685e-10;3.03456e-12
00:42:05.705;-01:15:20.724;2.43E+20;0.8;-999/-999;397.7;3.4567e-13;1.49523e-13;6.04115e-13;2.61316e-13;-9.990E+02;0;-3.88255e-10;1.18808e-12;0;-5.91801e-10;1.81094e-12
00:42:10.621;-01:17:15.292;2.44E+20;0.8;-999/-999;395.4;4.84633e-13;1.63176e-13;8.47341e-13;2.853e-13;-9.990E+02;0;-4.23643e-10;1.38647e-12;0;-6.45661e-10;2.11307e-12
00:41:48.703;-01:31:15.817;2.53E+20;0.8;-999/-999;387.5;4.9626e-13;1.77333e-13;8.71083e-13;3.11272e-13;-9.990E+02;0;-4.59456e-10;1.7013e-12;0;-6.99615e-10;2.59057e-12
00:41:59.152;-01:12:32.687;2.42E+20;0.8;-999/-999;399.9;3.56141e-13;1.49468e-13;6.22173e-13;2.61118e-13;-9.990E+02;0;-3.88211e-10;1.22398e-12;0;-5.9179e-10;1.86583e-12
00:42:16.935;-01:21:21.043;2.46E+20;0.8;-999/-999;390.0;6.16397e-13;1.90498e-13;1.07868e-12;3.33368e-13;-9.990E+02;0;-4.94421e-10;2.11551e-12;0;-7.53389e-10;3.22358e-12
21:29:39.476;-00:07:17.325;3.60E+20;0.8;-999/-999;1373.7;1.48957e-13;4.80964e-14;4.5649e-14;3.50166e-14;-9.990E+02;6.29069e-14;4.82549e-14;-9.990E+02;3.78938e-13;1.48791e-13;-9.990E+02
02:34:57.186;+00:49:09.822;2.18E+20;0.8;-999/-999;8935.8;3.94191e-14;8.35264e-15;2.27157e-14;8.30324e-15;-9.990E+02;5.1496e-14;1.52868e-14;-9.990E+02;2.62465e-14;1.37692e-14;-9.990E+02
02:34:37.291;+00:46:11.172;2.17E+20;0.8;-999/-999;10236.2;1.29418e-14;5.11746e-15;1.67798e-14;7.75689e-15;-9.990E+02;1.69157e-14;-1.33691e-11;5.60334e-14;1.29346e-14;1.04048e-14;-9.990E+02
02:34:51.388;+00:56:33.104;2.16E+20;0.8;-999/-999;10663.1;2.69509e-14;7.00024e-15;2.58584e-14;9.10627e-15;-9.990E+02;1.56672e-14;8.59246e-15;-9.990E+02;2.39472e-14;1.31335e-14;-9.990E+02
02:34:23.031;+00:46:11.843;2.15E+20;0.8;-999/-999;9887.5;1.64579e-14;5.92108e-15;5.68353e-15;4.57749e-15;-9.990E+02;8.61261e-15;6.93657e-15;-9.990E+02;3.95022e-14;1.83812e-14;-9.990E+02
02:34:35.008;+00:58:25.361;2.14E+20;0.8;-999/-999;9859.2;1.73934e-14;5.91888e-15;7.50373e-15;5.19364e-15;-9.990E+02;9.10427e-15;-1.54766e-11;7.51648e-14;5.21716e-14;2.04693e-14;-9.990E+02
02:35:11.690;+00:55:12.001;2.18E+20;0.8;-999/-999;6045.2;3.68998e-14;8.62208e-15;2.12693e-14;8.57109e-15;-9.990E+02;3.21656e-14;1.29621e-14;-9.990E+02;4.91557e-14;1.98087e-14;-9.990E+02
02:34:14.655;+00:57:08.387;2.12E+20;0.8;-999/-999;9058.2;8.51954e-14;1.26355e-14;6.99542e-14;1.49806e-14;-9.990E+02;5.31138e-14;1.61277e-14;-9.990E+02;9.74735e-14;2.68792e-14;-9.990E+02
02:34:00.064;+00:49:40.894;2.12E+20;0.8;-999/-999;10490.8;3.22474e-14;8.46846e-15;2.47088e-14;9.73518e-15;-9.990E+02;3.75211e-14;1.47832e-14;-9.990E+02;1.43438e-14;1.13028e-14;-9.990E+02
02:34:08.848;+01:06:20.420;2.09E+20;0.8;-999/-999;3466.7;4.26205e-13;4.16268e-14;5.24198e-13;6.04898e-14;-9.990E+02;3.19128e-13;5.79497e-14;-9.990E+02;1.89769e-13;-1.66681e-10;1.61299e-12
23:29:47.581;-00:39:17.492;4.26E+20;0.8;-999/-999;1821.1;7.69356e-14;3.17856e-14;0;-6.00142e-11;3.20549e-13;1.28173e-13;6.61805e-14;-9.990E+02;9.58589e-14;7.12866e-14;-9.990E+02
23:30:10.952;-00:29:55.678;4.20E+20;0.8;-999/-999;696.5;4.03788e-13;7.49892e-14;0;-1.41221e-10;1.67916e-12;6.73614e-13;1.53953e-13;-9.990E+02;5.04198e-13;1.62e-13;-9.990E+02
21:54:29.997;+00:38:13.869;5.34E+20;0.8;-999/-999;4613.0;6.91511e-14;1.64219e-14;1.70874e-14;1.1488e-14;-9.990E+02;1.0587e-13;3.09455e-14;-9.990E+02;6.26443e-14;2.97534e-14;-9.990E+02
21:54:27.355;+00:38:39.429;5.35E+20;0.8;-999/-999;4635.8;5.99112e-14;1.64263e-14;2.37042e-14;1.44027e-14;-9.990E+02;8.80702e-14;3.11062e-14;-9.990E+02;4.34136e-14;2.63782e-14;-9.990E+02
21:54:36.006;+00:41:04.796;5.31E+20;0.665;+0.27/-0.20;4852.1;2.08118e-13;2.9637e-14;1.10092e-13;2.76212e-14;-9.990E+02;1.68654e-13;3.83489e-14;-9.990E+02;2.35997e-13;5.81311e-14;-9.990E+02
21:54:28.070;+00:37:59.411;5.35E+20;0.8;-999/-999;4659.2;3.51224e-14;1.2693e-14;2.12319e-14;-2.50807e-11;7.64443e-14;7.1685e-14;2.82607e-14;-9.990E+02;2.12064e-14;1.92318e-14;-9.990E+02
21:54:29.425;+00:37:13.372;5.34E+20;0.8;-999/-999;4588.7;7.00021e-14;1.64219e-14;2.30675e-14;1.27159e-14;-9.990E+02;8.57567e-14;2.74897e-14;-9.990E+02;8.45536e-14;3.32264e-14;-9.990E+02
21:54:25.401;+00:43:13.045;5.36E+20;0.8;-999/-999;4272.8;1.0352e-13;2.09132e-14;1.86222e-14;1.24148e-14;-9.990E+02;1.38232e-13;3.75666e-14;-9.990E+02;1.36275e-13;4.59463e-14;-9.990E+02
21:54:23.363;+00:46:55.174;5.37E+20;0.8;-999/-999;4681.2;5.10269e-14;1.4942e-14;9.18459e-15;-2.95504e-11;1.33435e-13;7.49586e-14;2.87433e-14;-9.990E+02;7.39006e-14;3.36177e-14;-9.990E+02
21:54:19.609;+00:48:27.744;5.38E+20;0.8;-999/-999;4576.2;3.80974e-14;1.36009e-14;6.85855e-15;-2.69103e-11;1.6618e-13;9.32603e-14;3.32942e-14;-9.990E+02;5.51279e-14;-4.91823e-11;3.03717e-13
21:55:16.139;+00:32:51.832;5.11E+20;0.8;-999/-999;2409.5;2.96412e-13;4.00356e-14;2.63761e-13;5.38964e-14;-9.990E+02;3.97534e-13;7.38538e-14;-9.990E+02;4.32183e-13;-1.45846e-10;6.48924e-13
01:17:21.618;+00:49:00.834;3.17E+20;0.8;-999/-999;5421.9;3.43605e-14;1.12955e-14;1.23963e-14;9.17082e-15;-9.990E+02;5.26774e-14;2.23754e-14;-9.990E+02;2.65624e-14;1.96509e-14;-9.990E+02
20:58:50.802;+01:00:31.851;6.47E+20;0.8;-999/-999;3894.3;3.96602e-14;1.5414e-14;8.21559e-14;3.193e-14;-9.990E+02;0;-3.70239e-11;1.04883e-13;0;-5.41388e-11;1.53366e-13
20:58:56.178;+00:59:35.353;6.41E+20;0.8;-999/-999;3935.2;4.43357e-14;1.69279e-14;9.16158e-14;3.498e-14;-9.990E+02;0;-4.07015e-11;1.76027e-13;0;-5.95526e-11;2.57556e-13
20:58:51.809;+01:06:43.205;6.55E+20;0.8;-999/-999;3801.4;6.06643e-14;1.85376e-14;1.26076e-13;3.8526e-14;-9.990E+02;0;-4.44781e-11;1.20302e-13;0;-6.49858e-11;1.75771e-13
22:06:41.818;-00:31:57.577;5.15E+20;0.8;-999/-999;6040.9;2.34996e-14;9.2039e-15;9.2168e-15;8.07817e-15;-9.990E+02;1.15485e-14;1.01218e-14;-9.990E+02;5.13445e-14;2.60292e-14;-9.990E+02
22:06:43.216;-00:31:03.422;5.14E+20;0.8;-999/-999;6002.2;1.28182e-13;1.92933e-14;6.76598e-14;1.95471e-14;-9.990E+02;1.45462e-13;3.16207e-14;-9.990E+02;1.25736e-13;3.63255e-14;-9.990E+02
22:06:44.839;-00:39:03.202;5.24E+20;0.8;-999/-999;6068.5;3.24195e-14;1.0866e-14;1.71862e-14;-2.13743e-11;5.27837e-14;2.98426e-14;1.59988e-14;-9.990E+02;7.36138e-14;3.10249e-14;-9.990E+02
22:06:31.627;-00:39:59.011;5.24E+20;0.8;-999/-999;5952.0;5.24696e-14;1.36942e-14;2.78133e-14;-2.6937e-11;9.74784e-14;9.1975e-14;2.84363e-14;-9.990E+02;5.44666e-14;2.67952e-14;-9.990E+02
22:06:21.604;-00:24:24.088;5.08E+20;0.8;-999/-999;6140.7;3.46671e-14;1.14075e-14;9.68668e-15;8.73916e-15;-9.990E+02;2.43795e-14;1.544e-14;-9.990E+02;7.23523e-14;3.2618e-14;-9.990E+02
03:39:30.075;+00:00:19.709;6.04E+20;0.8;-999/-999;1614.9;8.11051e-14;3.35082e-14;0;-6.81402e-11;2.17813e-13;7.85416e-14;5.14392e-14;-9.990E+02;1.73032e-13;9.29876e-14;-9.990E+02
01:12:23.867;-01:00:52.841;4.12E+20;0.8;-999/-999;2146.8;8.45982e-14;3.30855e-14;7.94506e-14;4.44004e-14;-9.990E+02;0;-8.28314e-11;6.99994e-13;1.58739e-13;8.87105e-14;-9.990E+02
03:10:43.976;-00:19:41.533;5.06E+20;0.8;-999/-999;6497.3;2.38821e-14;9.03166e-15;2.80091e-14;1.34837e-14;-9.990E+02;1.17621e-14;9.88132e-15;-9.990E+02;1.74494e-14;1.46592e-14;-9.990E+02
03:10:15.180;-00:30:39.658;5.06E+20;0.8;-999/-999;4959.4;7.29492e-14;1.62866e-14;4.07115e-14;1.68517e-14;-9.990E+02;5.12837e-14;2.12279e-14;-9.990E+02;1.14202e-13;3.84892e-14;-9.990E+02
03:10:26.666;-00:31:47.920;5.06E+20;0.8;-999/-999;5951.7;2.54219e-14;1.02161e-14;9.93628e-15;8.81939e-15;-9.990E+02;3.75425e-14;1.90738e-14;-9.990E+02;1.85687e-14;1.64815e-14;-9.990E+02
01:22:24.232;+00:56:49.819;3.19E+20;0.8;-999/-999;18885.5;2.42259e-14;5.16335e-15;1.45801e-14;5.35731e-15;-9.990E+02;3.09398e-14;9.26161e-15;-9.990E+02;1.55973e-14;8.06553e-15;-9.990E+02
01:22:26.640;+00:56:03.014;3.19E+20;0.8;-999/-999;19181.2;2.16023e-14;4.88425e-15;1.23173e-14;4.96168e-15;-9.990E+02;2.3236e-14;8.05667e-15;-9.990E+02;2.19646e-14;9.43495e-15;-9.990E+02
01:22:20.975;+00:59:05.707;3.17E+20;0.8;-999/-999;17885.4;1.59391e-14;4.32295e-15;5.22825e-15;3.39912e-15;-9.990E+02;7.4062e-15;4.8151e-15;-9.990E+02;3.92156e-14;1.32839e-14;-9.990E+02
01:22:41.100;+00:54:11.236;3.20E+20;0.8;-999/-999;15796.3;2.43724e-14;5.44401e-15;2.371e-14;7.19217e-15;-9.990E+02;4.78833e-15;3.73654e-15;-9.990E+02;3.61985e-14;1.28695e-14;-9.990E+02
01:22:30.783;+01:03:07.829;3.16E+20;0.8;-999/-999;17759.4;1.45126e-14;4.32171e-15;1.52732e-14;5.88048e-15;-9.990E+02;9.27631e-15;5.42752e-15;-9.990E+02;9.35356e-15;6.74427e-15;-9.990E+02
01:21:54.113;+01:01:22.701;3.14E+20;0.8;-999/-999;18710.0;9.59149e-15;3.62206e-15;7.40538e-15;4.29763e-15;-9.990E+02;7.00803e-15;4.97011e-15;-9.990E+02;1.06041e-14;7.52044e-15;-9.990E+02
01:22:31.162;+00:48:09.066;3.22E+20;0.8;-999/-999;13908.3;2.90555e-14;6.14636e-15;1.57578e-14;6.13745e-15;-9.990E+02;3.70885e-14;1.12407e-14;-9.990E+02;2.24291e-14;1.06215e-14;-9.990E+02
01:21:39.242;+00:57:56.260;3.14E+20;0.8;-999/-999;18906.9;1.96148e-14;5.01516e-15;1.96331e-14;6.63974e-15;-9.990E+02;1.11444e-14;6.02113e-15;-9.990E+02;1.6863e-14;9.11079e-15;-9.990E+02
01:22:54.482;+01:01:08.702;3.18E+20;0.8;-999/-999;10178.2;5.31216e-14;8.37e-15;5.47895e-14;1.13784e-14;-9.990E+02;3.87818e-14;1.13529e-14;-9.990E+02;2.93341e-14;1.23784e-14;-9.990E+02
01:21:59.471;+01:06:49.610;3.12E+20;0.8;-999/-999;17655.1;1.38385e-14;4.45504e-15;1.42338e-14;-8.01296e-12;2.34248e-14;2.0225e-14;8.73046e-15;-9.990E+02;2.29594e-14;1.138e-14;-9.990E+02
01:21:34.148;+00:52:38.139;3.19E+20;0.8;-999/-999;16348.8;4.06509e-14;7.39615e-15;2.59046e-14;7.98052e-15;-9.990E+02;3.66472e-14;1.129e-14;-9.990E+02;4.61935e-14;1.56836e-14;-9.990E+02
01:21:15.929;+00:52:34.862;3.18E+20;0.386;+0.16/-0.14;4808.4;3.09192e-13;2.98736e-14;7.59141e-14;1.67868e-14;-9.990E+02;2.43638e-13;3.71745e-14;-9.990E+02;3.94234e-13;6.01525e-14;-9.990E+02
01:57:48.987;-00:06:01.328;2.54E+20;0.8;-999/-999;4977.6;2.99939e-14;1.07803e-14;2.63342e-14;1.3251e-14;-9.990E+02;1.9435e-14;1.37396e-14;-9.990E+02;2.95901e-14;2.09188e-14;-9.990E+02
01:58:15.061;-00:09:44.480;2.47E+20;0.8;-999/-999;4902.1;5.79463e-14;1.49732e-14;3.68904e-14;1.61026e-14;-9.990E+02;8.20711e-14;3.05487e-14;-9.990E+02;2.08411e-14;1.81969e-14;-9.990E+02
01:57:43.882;-00:09:20.984;2.54E+20;0.8;-999/-999;5064.6;3.71171e-14;1.21449e-14;2.17239e-14;1.22781e-14;-9.990E+02;6.41349e-14;2.57601e-14;-9.990E+02;1.33193e-14;-4.7886e-11;3.22615e-13
01:58:03.739;-00:13:29.512;2.48E+20;0.8;-999/-999;5061.2;3.39336e-14;1.18468e-14;2.97171e-14;1.48204e-14;-9.990E+02;2.93503e-14;1.80139e-14;-9.990E+02;2.23652e-14;1.94086e-14;-9.990E+02
01:58:27.795;+00:01:13.805;2.44E+20;0.8;-999/-999;4961.0;2.49931e-14;1.06064e-14;3.63995e-14;1.73082e-14;-9.990E+02;2.16379e-14;-2.75315e-11;7.15493e-14;1.64943e-14;1.70812e-14;-9.990E+02
01:58:38.811;-00:10:01.871;2.42E+20;0.8;-999/-999;5015.9;5.0493e-14;1.49468e-14;2.93876e-14;1.51448e-14;-9.990E+02;6.5632e-14;2.84959e-14;-9.990E+02;3.33427e-14;2.44847e-14;-9.990E+02
01:58:43.602;-00:03:11.534;2.43E+20;0.8;-999/-999;5064.7;5.49157e-14;1.49523e-14;4.3616e-14;1.82921e-14;-9.990E+02;3.89315e-14;2.13734e-14;-9.990E+02;5.93416e-14;3.25786e-14;-9.990E+02
01:58:42.950;-00:13:06.609;2.42E+20;0.8;-999/-999;4603.2;3.24481e-14;1.29086e-14;1.13325e-14;9.86551e-15;-9.990E+02;6.74688e-14;2.93613e-14;-9.990E+02;3.50658e-14;-5.11018e-11;1.69729e-13
20:08:09.194;+00:23:38.487;8.07E+20;0.8;-999/-999;9336.1;3.70023e-14;9.32292e-15;1.25837e-14;8.13924e-15;-9.990E+02;4.01117e-14;1.48738e-14;-9.990E+02;4.80983e-14;1.94501e-14;-9.990E+02
20:08:30.846;+00:21:33.768;7.99E+20;1.054;+0.04/-0.04;9544.6;3.2455e-12;6.85204e-14;3.27109e-12;1.17041e-13;-9.990E+02;3.61243e-12;1.21942e-13;-9.990E+02;3.13206e-12;1.31472e-13;-9.990E+02
20:08:14.263;+00:29:24.423;8.01E+20;0.8;-999/-999;9274.7;1.97255e-14;7.2225e-15;6.21413e-15;6.09381e-15;-9.990E+02;3.31346e-14;1.42593e-14;-9.990E+02;9.53947e-15;9.35476e-15;-9.990E+02
20:07:53.354;+00:21:30.699;8.16E+20;0.8;-999/-999;9562.1;6.61316e-14;1.22436e-14;2.44499e-14;1.12815e-14;-9.990E+02;6.89654e-14;1.94532e-14;-9.990E+02;8.67234e-14;2.60496e-14;-9.990E+02
20:08:24.026;+00:13:55.644;8.09E+20;0.8;-999/-999;9997.9;1.8832e-14;7.55854e-15;1.38806e-14;9.5976e-15;-9.990E+02;2.94865e-14;1.44694e-14;-9.990E+02;2.47374e-14;-2.55089e-11;1.4034e-13
20:08:48.627;+00:30:58.711;7.84E+20;0.8;-999/-999;6781.2;4.13748e-14;1.10269e-14;6.79234e-14;2.08529e-14;-9.990E+02;2.43787e-14;1.29955e-14;-9.990E+02;5.46902e-14;-3.74359e-11;2.32121e-13
20:08:33.309;+00:14:13.859;8.05E+20;0.8;-999/-999;9451.4;3.68715e-14;1.01216e-14;6.10628e-14;-2.23317e-11;5.98919e-14;5.77743e-14;1.95073e-14;-9.990E+02;4.15664e-14;1.98515e-14;-9.990E+02
20:08:46.765;+00:14:20.263;8.00E+20;0.8;-999/-999;8586.7;2.82891e-14;9.6276e-15;1.03867e-14;8.61845e-15;-9.990E+02;2.21717e-14;1.29747e-14;-9.990E+02;4.78594e-14;2.30877e-14;-9.990E+02
20:09:08.841;+00:21:01.450;7.84E+20;0.8;-999/-999;8498.5;6.71681e-14;1.42231e-14;6.30592e-14;2.01041e-14;-9.990E+02;4.52393e-14;1.76776e-14;-9.990E+02;6.52263e-14;2.54877e-14;-9.990E+02
20:08:39.217;+00:10:38.024;8.07E+20;0.8;-999/-999;8496.8;5.28835e-14;1.36629e-14;6.67908e-14;2.26485e-14;-9.990E+02;3.55e-14;1.71211e-14;-9.990E+02;2.55297e-14;1.7315e-14;-9.990E+02
02:49:44.231;+00:44:46.280;5.11E+20;0.8;-999/-999;15612.2;1.66963e-14;4.89324e-15;0;-9.57416e-12;1.96304e-14;1.49276e-14;7.22126e-15;-9.990E+02;3.87299e-14;1.42763e-14;-9.990E+02
02:49:53.408;+00:48:49.670;5.09E+20;0.8;-999/-999;16090.3;2.79783e-14;6.07579e-15;0;-1.18772e-11;2.78255e-14;4.23324e-14;1.17699e-14;-9.990E+02;3.92646e-14;1.36812e-14;-9.990E+02
02:49:41.661;+00:43:10.327;5.12E+20;0.8;-999/-999;15543.5;1.42476e-14;4.59792e-15;3.9898e-15;3.34469e-15;-9.990E+02;1.00087e-14;6.13874e-15;-9.990E+02;2.96834e-14;1.24542e-14;-9.990E+02
02:49:23.228;+00:43:57.295;4.97E+20;0.8;-999/-999;16512.7;2.83803e-14;6.05406e-15;2.12541e-14;7.33387e-15;-9.990E+02;3.76843e-14;1.09485e-14;-9.990E+02;7.99621e-15;6.4013e-15;-9.990E+02
02:49:18.674;+00:50:17.922;5.03E+20;0.8;-999/-999;16377.5;1.8654e-14;5.02962e-15;8.40204e-15;4.67454e-15;-9.990E+02;2.12094e-14;8.4568e-15;-9.990E+02;2.09795e-14;1.0214e-14;-9.990E+02
02:49:15.220;+00:45:20.135;4.95E+20;0.8;-999/-999;16949.2;3.83387e-14;7.08336e-15;2.76228e-14;8.45451e-15;-9.990E+02;3.5026e-14;1.07204e-14;-9.990E+02;3.64013e-14;1.32727e-14;-9.990E+02
02:49:37.861;+00:55:14.942;5.02E+20;0.8;-999/-999;15963.4;7.22394e-14;9.90796e-15;1.34537e-13;1.93308e-14;-9.990E+02;8.09155e-15;5.07133e-15;-9.990E+02;6.84526e-14;-3.61891e-11;3.96171e-14
02:49:07.768;+00:44:06.396;4.92E+20;0.8;-999/-999;15157.8;1.13529e-14;4.27576e-15;8.82297e-15;5.28519e-15;-9.990E+02;1.27361e-15;-1.05419e-11;3.68984e-14;2.49762e-14;1.21151e-14;-9.990E+02
02:50:12.530;+00:44:01.679;5.18E+20;0.8;-999/-999;16902.1;1.41324e-14;4.60629e-15;1.58615e-14;6.92828e-15;-9.990E+02;9.92097e-15;6.01901e-15;-9.990E+02;7.34988e-15;6.41965e-15;-9.990E+02
02:49:48.861;+00:56:55.865;5.03E+20;0.8;-999/-999;14226.6;1.55474e-14;5.02962e-15;5.05566e-15;4.07398e-15;-9.990E+02;1.27562e-14;7.01393e-15;-9.990E+02;2.83981e-14;1.28365e-14;-9.990E+02
02:48:54.068;+00:49:00.790;4.89E+20;0.8;-999/-999;9558.0;4.10258e-14;8.24936e-15;3.18437e-14;1.00305e-14;-9.990E+02;4.05229e-14;1.27643e-14;-9.990E+02;3.01109e-14;1.33201e-14;-9.990E+02
02:49:07.900;+00:39:14.316;4.92E+20;0.8;-999/-999;11282.9;2.6318e-14;6.78224e-15;3.40601e-14;1.06936e-14;-9.990E+02;2.16478e-14;9.70495e-15;-9.990E+02;1.92944e-14;-2.4841e-11;1.065e-13
02:00:02.033;+01:20:42.825;2.33E+20;0.8;-999/-999;2119.8;1.30862e-13;3.25056e-14;8.2825e-14;3.5355e-14;-9.990E+02;1.85993e-13;6.35148e-14;-9.990E+02;4.72939e-14;3.95731e-14;-9.990E+02
02:00:04.069;+01:25:13.475;2.35E+20;0.8;-999/-999;1557.5;1.15548e-13;3.11742e-14;5.03301e-14;2.78327e-14;-9.990E+02;1.50427e-13;5.8272e-14;-9.990E+02;1.14791e-13;6.34797e-14;-9.990E+02
02:00:18.981;+01:27:41.987;2.36E+20;0.8;-999/-999;2131.2;4.56938e-14;2.03385e-14;1.99096e-14;-3.53917e-11;1.75447e-13;7.93169e-14;4.19352e-14;-9.990E+02;6.04657e-14;4.71126e-14;-9.990E+02
00:53:50.025;-01:30:30.232;3.68E+20;0.8;-999/-999;733.7;4.68606e-13;9.9281e-14;3.70326e-13;1.20801e-13;-9.990E+02;5.07749e-13;1.65628e-13;-9.990E+02;2.54672e-13;1.44063e-13;-9.990E+02
00:53:19.312;-01:23:33.270;3.66E+20;0.8;-999/-999;583.9;2.90992e-13;8.78788e-14;5.3612e-13;1.61907e-13;-9.990E+02;3.15471e-13;-2.22049e-10;2.43379e-12;1.58247e-13;-3.34191e-10;3.66294e-12
21:33:27.525;-00:48:57.657;3.71E+20;0.8;-999/-999;66246.2;7.71749e-15;1.84561e-15;8.3826e-15;2.6212e-15;-9.990E+02;3.44101e-15;2.00872e-15;-9.990E+02;6.90123e-15;3.45331e-15;-9.990E+02
21:33:27.432;-00:48:35.874;3.71E+20;0.761;+0.27/-0.20;66313.1;1.76631e-14;2.48982e-15;6.87748e-15;2.01984e-15;-9.990E+02;2.11634e-14;4.07721e-15;-9.990E+02;1.9239e-14;4.85474e-15;-9.990E+02
21:33:27.137;-00:49:29.802;3.72E+20;0.419;+0.22/-0.18;66067.5;2.85006e-14;3.52317e-15;1.00559e-14;2.3994e-15;-9.990E+02;1.89116e-14;4.06065e-15;-9.990E+02;3.58038e-14;7.09572e-15;-9.990E+02
21:33:26.485;-00:50:34.125;3.73E+20;0.8;-999/-999;66755.5;6.1924e-15;1.70472e-15;3.81427e-15;1.80423e-15;-9.990E+02;5.21322e-15;2.46596e-15;-9.990E+02;7.84039e-15;3.70867e-15;-9.990E+02
21:33:26.020;-00:46:54.022;3.69E+20;0.8;-999/-999;66156.4;4.83385e-15;1.56068e-15;5.09588e-15;2.15927e-15;-9.990E+02;3.49045e-15;2.10402e-15;-9.990E+02;2.62658e-15;2.22568e-15;-9.990E+02
21:33:26.191;-00:45:26.923;3.68E+20;0.8;-999/-999;67196.6;5.91289e-15;1.56013e-15;3.89418e-15;1.65418e-15;-9.990E+02;4.27427e-15;2.03781e-15;-9.990E+02;8.03405e-15;3.41272e-15;-9.990E+02
21:33:43.678;-00:46:59.252;3.71E+20;0.8;-999/-999;69874.6;9.77463e-15;1.84561e-15;8.09164e-15;2.34257e-15;-9.990E+02;7.66542e-15;2.62281e-15;-9.990E+02;8.96782e-15;3.46356e-15;-9.990E+02
21:33:42.503;-00:51:57.394;3.75E+20;0.8;-999/-999;69291.1;4.27019e-15;1.4215e-15;3.64393e-15;1.7686e-15;-9.990E+02;3.31704e-15;1.95764e-15;-9.990E+02;3.74011e-15;2.55078e-15;-9.990E+02
21:33:44.450;-00:46:20.656;3.70E+20;0.8;-999/-999;69857.6;9.71584e-15;1.84496e-15;4.18548e-15;1.70248e-15;-9.990E+02;7.36688e-15;2.62252e-15;-9.990E+02;1.72393e-14;4.82214e-15;-9.990E+02
21:33:16.793;-00:53:06.703;3.74E+20;0.8;-999/-999;67275.1;6.9975e-15;1.70532e-15;4.31107e-15;1.75149e-15;-9.990E+02;4.90879e-15;2.27247e-15;-9.990E+02;1.03335e-14;3.95696e-15;-9.990E+02
21:33:24.811;-00:54:30.911;3.76E+20;0.8;-999/-999;68587.0;1.01829e-14;1.9908e-15;6.90638e-15;2.24214e-15;-9.990E+02;8.56742e-15;2.84013e-15;-9.990E+02;1.1591e-14;4.27001e-15;-9.990E+02
21:33:05.192;-00:49:32.725;3.70E+20;0.8;-999/-999;68248.9;5.24111e-15;1.56112e-15;7.44115e-16;8.06714e-16;-9.990E+02;3.05578e-15;1.91991e-15;-9.990E+02;1.37968e-14;5.14372e-15;-9.990E+02
21:33:53.533;-00:49:05.341;3.73E+20;0.8;-999/-999;71004.6;9.79788e-15;1.98884e-15;1.39288e-15;9.97538e-16;-9.990E+02;1.04695e-14;3.10963e-15;-9.990E+02;1.86108e-14;5.396e-15;-9.990E+02
21:33:03.591;-00:49:58.851;3.70E+20;0.8;-999/-999;68770.5;1.41636e-14;2.27072e-15;1.17654e-14;2.79469e-15;-9.990E+02;1.25316e-14;3.40046e-15;-9.990E+02;1.07752e-14;3.83688e-15;-9.990E+02
21:33:18.066;-00:54:40.868;3.75E+20;0.8;-999/-999;67028.7;5.14725e-15;1.56365e-15;3.17332e-15;1.65002e-15;-9.990E+02;3.46453e-15;2.02008e-15;-9.990E+02;7.8137e-15;3.84102e-15;-9.990E+02
21:33:02.229;-00:46:37.301;3.67E+20;0.8;-999/-999;68598.1;7.88864e-15;1.84314e-15;6.36077e-15;2.19831e-15;-9.990E+02;4.98715e-15;2.33044e-15;-9.990E+02;9.38277e-15;3.91983e-15;-9.990E+02
21:33:00.744;-00:51:05.798;3.71E+20;0.8;-999/-999;70733.3;6.51926e-15;1.70364e-15;6.01828e-15;2.27179e-15;-9.990E+02;3.29502e-15;1.96101e-15;-9.990E+02;7.43002e-15;3.59738e-15;-9.990E+02
21:33:13.705;-00:55:24.163;3.76E+20;0.8;-999/-999;67657.4;4.81347e-15;1.5642e-15;1.48441e-15;1.17685e-15;-9.990E+02;4.04862e-15;2.26371e-15;-9.990E+02;9.13577e-15;4.35311e-15;-9.990E+02
21:33:57.541;-00:52:24.101;3.76E+20;0.8;-999/-999;69507.0;4.61155e-15;1.422e-15;1.00373e-15;9.2848e-16;-9.990E+02;4.10963e-15;2.11117e-15;-9.990E+02;9.26528e-15;4.12647e-15;-9.990E+02
21:33:18.848;-00:56:37.712;3.77E+20;0.891;+0.22/-0.17;68442.4;2.59481e-14;2.9007e-15;2.21672e-14;3.93743e-15;-9.990E+02;2.25001e-14;4.57056e-15;-9.990E+02;2.68512e-14;5.79029e-15;-9.990E+02
21:32:55.350;-00:48:58.029;3.68E+20;0.8;-999/-999;69791.0;1.16357e-14;2.12745e-15;9.44385e-15;2.6153e-15;-9.990E+02;9.41631e-15;3.07339e-15;-9.990E+02;1.06293e-14;3.85408e-15;-9.990E+02
21:33:48.414;-00:41:50.931;3.66E+20;0.761;+0.25/-0.19;68139.3;2.38062e-14;3.07083e-15;1.23208e-14;2.96498e-15;-9.990E+02;2.43189e-14;4.80479e-15;-9.990E+02;2.59373e-14;6.24174e-15;-9.990E+02
21:32:55.610;-00:52:28.288;3.72E+20;0.8;-999/-999;69951.8;7.96818e-15;1.84613e-15;6.05959e-15;2.08387e-15;-9.990E+02;3.55234e-15;1.94335e-15;-9.990E+02;1.24645e-14;4.2865e-15;-9.990E+02
21:34:03.981;-00:47:05.742;3.72E+20;0.8;-999/-999;62426.3;5.86501e-15;1.70412e-15;2.49965e-15;1.53693e-15;-9.990E+02;3.41853e-15;2.10192e-15;-9.990E+02;1.20005e-14;4.95128e-15;-9.990E+02
21:33:21.809;-00:39:56.452;3.62E+20;0.8;-999/-999;65050.3;7.30256e-15;1.84015e-15;4.47802e-15;1.93414e-15;-9.990E+02;5.28164e-15;2.44016e-15;-9.990E+02;1.06012e-14;4.3419e-15;-9.990E+02
21:33:51.945;-00:56:15.347;3.79E+20;0.8;-999/-999;67908.6;6.14339e-15;1.70808e-15;5.69307e-15;2.17544e-15;-9.990E+02;1.29147e-15;1.21176e-15;-9.990E+02;9.7083e-15;4.04737e-15;-9.990E+02
21:33:33.439;-00:58:20.866;3.80E+20;1.141;+0.12/-0.10;66744.1;6.37326e-14;3.76992e-15;7.54103e-14;6.84368e-15;-9.990E+02;7.67591e-14;7.6794e-15;-9.990E+02;5.92559e-14;7.90079e-15;-9.990E+02
21:33:42.044;-00:58:06.686;3.80E+20;0.8;-999/-999;63633.4;6.13943e-15;1.70856e-15;3.7921e-15;1.77334e-15;-9.990E+02;5.16012e-15;2.41308e-15;-9.990E+02;7.75491e-15;3.62652e-15;-9.990E+02
21:33:27.856;-00:38:59.204;3.62E+20;0.8;-999/-999;57131.9;1.3276e-14;2.40635e-15;5.42569e-15;2.11665e-15;-9.990E+02;1.30679e-14;3.70861e-15;-9.990E+02;1.96756e-14;5.58382e-15;-9.990E+02
21:34:06.419;-00:52:45.397;3.77E+20;0.8;-999/-999;51735.3;7.3467e-15;1.99136e-15;2.47318e-15;1.56664e-15;-9.990E+02;6.74127e-15;3.01526e-15;-9.990E+02;1.26651e-14;4.91063e-15;-9.990E+02
21:32:56.691;-00:55:16.062;3.74E+20;0.8;-999/-999;69868.1;7.10408e-15;1.84743e-15;5.05191e-15;2.13452e-15;-9.990E+02;8.27821e-15;3.20686e-15;-9.990E+02;4.15014e-15;2.76226e-15;-9.990E+02
21:32:48.414;-00:51:25.162;3.70E+20;0.8;-999/-999;64915.9;5.40006e-15;1.70304e-15;6.22846e-16;7.94141e-16;-9.990E+02;1.10898e-14;3.85201e-15;-9.990E+02;2.56673e-15;2.35145e-15;-9.990E+02
21:33:57.893;-00:56:34.352;3.80E+20;0.8;-999/-999;50371.0;1.39447e-14;2.56284e-15;1.10755e-14;3.09807e-15;-9.990E+02;1.2561e-14;3.93563e-15;-9.990E+02;1.13275e-14;4.64593e-15;-9.990E+02
21:33:41.330;-00:38:57.524;3.62E+20;0.399;+0.28/-0.21;50732.9;2.36221e-14;3.7436e-15;1.19678e-14;2.84496e-15;-9.990E+02;9.31937e-15;3.24922e-15;-9.990E+02;2.99715e-14;7.12476e-15;-9.990E+02
21:34:09.784;-00:46:17.519;3.72E+20;0.8;-999/-999;42486.6;1.56921e-14;2.69819e-15;1.08732e-14;2.99045e-15;-9.990E+02;1.48702e-14;4.08975e-15;-9.990E+02;1.49089e-14;5.12611e-15;-9.990E+02
21:33:42.547;-00:39:12.111;3.63E+20;0.8;-999/-999;52993.2;1.02759e-14;2.2656e-15;3.15265e-15;1.73005e-15;-9.990E+02;1.5173e-14;4.58701e-15;-9.990E+02;9.78671e-15;4.31608e-15;-9.990E+02
21:32:49.379;-00:52:57.939;3.71E+20;1.839;+0.20/-0.15;65851.0;2.10655e-14;1.48512e-15;7.71569e-14;7.30732e-15;-9.990E+02;5.36627e-14;6.39625e-15;-9.990E+02;1.46386e-14;3.48906e-15;-9.990E+02
21:33:40.165;-00:38:37.701;3.62E+20;1.000;+0.23/-0.18;48652.5;2.60729e-14;2.975e-15;2.0569e-14;4.0677e-15;-9.990E+02;3.26526e-14;5.63584e-15;-9.990E+02;2.57963e-14;6.12132e-15;-9.990E+02
21:33:38.551;-00:38:23.844;3.62E+20;0.8;-999/-999;48147.4;2.26622e-14;3.1141e-15;1.04166e-14;2.73888e-15;-9.990E+02;3.82327e-14;6.51067e-15;-9.990E+02;7.19693e-15;3.40586e-15;-9.990E+02
21:33:41.830;-00:38:29.186;3.62E+20;0.707;+0.27/-0.20;46465.7;2.28725e-14;3.19788e-15;5.89605e-15;2.05737e-15;-9.990E+02;2.91913e-14;5.45847e-15;-9.990E+02;2.55472e-14;6.5001e-15;-9.990E+02
21:33:10.334;-00:38:50.921;3.61E+20;0.8;-999/-999;40544.5;1.34236e-14;2.54718e-15;1.51933e-14;3.55379e-15;-9.990E+02;5.23089e-15;2.44634e-15;-9.990E+02;1.18151e-14;4.68825e-15;-9.990E+02
21:33:39.336;-00:38:02.366;3.61E+20;0.8;-999/-999;41080.8;1.66982e-14;2.8302e-15;7.67472e-15;2.6016e-15;-9.990E+02;2.11349e-14;5.21297e-15;-9.990E+02;1.59153e-14;5.395e-15;-9.990E+02
21:34:05.900;-00:56:41.438;3.81E+20;0.8;-999/-999;36895.7;1.76328e-14;2.99103e-15;2.33376e-15;1.48445e-15;-9.990E+02;1.26952e-14;3.99353e-15;-9.990E+02;4.29254e-14;9.0017e-15;-9.990E+02
20:55:28.265;-00:21:17.211;6.61E+20;0.975;+0.03/-0.03;4842.5;7.28433e-12;1.3487e-13;6.03133e-12;1.92754e-13;-9.990E+02;8.0468e-12;2.32878e-13;-9.990E+02;7.28068e-12;2.62879e-13;-9.990E+02
20:55:50.025;-00:23:33.225;6.49E+20;0.8;-999/-999;5092.1;2.6142e-14;1.06419e-14;1.35506e-14;1.1031e-14;-9.990E+02;3.14205e-14;1.81384e-14;-9.990E+02;2.29678e-14;1.86973e-14;-9.990E+02
20:55:50.579;-00:20:02.695;6.47E+20;0.8;-999/-999;5103.6;2.82693e-14;1.10981e-14;2.92734e-14;1.57638e-14;-9.990E+02;3.39775e-14;1.8297e-14;-9.990E+02;2.48475e-14;-3.8981e-11;1.09416e-13
20:54:58.403;-00:14:13.476;6.64E+20;0.8;-999/-999;3952.0;5.05308e-14;1.70346e-14;3.51446e-14;1.95427e-14;-9.990E+02;8.07708e-14;3.26797e-14;-9.990E+02;4.42229e-14;-5.95746e-11;1.94769e-13
20:55:15.353;-00:11:01.864;6.55E+20;0.8;-999/-999;4014.1;5.02369e-14;1.69928e-14;4.17686e-14;2.1581e-14;-9.990E+02;7.23743e-14;3.17393e-14;-9.990E+02;4.40592e-14;-5.95658e-11;2.32897e-13
01:08:27.420;-00:37:23.944;3.76E+20;0.8;-999/-999;887.0;2.87244e-13;6.9678e-14;1.32865e-13;6.44595e-14;-9.990E+02;1.81255e-13;8.79354e-14;-9.990E+02;5.45016e-13;1.87302e-13;-9.990E+02
01:02:42.731;+01:08:07.787;2.77E+20;0.8;-999/-999;1227.0;5.65096e-13;8.66628e-14;3.34225e-13;8.73865e-14;-9.990E+02;8.09826e-13;1.66506e-13;-9.990E+02;2.46007e-13;1.13144e-13;-9.990E+02
01:02:36.234;+01:11:15.898;2.76E+20;0.8;-999/-999;1238.6;6.69674e-14;3.16273e-14;3.95882e-14;-5.60183e-11;2.60834e-13;5.75629e-14;4.68874e-14;-9.990E+02;1.74939e-13;1.02205e-13;-9.990E+02
01:03:18.769;+01:12:47.360;2.71E+20;0.8;-999/-999;1238.6;6.8635e-14;3.29448e-14;4.8566e-14;3.73958e-14;-9.990E+02;1.06338e-13;6.58232e-14;-9.990E+02;1.79559e-13;-1.29187e-10;3.57016e-13
01:56:52.292;-00:12:23.024;2.65E+20;0.8;-999/-999;4068.0;1.57538e-13;2.46582e-14;1.71027e-13;3.34754e-14;-9.990E+02;1.40976e-13;3.6767e-14;-9.990E+02;2.38204e-14;1.86491e-14;-9.990E+02
01:56:46.235;-00:16:00.101;2.65E+20;0.8;-999/-999;4590.6;8.49064e-14;1.78087e-14;9.27403e-14;2.39404e-14;-9.990E+02;5.22814e-14;2.19256e-14;-9.990E+02;4.76893e-14;2.63415e-14;-9.990E+02
01:56:46.965;-00:21:14.628;2.63E+20;0.8;-999/-999;4539.9;3.20596e-13;3.42225e-14;3.948e-13;5.1184e-14;-9.990E+02;2.23881e-13;4.56119e-14;-9.990E+02;4.00601e-14;2.44821e-14;-9.990E+02
01:10:52.368;-00:26:53.951;3.09E+20;0.8;-999/-999;584.9;1.56604e-13;6.67584e-14;0;-1.19909e-10;-6.32677e-08;0;-1.70736e-10;-9.00857e-08;0;-2.58474e-10;-1.3638e-07
00:28:24.440;+00:59:57.775;2.90E+20;0.8;-999/-999;11598.8;2.16943e-14;5.94174e-15;1.28932e-14;6.12132e-15;-9.990E+02;1.85877e-14;8.82491e-15;-9.990E+02;2.81947e-14;1.3386e-14;-9.990E+02
00:27:48.934;+01:04:07.687;2.87E+20;0.8;-999/-999;12502.7;1.2903e-14;4.69302e-15;3.8305e-15;3.43221e-15;-9.990E+02;1.65992e-14;8.40972e-15;-9.990E+02;1.67858e-14;1.04702e-14;-9.990E+02
00:27:52.753;+01:06:36.950;2.89E+20;0.8;-999/-999;13525.6;2.12306e-14;5.80146e-15;1.26173e-14;5.97871e-15;-9.990E+02;1.82015e-14;8.62474e-15;-9.990E+02;2.76122e-14;1.3084e-14;-9.990E+02
00:27:54.667;+01:07:22.066;2.89E+20;0.8;-999/-999;13317.6;2.52364e-14;6.21585e-15;1.49936e-14;6.35299e-15;-9.990E+02;1.62229e-14;7.88588e-15;-9.990E+02;4.10303e-14;1.55197e-14;-9.990E+02
00:28:08.809;+01:10:02.602;2.92E+20;0.8;-999/-999;13549.5;1.94131e-14;5.5308e-15;4.33152e-15;3.50223e-15;-9.990E+02;1.24728e-14;7.107e-15;-9.990E+02;4.72947e-14;1.70349e-14;-9.990E+02
00:28:33.506;+00:55:11.907;2.90E+20;0.8;-999/-999;12765.9;1.15035e-14;4.55994e-15;8.20858e-15;5.10357e-15;-9.990E+02;5.9188e-15;5.28642e-15;-9.990E+02;1.79504e-14;1.11604e-14;-9.990E+02
00:28:47.241;+01:03:01.929;2.95E+20;0.8;-999/-999;9912.3;4.5357e-14;8.58142e-15;6.2367e-15;4.3219e-15;-9.990E+02;2.68814e-14;1.06182e-14;-9.990E+02;1.22229e-13;2.79435e-14;-9.990E+02
00:27:45.248;+00:57:07.371;2.83E+20;0.8;-999/-999;10598.8;6.36269e-14;1.00623e-14;3.01718e-14;9.10792e-15;-9.990E+02;6.55275e-14;1.62541e-14;-9.990E+02;8.29259e-14;2.25285e-14;-9.990E+02
00:28:03.459;+00:52:28.158;2.85E+20;0.8;-999/-999;13544.8;3.76438e-14;7.86258e-15;2.93103e-14;9.22514e-15;-9.990E+02;3.63216e-14;1.24552e-14;-9.990E+02;2.75676e-14;1.31641e-14;-9.990E+02
00:27:31.892;+01:02:02.065;2.84E+20;0.8;-999/-999;9753.2;2.07524e-14;6.34294e-15;1.23037e-14;6.44867e-15;-9.990E+02;1.78073e-14;9.33321e-15;-9.990E+02;2.70282e-14;1.41661e-14;-9.990E+02
00:28:55.457;+01:00:28.699;2.95E+20;0.8;-999/-999;7564.6;6.93711e-14;1.09344e-14;6.88734e-14;1.39825e-14;-9.990E+02;3.96005e-14;1.2744e-14;-9.990E+02;6.00368e-14;1.93206e-14;-9.990E+02
22:41:50.717;+01:03:34.767;5.40E+20;0.8;-999/-999;10375.8;1.80656e-14;6.2811e-15;2.04589e-14;9.45283e-15;-9.990E+02;6.31647e-15;5.69434e-15;-9.990E+02;1.86706e-14;1.22054e-14;-9.990E+02
22:41:44.552;+01:03:43.334;5.40E+20;0.8;-999/-999;10984.5;1.64355e-14;5.83245e-15;1.22125e-14;7.06369e-15;-9.990E+02;5.02463e-15;5.02097e-15;-9.990E+02;2.97182e-14;1.48456e-14;-9.990E+02
22:41:41.201;+00:58:53.479;5.36E+20;0.8;-999/-999;11377.6;2.3841e-14;6.87148e-15;1.57283e-14;7.89521e-15;-9.990E+02;2.91974e-14;1.1943e-14;-9.990E+02;1.43903e-14;1.00354e-14;-9.990E+02
22:41:23.005;+01:06:09.274;5.41E+20;0.8;-999/-999;11434.0;3.18776e-14;8.22745e-15;1.40514e-14;7.74798e-15;-9.990E+02;5.20452e-14;1.63565e-14;-9.990E+02;1.2817e-14;1.00415e-14;-9.990E+02
22:42:24.227;+00:55:17.506;5.37E+20;0.8;-999/-999;10633.2;2.27716e-14;7.32158e-15;2.00493e-14;9.60758e-15;-9.990E+02;6.19716e-15;6.04351e-15;-9.990E+02;3.6669e-14;1.75717e-14;-9.990E+02
22:42:26.787;+01:11:46.356;5.50E+20;-1.296;+0.11/-0.11;2488.7;1.22471e-12;6.51196e-14;4.61602e-14;1.01752e-14;-9.990E+02;2.3435e-13;-1.12028e-10;8.19885e-13;3.41398e-12;1.8812e-13;-9.990E+02
00:21:28.848;-00:50:41.472;2.81E+20;1.140;+0.13/-0.11;17666.2;1.61258e-13;1.0041e-14;1.64469e-13;1.67073e-14;-9.990E+02;2.29525e-13;2.26633e-14;-9.990E+02;1.49935e-13;2.15651e-14;-9.990E+02
00:21:34.280;-00:48:35.046;2.80E+20;0.8;-999/-999;17563.5;1.36227e-14;4.2687e-15;3.72175e-15;2.99794e-15;-9.990E+02;1.35017e-14;6.90873e-15;-9.990E+02;2.46021e-14;1.12665e-14;-9.990E+02
00:21:29.444;-00:54:48.763;2.82E+20;0.8;-999/-999;17599.9;1.08393e-14;3.9962e-15;2.40893e-15;2.5838e-15;-9.990E+02;1.04704e-14;6.23967e-15;-9.990E+02;2.11918e-14;1.13637e-14;-9.990E+02
00:21:23.168;-00:49:35.349;2.82E+20;1.178;+0.22/-0.17;17598.9;6.54734e-14;6.76179e-15;6.89009e-14;1.15359e-14;-9.990E+02;9.96531e-14;1.57798e-14;-9.990E+02;6.00625e-14;1.44729e-14;-9.990E+02
00:21:21.526;-00:50:02.231;2.82E+20;0.8;-999/-999;17499.0;2.54379e-14;5.512e-15;2.26101e-14;6.91626e-15;-9.990E+02;8.19178e-15;5.01161e-15;-9.990E+02;3.73025e-14;1.33142e-14;-9.990E+02
00:21:45.408;-00:54:51.447;2.79E+20;0.8;-999/-999;16506.3;2.33454e-14;5.36835e-15;1.46213e-14;5.75421e-15;-9.990E+02;1.06156e-14;5.74421e-15;-9.990E+02;4.29855e-14;1.46715e-14;-9.990E+02
00:21:23.512;-00:49:09.961;2.82E+20;0.8;-999/-999;17795.1;4.34897e-14;7.0278e-15;2.14688e-14;6.62726e-15;-9.990E+02;3.11132e-14;9.60441e-15;-9.990E+02;7.55964e-14;1.85085e-14;-9.990E+02
00:21:24.375;-00:48:41.611;2.81E+20;0.8;-999/-999;17699.9;1.1666e-14;4.1325e-15;4.14556e-15;3.26212e-15;-9.990E+02;1.80355e-14;8.27958e-15;-9.990E+02;9.12744e-15;7.18234e-15;-9.990E+02
00:21:19.730;-00:50:15.061;2.82E+20;0.8;-999/-999;18032.0;1.02785e-14;3.8584e-15;2.60829e-15;2.74299e-15;-9.990E+02;1.51307e-14;7.62035e-15;-9.990E+02;1.14823e-14;8.04458e-15;-9.990E+02
00:21:20.945;-00:49:40.779;2.82E+20;0.8;-999/-999;17268.1;2.12901e-14;5.2364e-15;1.41852e-14;5.58395e-15;-9.990E+02;3.42685e-14;1.0403e-14;-9.990E+02;2.37781e-14;-2.04536e-11;6.87534e-14
00:21:49.761;-00:55:02.148;2.78E+20;0.8;-999/-999;17206.5;3.74024e-14;6.60528e-15;4.42644e-14;9.64148e-15;-9.990E+02;1.83695e-14;7.54575e-15;-9.990E+02;2.09212e-14;9.82214e-15;-9.990E+02
00:21:54.238;-00:54:20.375;2.78E+20;0.8;-999/-999;17343.1;3.11549e-14;6.05484e-15;2.63194e-14;7.44902e-15;-9.990E+02;2.29423e-14;8.32622e-15;-9.990E+02;2.90354e-14;1.13792e-14;-9.990E+02
00:21:13.668;-00:50:23.035;2.83E+20;0.8;-999/-999;18549.6;2.06622e-14;4.96224e-15;7.87261e-15;4.10788e-15;-9.990E+02;1.90015e-14;7.48987e-15;-9.990E+02;3.46144e-14;1.2711e-14;-9.990E+02
00:21:49.333;-00:46:14.460;2.77E+20;0.8;-999/-999;17793.7;1.18357e-14;4.1268e-15;1.14466e-14;5.42079e-15;-9.990E+02;1.10956e-14;6.50202e-15;-9.990E+02;4.21326e-15;4.78922e-15;-9.990E+02
00:21:25.676;-00:44:05.571;2.80E+20;0.8;-999/-999;17789.8;1.08618e-14;3.8556e-15;1.28623e-14;5.58996e-15;-9.990E+02;6.22035e-15;4.6626e-15;-9.990E+02;4.72321e-15;4.92634e-15;-9.990E+02
00:21:02.221;-00:49:59.002;2.84E+20;0.8;-999/-999;13957.0;2.24623e-14;5.5156e-15;6.65472e-15;3.96143e-15;-9.990E+02;2.89014e-14;1.01036e-14;-9.990E+02;2.92482e-14;1.24364e-14;-9.990E+02
00:22:12.898;-00:48:32.776;2.74E+20;0.8;-999/-999;18556.2;7.42893e-14;9.89424e-15;7.3093e-14;1.30462e-14;-9.990E+02;5.3224e-14;1.33326e-14;-9.990E+02;4.85252e-14;1.5947e-14;-9.990E+02
00:22:13.766;-00:48:53.093;2.74E+20;0.8;-999/-999;18650.3;3.22525e-14;6.45874e-15;4.7609e-14;1.03226e-14;-9.990E+02;2.31086e-14;-1.6648e-11;9.14133e-14;2.10759e-14;1.05002e-14;-9.990E+02
00:21:41.719;-01:02:09.821;2.81E+20;0.8;-999/-999;17521.1;2.42165e-14;5.7855e-15;1.34474e-14;5.70932e-15;-9.990E+02;1.95012e-14;8.27958e-15;-9.990E+02;3.55291e-14;1.38313e-14;-9.990E+02
00:21:52.028;-01:01:21.252;2.79E+20;0.8;-999/-999;17263.5;2.24645e-14;5.506e-15;1.32945e-14;5.64914e-15;-9.990E+02;1.93047e-14;8.20298e-15;-9.990E+02;2.93161e-14;1.24571e-14;-9.990E+02
00:22:12.046;-00:44:35.559;2.75E+20;0.8;-999/-999;17113.6;3.48599e-14;7.14792e-15;2.3163e-14;7.83385e-15;-9.990E+02;1.12418e-14;6.55002e-15;-9.990E+02;6.83148e-14;1.99072e-14;-9.990E+02
00:22:28.231;-00:58:31.224;2.73E+20;1.017;+0.15/-0.13;9429.2;2.31938e-13;1.80848e-14;1.13681e-13;1.93623e-14;-9.990E+02;4.01488e-13;4.328e-14;-9.990E+02;2.27443e-13;3.87383e-14;-9.990E+02
01:13:13.123;-00:38:50.900;3.32E+20;0.8;-999/-999;1910.2;7.92044e-14;2.66304e-14;4.79497e-14;2.78943e-14;-9.990E+02;0;-6.77681e-11;2.22335e-13;2.03135e-13;8.27749e-14;-9.990E+02
03:20:50.931;-01:06:55.692;5.20E+20;0.8;-999/-999;10477.8;2.0011e-14;6.54148e-15;4.36914e-15;4.35452e-15;-9.990E+02;2.1836e-14;1.06241e-14;-9.990E+02;3.23482e-14;1.57387e-14;-9.990E+02
03:21:06.535;-01:05:30.676;5.22E+20;0.8;-999/-999;11629.9;1.62148e-14;5.80164e-15;1.27663e-14;7.13237e-15;-9.990E+02;7.96458e-15;6.40891e-15;-9.990E+02;2.35927e-14;1.3181e-14;-9.990E+02
03:21:07.645;-01:05:05.419;5.22E+20;0.8;-999/-999;11679.7;1.43107e-14;5.50412e-15;4.02129e-15;4.14713e-15;-9.990E+02;1.00351e-14;7.18674e-15;-9.990E+02;2.97316e-14;1.53283e-14;-9.990E+02
03:20:40.781;-01:01:27.245;5.17E+20;0.8;-999/-999;11052.1;9.00004e-14;1.26259e-14;6.07465e-14;1.48731e-14;-9.990E+02;1.10549e-13;2.21573e-14;-9.990E+02;5.11896e-14;1.87181e-14;-9.990E+02
03:21:11.654;-01:08:52.112;5.23E+20;0.8;-999/-999;11400.7;3.66668e-14;8.33336e-15;3.15725e-14;1.08219e-14;-9.990E+02;2.81073e-14;1.13876e-14;-9.990E+02;3.33128e-14;1.53015e-14;-9.990E+02
03:21:06.383;-01:00:38.061;5.22E+20;0.8;-999/-999;11852.0;2.55867e-14;7.28924e-15;4.19689e-15;4.05055e-15;-9.990E+02;5.23668e-15;5.05409e-15;-9.990E+02;7.75608e-14;2.40092e-14;-9.990E+02
03:21:00.910;-00:58:46.063;5.21E+20;0.8;-999/-999;11353.7;3.47707e-14;8.47704e-15;2.48766e-14;9.96411e-15;-9.990E+02;2.3285e-14;1.07643e-14;-9.990E+02;4.60056e-14;1.84271e-14;-9.990E+02
03:20:20.158;-01:09:23.537;5.09E+20;0.8;-999/-999;11815.7;1.4819e-14;5.77941e-15;4.8338e-15;4.56123e-15;-9.990E+02;1.21528e-14;8.25864e-15;-9.990E+02;2.7038e-14;1.49682e-14;-9.990E+02
03:20:20.259;-00:58:20.192;5.13E+20;0.8;-999/-999;9973.9;3.24337e-14;8.75383e-15;1.27167e-14;7.5986e-15;-9.990E+02;1.59523e-14;9.53196e-15;-9.990E+02;7.09516e-14;2.46114e-14;-9.990E+02
03:20:41.431;-00:54:21.541;5.17E+20;0.8;-999/-999;9697.7;2.57717e-14;8.31824e-15;1.4459e-14;8.80723e-15;-9.990E+02;1.80952e-14;1.10221e-14;-9.990E+02;4.02053e-14;1.97349e-14;-9.990E+02
22:37:36.154;-01:04:20.622;4.29E+20;0.8;-999/-999;6405.2;3.29589e-14;1.0268e-14;1.24698e-14;8.7428e-15;-9.990E+02;3.29252e-14;1.6412e-14;-9.990E+02;4.92337e-14;2.45412e-14;-9.990E+02
22:37:40.555;-00:58:04.451;4.36E+20;0.8;-999/-999;6477.7;2.39714e-14;8.98566e-15;9.10207e-15;-1.70378e-11;7.51216e-14;2.99016e-14;1.58654e-14;-9.990E+02;4.46796e-14;2.37063e-14;-9.990E+02
22:37:04.954;-01:05:47.758;4.30E+20;0.8;-999/-999;5824.4;3.78865e-14;1.12835e-14;2.04887e-14;1.11727e-14;-9.990E+02;4.05289e-14;1.79888e-14;-9.990E+02;4.04088e-14;2.20353e-14;-9.990E+02
03:17:29.740;+01:18:43.644;6.98E+20;0.8;-999/-999;15182.6;7.09042e-14;1.00019e-14;4.85247e-14;1.21642e-14;-9.990E+02;5.9737e-14;1.4319e-14;-9.990E+02;7.96199e-14;1.99592e-14;-9.990E+02
03:17:02.045;+01:15:17.259;6.94E+20;0.8;-999/-999;14668.8;7.95224e-13;3.1222e-14;9.56014e-15;5.02402e-15;-9.990E+02;8.28534e-14;1.56165e-14;-9.990E+02;2.6265e-12;1.03314e-13;-9.990E+02
03:17:37.359;+01:19:02.944;6.99E+20;0.8;-999/-999;15328.7;1.72421e-14;5.4712e-15;1.82486e-14;8.29902e-15;-9.990E+02;1.54318e-14;8.12614e-15;-9.990E+02;7.48484e-15;6.80687e-15;-9.990E+02
03:16:58.873;+01:18:06.791;6.96E+20;0.8;-999/-999;15124.7;1.60417e-14;5.3108e-15;1.45211e-14;7.2622e-15;-9.990E+02;1.09342e-14;6.7104e-15;-9.990E+02;1.59071e-14;9.7623e-15;-9.990E+02
03:17:11.397;+01:08:09.709;5.97E+20;0.8;-999/-999;15115.6;1.90177e-14;5.62474e-15;1.28649e-14;6.57126e-15;-9.990E+02;1.15245e-14;6.81595e-15;-9.990E+02;2.82289e-14;1.30558e-14;-9.990E+02
03:17:13.361;+01:07:22.826;6.01E+20;0.8;-999/-999;14991.1;1.48142e-14;5.17446e-15;3.34429e-15;3.56704e-15;-9.990E+02;3.98467e-15;4.25007e-15;-9.990E+02;4.09892e-14;1.623e-14;-9.990E+02
03:16:53.280;+01:17:56.254;6.95E+20;1.029;+0.23/-0.18;14614.4;9.36192e-14;1.0683e-14;8.36286e-14;1.66384e-14;-9.990E+02;1.09488e-13;1.94511e-14;-9.990E+02;9.13864e-14;2.08505e-14;-9.990E+02
03:16:45.662;+01:15:33.262;6.93E+20;0.8;-999/-999;14316.9;8.78362e-14;1.15492e-14;1.02983e-13;1.81719e-14;-9.990E+02;7.76644e-14;1.67962e-14;-9.990E+02;2.26043e-14;1.09442e-14;-9.990E+02
03:16:49.343;+01:19:06.306;6.96E+20;0.8;-999/-999;14174.3;1.44704e-14;5.3108e-15;2.03936e-14;9.28241e-15;-9.990E+02;1.15158e-14;7.31434e-15;-9.990E+02;3.72161e-15;-1.84236e-11;5.54282e-14
03:17:15.516;+01:04:00.531;6.02E+20;0.808;+0.27/-0.20;14823.4;8.89854e-14;1.21048e-14;7.29567e-14;1.56739e-14;-9.990E+02;6.49946e-14;1.61344e-14;-9.990E+02;9.53266e-14;2.36641e-14;-9.990E+02
03:17:49.639;+01:06:07.348;6.33E+20;1.491;+0.24/-0.18;7964.3;9.22403e-14;8.93959e-15;1.8775e-13;2.8541e-14;-9.990E+02;1.57641e-13;2.47101e-14;-9.990E+02;7.44228e-14;1.89444e-14;-9.990E+02
03:16:52.777;+01:23:07.262;6.98E+20;0.8;-999/-999;14117.9;2.62082e-14;7.18888e-15;1.66333e-14;8.33317e-15;-9.990E+02;1.87638e-14;9.40056e-15;-9.990E+02;3.6393e-14;1.57233e-14;-9.990E+02
03:16:31.632;+01:14:50.816;6.91E+20;0.8;-999/-999;11423.1;3.61117e-14;8.89143e-15;2.53882e-14;1.07711e-14;-9.990E+02;1.91655e-14;9.94043e-15;-9.990E+02;5.58037e-14;2.03909e-14;-9.990E+02
23:20:04.298;-00:01:33.715;3.83E+20;0.8;-999/-999;9619.0;1.91832e-14;6.69844e-15;2.03517e-14;9.43136e-15;-9.990E+02;6.9078e-15;6.40489e-15;-9.990E+02;2.07615e-14;1.35568e-14;-9.990E+02
23:20:03.298;+00:03:17.806;3.86E+20;0.8;-999/-999;9658.3;1.9416e-14;6.70502e-15;2.88396e-14;1.11594e-14;-9.990E+02;9.77764e-15;7.74018e-15;-9.990E+02;2.09893e-14;-2.53394e-11;9.68779e-14
23:19:49.648;+00:03:57.824;3.84E+20;0.8;-999/-999;9619.8;3.38033e-14;8.5542e-15;1.04575e-14;6.56406e-15;-9.990E+02;7.09538e-15;6.32298e-15;-9.990E+02;9.59569e-14;2.80639e-14;-9.990E+02
23:19:36.672;+00:00:04.748;3.80E+20;0.8;-999/-999;9566.6;5.2225e-14;1.03937e-14;2.82362e-14;1.01466e-14;-9.990E+02;5.4869e-14;1.66007e-14;-9.990E+02;5.77436e-14;2.07499e-14;-9.990E+02
23:19:44.694;+00:06:38.668;3.85E+20;0.8;-999/-999;9590.6;1.61007e-14;6.41745e-15;8.54238e-15;6.32798e-15;-9.990E+02;5.79192e-15;6.18715e-15;-9.990E+02;3.48214e-14;1.82904e-14;-9.990E+02
23:19:39.637;-00:07:36.216;3.74E+20;0.8;-999/-999;9287.0;1.78916e-14;7.1055e-15;1.10286e-14;7.60545e-15;-9.990E+02;3.01238e-14;1.47946e-14;-9.990E+02;3.88411e-14;-2.69535e-11;1.49742e-13
02:04:31.458;+00:23:58.420;2.20E+20;0.8;-999/-999;6913.5;7.14628e-14;1.3481e-14;6.80244e-14;1.71064e-14;-9.990E+02;5.60189e-14;1.87892e-14;-9.990E+02;4.28056e-14;2.00947e-14;-9.990E+02
02:04:24.092;+00:25:10.453;2.19E+20;0.8;-999/-999;6740.5;5.42409e-14;1.15894e-14;5.8648e-14;1.58508e-14;-9.990E+02;1.77262e-14;1.09204e-14;-9.990E+02;5.4152e-14;2.31465e-14;-9.990E+02
02:04:42.517;+00:25:39.320;2.21E+20;0.8;-999/-999;6747.4;2.44636e-14;8.22646e-15;2.11874e-14;1.01069e-14;-9.990E+02;7.99152e-15;-2.14728e-11;1.05708e-13;4.88507e-14;2.3303e-14;-9.990E+02
02:04:37.653;+00:20:34.703;2.21E+20;0.8;-999/-999;6793.6;2.59471e-14;8.49618e-15;3.37131e-14;1.26564e-14;-9.990E+02;8.47426e-15;7.74487e-15;-9.990E+02;1.29461e-14;1.18318e-14;-9.990E+02
02:04:29.776;+00:18:17.605;2.21E+20;0.8;-999/-999;7184.6;2.60954e-14;8.49618e-15;7.53174e-15;5.9138e-15;-9.990E+02;3.40979e-14;1.55602e-14;-9.990E+02;3.47311e-14;1.9578e-14;-9.990E+02
02:04:02.088;+00:25:45.112;2.18E+20;0.8;-999/-999;7305.4;2.46672e-14;8.21792e-15;1.59963e-14;8.65261e-15;-9.990E+02;2.41912e-14;1.30853e-14;-9.990E+02;2.46371e-14;1.64175e-14;-9.990E+02
00:50:30.704;+00:11:26.289;2.42E+20;0.8;-999/-999;4313.5;5.28573e-14;1.49468e-14;5.27458e-14;2.05168e-14;-9.990E+02;1.96295e-14;1.47089e-14;-9.990E+02;5.98251e-14;3.17326e-14;-9.990E+02
00:50:22.520;+00:09:26.822;2.43E+20;0.754;+0.21/-0.16;4589.7;2.84599e-13;3.24852e-14;2.06157e-13;3.48186e-14;-9.990E+02;2.01932e-13;4.27341e-14;-9.990E+02;3.10363e-13;6.56809e-14;-9.990E+02
00:51:15.484;+00:07:19.819;2.62E+20;0.8;-999/-999;4660.9;2.71491e-14;1.13577e-14;2.86945e-14;1.6011e-14;-9.990E+02;1.98533e-14;-2.93603e-11;9.27336e-14;4.27365e-14;2.83168e-14;-9.990E+02
03:01:02.634;-00:35:02.635;7.28E+20;0.8;-999/-999;14054.3;2.09659e-14;6.14328e-15;1.22384e-14;6.83923e-15;-9.990E+02;1.35801e-14;7.58898e-15;-9.990E+02;3.28237e-14;1.43905e-14;-9.990E+02
03:00:54.272;-00:34:03.230;7.29E+20;0.8;-999/-999;12418.2;2.42958e-14;6.45996e-15;5.78086e-15;4.61321e-15;-9.990E+02;2.56474e-14;1.02283e-14;-9.990E+02;3.7181e-14;1.48301e-14;-9.990E+02
03:00:56.130;-00:30:45.884;7.29E+20;0.8;-999/-999;13854.5;2.9637e-14;6.93264e-15;1.26922e-14;6.63466e-15;-9.990E+02;2.81548e-14;1.05127e-14;-9.990E+02;4.08221e-14;1.52425e-14;-9.990E+02
03:00:45.164;-00:34:56.235;7.29E+20;0.8;-999/-999;14582.1;2.29092e-14;6.3024e-15;3.77629e-15;3.63455e-15;-9.990E+02;2.09355e-14;9.21404e-15;-9.990E+02;4.25096e-14;1.58611e-14;-9.990E+02
03:01:03.009;-00:29:14.025;7.29E+20;0.8;-999/-999;13613.4;2.40279e-14;6.45996e-15;2.339e-14;9.42554e-15;-9.990E+02;1.03817e-14;6.67288e-15;-9.990E+02;3.00997e-14;1.3544e-14;-9.990E+02
03:01:25.186;-00:36:08.636;7.26E+20;0.8;-999/-999;14405.7;1.86724e-14;5.82528e-15;7.98529e-15;5.53683e-15;-9.990E+02;1.77483e-14;8.78808e-15;-9.990E+02;2.57414e-14;1.27459e-14;-9.990E+02
03:01:04.425;-00:41:12.260;7.27E+20;0.8;-999/-999;14410.4;1.73858e-14;5.66928e-15;1.65308e-14;8.15588e-15;-9.990E+02;1.37653e-14;7.73015e-15;-9.990E+02;1.3305e-14;9.28423e-15;-9.990E+02
03:00:58.841;-00:26:18.133;7.30E+20;0.8;-999/-999;13727.8;1.40658e-14;5.3584e-15;1.20522e-14;7.32787e-15;-9.990E+02;2.004e-14;1.002e-14;-9.990E+02;1.07606e-14;-1.84335e-11;6.38687e-14
03:00:45.864;-00:41:38.896;7.29E+20;0.8;-999/-999;14300.7;1.68747e-14;5.67216e-15;1.35494e-14;7.41422e-15;-9.990E+02;1.50261e-14;8.22227e-15;-9.990E+02;1.45262e-14;9.59912e-15;-9.990E+02
03:01:26.663;-00:29:00.785;7.23E+20;0.8;-999/-999;14567.1;2.05132e-14;6.13509e-15;2.5051e-14;9.95251e-15;-9.990E+02;6.96743e-15;5.40042e-15;-9.990E+02;2.02165e-14;1.13616e-14;-9.990E+02
03:00:41.244;-00:27:43.938;7.29E+20;0.8;-999/-999;14589.7;2.71949e-14;6.93264e-15;1.58881e-14;7.75844e-15;-9.990E+02;4.11301e-14;1.32709e-14;-9.990E+02;8.51386e-15;7.12473e-15;-9.990E+02
03:00:29.515;-00:30:49.892;7.30E+20;0.8;-999/-999;14698.7;1.11786e-14;4.728e-15;4.79182e-15;4.40348e-15;-9.990E+02;5.31132e-15;4.88087e-15;-9.990E+02;2.31002e-14;1.23885e-14;-9.990E+02
03:01:34.235;-00:38:14.749;7.24E+20;0.8;-999/-999;11320.6;2.37456e-14;6.92384e-15;6.3402e-15;5.19997e-15;-9.990E+02;2.82168e-14;1.1565e-14;-9.990E+02;3.06943e-14;1.45197e-14;-9.990E+02
03:00:46.111;-00:25:11.735;7.29E+20;0.8;-999/-999;14721.2;1.33012e-14;5.19948e-15;1.70996e-14;8.53124e-15;-9.990E+02;1.57971e-14;-1.2339e-11;4.18037e-14;1.833e-14;1.14278e-14;-9.990E+02
03:01:03.038;-00:44:32.218;7.25E+20;0.8;-999/-999;6689.4;7.31123e-14;1.22772e-14;4.46628e-14;1.42201e-14;-9.990E+02;9.92782e-14;2.23694e-14;-9.990E+02;3.60015e-14;1.62237e-14;-9.990E+02
03:00:52.764;-00:22:22.011;7.30E+20;0.8;-999/-999;10388.6;2.92663e-14;8.3528e-15;1.04481e-14;7.24345e-15;-9.990E+02;4.63009e-14;1.6297e-14;-9.990E+02;1.67893e-14;1.16396e-14;-9.990E+02
03:00:18.753;-00:27:54.775;7.29E+20;0.8;-999/-999;9255.0;5.84075e-14;1.13443e-14;5.3624e-14;1.58678e-14;-9.990E+02;1.98203e-14;1.01721e-14;-9.990E+02;8.62239e-14;2.55145e-14;-9.990E+02
22:41:56.373;+00:49:35.499;5.32E+20;0.8;-999/-999;10093.6;2.04106e-14;5.8188e-15;0;-1.14835e-11;6.66725e-14;2.50041e-14;1.02554e-14;-9.990E+02;3.69956e-14;1.51736e-14;-9.990E+02
22:42:24.179;+00:55:15.348;5.37E+20;0.8;-999/-999;13088.8;2.41463e-14;6.27564e-15;2.38947e-14;8.66398e-15;-9.990E+02;9.8518e-15;6.26667e-15;-9.990E+02;2.91329e-14;1.31571e-14;-9.990E+02
22:42:04.179;+00:58:52.610;5.37E+20;-0.198;+0.28/-0.21;11924.6;3.85144e-14;1.14351e-14;1.76126e-14;-1.04487e-11;1.16193e-13;1.02637e-14;-1.82668e-11;2.03133e-13;1.04021e-13;3.08842e-14;-9.990E+02
22:41:41.291;+00:58:50.920;5.36E+20;0.8;-999/-999;11395.6;4.74431e-14;1.0606e-14;2.34698e-14;1.06501e-14;-9.990E+02;5.80875e-14;1.822e-14;-9.990E+02;4.29546e-14;1.94919e-14;-9.990E+02
22:41:50.747;+01:03:34.411;5.40E+20;0.8;-999/-999;10368.3;4.50295e-14;1.24127e-14;2.97606e-14;1.43052e-14;-9.990E+02;3.67424e-14;1.76612e-14;-9.990E+02;5.43184e-14;2.61096e-14;-9.990E+02
22:41:45.165;+01:03:45.924;5.40E+20;0.8;-999/-999;10831.6;4.99647e-14;1.34595e-14;3.30212e-14;-2.66511e-11;1.30958e-13;2.44608e-14;1.432e-14;-9.990E+02;1.44615e-13;4.44556e-14;-9.990E+02
20:43:42.134;+00:01:15.242;5.51E+20;0.8;-999/-999;3148.8;1.09507e-13;2.55051e-14;1.45362e-13;4.06273e-14;-9.990E+02;8.91549e-14;3.48851e-14;-9.990E+02;0;-9.18805e-11;2.17418e-13
20:43:51.210;+00:07:39.126;5.59E+20;0.8;-999/-999;3279.8;8.69046e-14;2.40608e-14;1.1576e-13;-4.80103e-11;2.29626e-13;8.47629e-14;3.52109e-14;-9.990E+02;1.87681e-13;6.49416e-14;-9.990E+02
22:47:30.073;+00:00:06.904;6.03E+20;0.980;+0.16/-0.14;14210.0;1.5677e-13;1.29213e-14;1.13769e-13;1.78641e-14;-9.990E+02;1.93934e-13;2.4595e-14;-9.990E+02;1.56236e-13;2.61578e-14;-9.990E+02
22:47:21.617;+00:05:04.168;6.07E+20;0.8;-999/-999;15055.0;1.1497e-14;4.42076e-15;1.3389e-14;7.00826e-15;-9.990E+02;1.24899e-14;-1.06862e-11;2.62672e-14;1.75042e-14;1.04689e-14;-9.990E+02
22:47:02.984;+00:00:25.540;5.92E+20;0.8;-999/-999;14848.7;3.33049e-14;6.9828e-15;1.41976e-14;6.47469e-15;-9.990E+02;3.82581e-14;1.16321e-14;-9.990E+02;3.75232e-14;1.4105e-14;-9.990E+02
22:47:39.226;-00:04:12.581;6.01E+20;0.8;-999/-999;14518.7;1.85215e-14;5.63103e-15;2.35276e-14;9.15735e-15;-9.990E+02;1.12131e-14;6.94461e-15;-9.990E+02;8.23682e-15;7.28371e-15;-9.990E+02
22:47:10.162;-00:05:05.852;5.88E+20;0.8;-999/-999;14515.4;3.3859e-14;7.27824e-15;4.56513e-15;3.86303e-15;-9.990E+02;4.93174e-14;1.36911e-14;-9.990E+02;4.03095e-14;1.49435e-14;-9.990E+02
22:46:58.263;-00:04:09.302;5.84E+20;0.633;+0.20/-0.16;14923.5;1.35741e-13;1.46673e-14;6.1551e-14;1.33595e-14;-9.990E+02;1.15332e-13;2.05101e-14;-9.990E+02;1.56079e-13;2.91483e-14;-9.990E+02
22:48:01.608;-00:00:07.896;6.18E+20;0.765;+0.26/-0.19;9402.9;9.66627e-14;1.25536e-14;3.58373e-14;1.08846e-14;-9.990E+02;1.14077e-13;2.09709e-14;-9.990E+02;1.0524e-13;2.45578e-14;-9.990E+02
22:47:21.050;-00:08:13.817;5.88E+20;0.8;-999/-999;14431.9;2.22744e-14;6.36846e-15;1.80152e-14;8.14303e-15;-9.990E+02;2.1626e-14;9.77514e-15;-9.990E+02;1.59072e-14;1.03684e-14;-9.990E+02
22:47:52.765;-00:06:49.069;6.02E+20;0.8;-999/-999;13499.0;3.15421e-14;7.45927e-15;1.42531e-14;7.06462e-15;-9.990E+02;3.3949e-14;1.18779e-14;-9.990E+02;3.73994e-14;1.52663e-14;-9.990E+02
22:47:27.210;-00:09:27.475;5.88E+20;0.8;-999/-999;13486.5;3.40258e-14;7.88476e-15;1.52927e-14;-1.59274e-11;3.24066e-14;2.36024e-14;1.01064e-14;-9.990E+02;8.68454e-14;2.37255e-14;-9.990E+02
22:46:58.979;-00:08:21.470;5.79E+20;0.8;-999/-999;12443.3;1.99788e-14;6.35208e-15;8.94511e-15;-1.2784e-11;5.31649e-14;3.88606e-14;1.38972e-14;-9.990E+02;1.43025e-14;1.02315e-14;-9.990E+02
22:46:36.618;+00:01:57.546;5.82E+20;0.8;-999/-999;11145.9;2.6293e-14;7.26576e-15;8.83872e-15;5.94133e-15;-9.990E+02;1.06472e-14;7.157e-15;-9.990E+02;6.26918e-14;2.10705e-14;-9.990E+02
22:31:20.816;+00:11:18.006;4.94E+20;0.8;-999/-999;6325.4;8.75591e-14;1.62283e-14;7.16626e-14;2.03914e-14;-9.990E+02;5.68521e-14;2.03277e-14;-9.990E+02;1.01314e-13;3.33947e-14;-9.990E+02
22:31:58.166;+00:16:09.849;5.05E+20;0.8;-999/-999;7238.9;2.13726e-14;8.28856e-15;1.75826e-14;-1.61745e-11;5.52257e-14;1.05326e-14;9.17321e-15;-9.990E+02;6.25072e-14;2.72198e-14;-9.990E+02
22:31:44.400;+00:18:46.779;5.08E+20;0.8;-999/-999;7167.0;2.02669e-14;8.14825e-15;2.37835e-14;1.24336e-14;-9.990E+02;9.97491e-15;9.03429e-15;-9.990E+02;1.47949e-14;1.33998e-14;-9.990E+02
22:31:44.302;+00:05:13.508;4.91E+20;0.8;-999/-999;6848.7;2.78125e-14;9.58035e-15;2.025e-14;1.13187e-14;-9.990E+02;3.43319e-14;1.65547e-14;-9.990E+02;1.27528e-14;1.22987e-14;-9.990E+02
22:31:25.992;+00:04:37.677;4.89E+20;0.8;-999/-999;7001.2;5.28548e-14;1.29633e-14;2.27937e-14;1.18027e-14;-9.990E+02;7.25337e-14;2.36371e-14;-9.990E+02;4.31066e-14;2.2321e-14;-9.990E+02
22:32:21.641;+00:15:21.689;5.09E+20;0.8;-999/-999;5933.9;4.04411e-14;1.21516e-14;1.1303e-14;9.17175e-15;-9.990E+02;4.26241e-14;1.98609e-14;-9.990E+02;6.32148e-14;2.94552e-14;-9.990E+02
22:29:32.311;-00:12:21.215;4.69E+20;0.8;-999/-999;6439.4;1.91225e-14;8.34594e-15;3.67966e-14;1.60597e-14;-9.990E+02;0;-2.06635e-11;6.26728e-14;0;-3.07715e-11;9.33305e-14
22:28:54.572;-00:13:25.536;4.74E+20;0.8;-999/-999;6136.1;2.85068e-14;9.97152e-15;1.83292e-14;1.05756e-14;-9.990E+02;2.35368e-14;1.35803e-14;-9.990E+02;3.50326e-14;2.02132e-14;-9.990E+02
22:29:29.550;-00:08:44.680;4.70E+20;0.8;-999/-999;6342.5;2.70951e-14;9.95928e-15;8.69283e-15;7.50859e-15;-9.990E+02;3.35611e-14;1.68658e-14;-9.990E+02;3.33277e-14;2.05197e-14;-9.990E+02
22:28:50.324;-00:00:57.278;4.75E+20;0.8;-999/-999;4663.4;1.16669e-12;7.334e-14;2.17131e-12;1.37443e-13;-9.990E+02;1.03174e-13;3.42424e-14;-9.990E+02;1.43279e-12;-2.69965e-10;1.01446e-12
22:29:22.033;-00:00:05.291;4.74E+20;0.8;-999/-999;4463.6;6.12515e-14;1.90632e-14;1.18113e-13;3.67601e-14;-9.990E+02;5.4176e-15;-4.7168e-11;2.00546e-13;7.5232e-14;-7.02058e-11;2.98496e-13
03:39:30.075;+00:00:19.709;6.04E+20;0.8;-999/-999;1614.9;8.11051e-14;3.35082e-14;0;-6.81402e-11;2.17813e-13;7.85416e-14;5.14392e-14;-9.990E+02;1.73032e-13;9.29876e-14;-9.990E+02
00:13:27.753;-00:49:35.733;3.13E+20;0.8;-999/-999;7279.2;6.26949e-14;1.21156e-14;4.51745e-14;1.34896e-14;-9.990E+02;4.27844e-14;1.57779e-14;-9.990E+02;8.09174e-14;2.6437e-14;-9.990E+02
00:13:49.509;-00:47:52.826;3.10E+20;0.8;-999/-999;7316.9;2.26626e-14;7.92984e-15;1.01906e-14;7.41771e-15;-9.990E+02;2.89909e-14;1.50207e-14;-9.990E+02;2.19505e-14;1.59777e-14;-9.990E+02
00:13:53.399;-00:51:36.095;3.12E+20;0.8;-999/-999;7224.7;2.14538e-14;7.93554e-15;1.93068e-14;1.01284e-14;-9.990E+02;1.37208e-14;1.02799e-14;-9.990E+02;2.07654e-14;1.55578e-14;-9.990E+02
00:39:50.052;-00:23:27.046;2.14E+20;0.8;-999/-999;4226.0;3.29305e-14;1.3183e-14;4.73627e-14;1.92515e-14;-9.990E+02;0;-3.44667e-11;9.48098e-14;2.19602e-14;2.06953e-14;-9.990E+02
00:39:12.177;-00:19:39.940;2.16E+20;0.8;-999/-999;4270.0;4.94055e-14;1.61544e-14;2.13309e-14;1.39524e-14;-9.990E+02;8.07832e-14;3.38064e-14;-9.990E+02;2.469e-14;2.29299e-14;-9.990E+02
01:12:03.263;-00:43:49.476;3.61E+20;0.8;-999/-999;982.7;5.67314e-13;9.48117e-14;1.73839e-13;7.10237e-14;-9.990E+02;7.17993e-13;1.68929e-13;-9.990E+02;7.20772e-13;2.07492e-13;-9.990E+02
21:30:22.112;-00:30:54.345;3.56E+20;0.8;-999/-999;1187.0;1.31028e-13;5.08572e-14;2.40389e-13;9.33048e-14;-9.990E+02;0;-1.28758e-10;3.13338e-13;0;-1.93986e-10;4.72073e-13
21:30:16.315;-00:42:06.899;3.61E+20;0.8;-999/-999;1201.3;1.15982e-13;4.81134e-14;2.13227e-13;8.84544e-14;-9.990E+02;0;-1.21708e-10;2.7738e-13;0;-1.83268e-10;4.17681e-13
21:30:10.840;-00:27:10.926;3.55E+20;0.8;-999/-999;1225.2;1.11798e-13;4.80182e-14;2.05016e-13;8.80566e-14;-9.990E+02;0;-1.21619e-10;3.11406e-13;0;-1.83251e-10;4.69214e-13
21:29:36.463;-00:40:17.028;3.61E+20;0.8;-999/-999;1206.8;1.17595e-13;4.95285e-14;1.80135e-13;8.35894e-14;-9.990E+02;0;-1.25291e-10;3.27074e-13;7.47207e-14;7.73643e-14;-9.990E+02
21:29:46.278;-00:25:05.596;3.57E+20;0.8;-999/-999;1216.1;1.43864e-13;5.6528e-14;2.64049e-13;1.03752e-13;-9.990E+02;0;-1.43101e-10;3.00562e-13;9.15464e-14;-2.15568e-10;4.52769e-13
21:29:52.485;-00:45:37.877;3.63E+20;0.8;-999/-999;1212.1;2.04895e-13;6.5136e-14;3.77016e-13;1.19853e-13;-9.990E+02;0;-1.64666e-10;4.27523e-13;1.30076e-13;-2.47905e-10;6.43635e-13
21:29:17.175;-00:37:12.578;3.63E+20;0.8;-999/-999;1034.9;2.34914e-13;7.3632e-14;4.32252e-13;1.35486e-13;-9.990E+02;0;-1.86168e-10;4.36124e-13;1.49121e-13;-2.80275e-10;6.56584e-13
00:56:24.480;-01:16:38.317;3.54E+20;0.8;-999/-999;4572.8;7.96961e-14;2.1177e-14;2.24733e-14;1.55274e-14;-9.990E+02;1.08826e-13;4.02727e-14;-9.990E+02;9.37007e-14;4.60196e-14;-9.990E+02
00:56:19.136;-01:14:58.198;3.52E+20;0.8;-999/-999;4684.2;6.27709e-14;1.97526e-14;1.27727e-14;1.25221e-14;-9.990E+02;7.07549e-14;3.43038e-14;-9.990E+02;1.06643e-13;5.17034e-14;-9.990E+02
00:56:23.004;-01:13:39.516;3.51E+20;0.8;-999/-999;4649.6;5.50197e-14;1.97456e-14;2.23859e-14;1.75189e-14;-9.990E+02;4.65563e-14;3.00594e-14;-9.990E+02;9.35337e-14;5.22796e-14;-9.990E+02
00:56:16.418;-01:14:05.418;3.51E+20;0.8;-999/-999;4642.0;8.17327e-14;2.25664e-14;1.15106e-14;1.18772e-14;-9.990E+02;9.56891e-14;3.93635e-14;-9.990E+02;1.44238e-13;5.93351e-14;-9.990E+02
00:56:16.922;-01:13:16.401;3.50E+20;0.8;-999/-999;4587.3;7.36584e-14;2.115e-14;5.61688e-14;2.41884e-14;-9.990E+02;4.673e-14;2.64994e-14;-9.990E+02;9.39095e-14;4.60162e-14;-9.990E+02
00:56:13.359;-01:14:55.309;3.51E+20;0.8;-999/-999;4462.9;6.12255e-14;1.97456e-14;5.60294e-14;2.58716e-14;-9.990E+02;5.82222e-14;3.12153e-14;-9.990E+02;2.9263e-14;2.73049e-14;-9.990E+02
00:56:25.869;-01:21:22.204;3.57E+20;0.8;-999/-999;4736.2;4.40918e-14;1.69584e-14;4.04633e-14;2.28254e-14;-9.990E+02;4.18989e-14;-4.29374e-11;1.23047e-13;8.41558e-14;4.74725e-14;-9.990E+02
00:56:03.046;-01:14:21.755;3.50E+20;0.8;-999/-999;4647.6;4.98576e-14;1.833e-14;2.6059e-14;1.82387e-14;-9.990E+02;9.03828e-14;4.07188e-14;-9.990E+02;9.53659e-14;-7.00681e-11;1.80214e-13
01:22:00.142;+00:20:09.706;3.39E+20;0.8;-999/-999;1078.4;1.55933e-13;5.05728e-14;1.42008e-13;6.54515e-14;-9.990E+02;1.98324e-13;9.14076e-14;-9.990E+02;0;-1.93936e-10;9.89095e-13
01:22:03.163;+00:20:00.015;3.39E+20;0.8;-999/-999;1049.5;1.96953e-13;5.6192e-14;8.96824e-14;4.98691e-14;-9.990E+02;3.75922e-13;1.24604e-13;-9.990E+02;0;-2.15508e-10;1.25012e-12
01:56:31.132;-00:27:50.417;2.63E+20;0.8;-999/-999;3550.2;2.98694e-14;1.27308e-14;0;-2.2421e-11;5.79651e-14;6.43808e-14;3.05827e-14;-9.990E+02;1.95857e-14;2.11101e-14;-9.990E+02
01:56:57.979;-00:25:57.657;2.59E+20;0.8;-999/-999;3551.3;3.76062e-14;1.5037e-14;1.65457e-14;1.35628e-14;-9.990E+02;4.87049e-14;2.92017e-14;-9.990E+02;3.7047e-14;3.0368e-14;-9.990E+02
01:56:47.298;-00:21:12.482;2.63E+20;0.8;-999/-999;2478.9;3.21691e-13;4.24359e-14;3.78148e-13;6.03783e-14;-9.990E+02;2.77425e-13;6.35663e-14;-9.990E+02;3.16517e-13;-1.66823e-10;3.98177e-13
00:10:50.726;-00:31:34.666;3.22E+20;0.8;-999/-999;18097.4;1.89699e-14;4.60977e-15;1.14338e-14;4.71043e-15;-9.990E+02;2.58336e-14;8.69796e-15;-9.990E+02;9.76419e-15;6.57775e-15;-9.990E+02
00:10:42.428;-00:33:49.058;3.23E+20;0.8;-999/-999;19313.0;8.81836e-15;3.21379e-15;3.98618e-15;2.81333e-15;-9.990E+02;5.62453e-15;3.96963e-15;-9.990E+02;1.70108e-14;8.79925e-15;-9.990E+02
00:10:39.941;-00:38:17.437;3.24E+20;0.8;-999/-999;18354.3;1.04849e-14;3.4945e-15;4.74319e-15;3.23296e-15;-9.990E+02;1.67226e-14;7.1342e-15;-9.990E+02;5.05697e-15;4.79277e-15;-9.990E+02
00:11:14.864;-00:37:16.932;3.22E+20;0.8;-999/-999;14511.1;2.50045e-14;5.30822e-15;2.05491e-14;6.44559e-15;-9.990E+02;5.80221e-15;4.04407e-15;-9.990E+02;4.38661e-14;1.37594e-14;-9.990E+02
00:10:34.510;-00:29:13.380;3.23E+20;0.8;-999/-999;18947.9;1.39101e-14;4.05217e-15;5.59127e-15;3.50592e-15;-9.990E+02;1.57786e-14;6.96914e-15;-9.990E+02;1.78897e-14;8.837e-15;-9.990E+02
00:10:21.803;-00:36:57.020;3.25E+20;0.8;-999/-999;19773.7;3.16435e-14;5.87286e-15;2.50679e-14;7.08848e-15;-9.990E+02;2.52365e-14;8.49065e-15;-9.990E+02;3.05128e-14;1.1323e-14;-9.990E+02
00:11:25.904;-00:28:43.625;3.19E+20;0.8;-999/-999;19105.3;2.35002e-14;5.3029e-15;1.41467e-14;5.5715e-15;-9.990E+02;2.50149e-14;8.86591e-15;-9.990E+02;2.27032e-14;1.04324e-14;-9.990E+02
00:10:47.246;-00:23:41.278;3.21E+20;0.8;-999/-999;19250.3;1.26821e-14;4.1892e-15;1.5281e-14;6.05688e-15;-9.990E+02;5.39862e-15;4.27896e-15;-9.990E+02;8.16288e-15;6.46992e-15;-9.990E+02
00:10:41.285;-00:20:25.001;3.17E+20;0.8;-999/-999;13329.0;4.18071e-14;8.0881e-15;2.74244e-14;8.75568e-15;-9.990E+02;3.88487e-14;1.24031e-14;-9.990E+02;4.40838e-14;1.61305e-14;-9.990E+02
02:04:31.458;+00:23:58.420;2.20E+20;0.8;-999/-999;6913.5;7.14628e-14;1.3481e-14;6.80244e-14;1.71064e-14;-9.990E+02;5.60189e-14;1.87892e-14;-9.990E+02;4.28056e-14;2.00947e-14;-9.990E+02
02:04:24.092;+00:25:10.453;2.19E+20;0.8;-999/-999;6740.5;5.42409e-14;1.15894e-14;5.8648e-14;1.58508e-14;-9.990E+02;1.77262e-14;1.09204e-14;-9.990E+02;5.4152e-14;2.31465e-14;-9.990E+02
02:04:42.517;+00:25:39.320;2.21E+20;0.8;-999/-999;6747.4;2.44636e-14;8.22646e-15;2.11874e-14;1.01069e-14;-9.990E+02;7.99152e-15;-2.14728e-11;1.05708e-13;4.88507e-14;2.3303e-14;-9.990E+02
02:04:37.653;+00:20:34.703;2.21E+20;0.8;-999/-999;6793.6;2.59471e-14;8.49618e-15;3.37131e-14;1.26564e-14;-9.990E+02;8.47426e-15;7.74487e-15;-9.990E+02;1.29461e-14;1.18318e-14;-9.990E+02
02:04:29.776;+00:18:17.605;2.21E+20;0.8;-999/-999;7184.6;2.60954e-14;8.49618e-15;7.53174e-15;5.9138e-15;-9.990E+02;3.40979e-14;1.55602e-14;-9.990E+02;3.47311e-14;1.9578e-14;-9.990E+02
02:04:02.088;+00:25:45.112;2.18E+20;0.8;-999/-999;7305.4;2.46672e-14;8.21792e-15;1.59963e-14;8.65261e-15;-9.990E+02;2.41912e-14;1.30853e-14;-9.990E+02;2.46371e-14;1.64175e-14;-9.990E+02
03:49:00.557;-00:54:48.415;9.74E+20;0.650;+0.14/-0.12;91769.3;4.36341e-14;3.31398e-15;2.29588e-14;3.40074e-15;-9.990E+02;3.4313e-14;4.14311e-15;-9.990E+02;4.98653e-14;6.02096e-15;-9.990E+02
03:49:03.825;-00:53:49.550;9.75E+20;0.8;-999/-999;86742.1;4.99402e-15;1.30541e-15;3.14659e-15;1.60631e-15;-9.990E+02;2.29932e-15;1.34592e-15;-9.990E+02;8.67226e-15;3.09794e-15;-9.990E+02
03:48:55.997;-00:54:40.088;9.73E+20;0.8;-999/-999;93601.9;4.72901e-15;1.32151e-15;1.86053e-15;1.26707e-15;-9.990E+02;6.65487e-15;2.37696e-15;-9.990E+02;3.42248e-15;2.0171e-15;-9.990E+02
03:48:51.744;-00:54:12.675;9.72E+20;0.8;-999/-999;92014.7;4.75798e-15;1.33792e-15;3.207e-15;1.67117e-15;-9.990E+02;5.47584e-15;2.17455e-15;-9.990E+02;3.32001e-15;1.99963e-15;-9.990E+02
03:48:51.445;-00:55:34.763;9.70E+20;0.8;-999/-999;92688.6;3.47024e-15;1.20355e-15;1.48741e-15;1.21074e-15;-9.990E+02;1.45295e-15;1.18269e-15;-9.990E+02;7.19535e-15;3.13741e-15;-9.990E+02
03:48:53.230;-00:53:35.420;9.73E+20;0.8;-999/-999;92061.0;4.3543e-15;1.27133e-15;5.137e-15;2.12706e-15;-9.990E+02;1.67065e-15;1.1854e-15;-9.990E+02;4.72599e-15;2.35809e-15;-9.990E+02
03:48:50.109;-00:54:00.706;9.70E+20;0.8;-999/-999;91043.4;6.36044e-15;1.48772e-15;1.15359e-15;9.719e-16;-9.990E+02;9.01647e-15;2.68338e-15;-9.990E+02;6.37832e-15;2.68696e-15;-9.990E+02
03:48:46.911;-00:54:27.186;9.67E+20;0.835;+0.23/-0.18;88730.3;1.76463e-14;2.12017e-15;6.87865e-15;2.00558e-15;-9.990E+02;2.15932e-14;3.52184e-15;-9.990E+02;1.86863e-14;3.87864e-15;-9.990E+02
03:49:20.559;-00:55:03.118;9.81E+20;0.8;-999/-999;66270.0;1.29949e-14;2.01108e-15;4.39677e-15;1.83688e-15;-9.990E+02;1.42358e-14;3.27118e-15;-9.990E+02;1.60985e-14;4.1562e-15;-9.990E+02
03:48:49.999;-00:58:34.154;9.67E+20;0.8;-999/-999;88184.8;4.79433e-15;1.40322e-15;1.02161e-14;3.00385e-15;-9.990E+02;5.2609e-15;-3.22966e-12;3.48482e-15;1.48858e-15;1.41396e-15;-9.990E+02
03:49:09.415;-00:50:44.040;9.80E+20;0.8;-999/-999;61092.5;1.80451e-14;2.3457e-15;1.06839e-14;2.85022e-15;-9.990E+02;2.07637e-14;3.95847e-15;-9.990E+02;1.46764e-14;3.91533e-15;-9.990E+02
03:48:58.147;-01:00:59.564;9.67E+20;0.8;-999/-999;93819.8;4.74589e-15;1.3531e-15;2.35202e-15;1.49524e-15;-9.990E+02;5.75351e-15;2.32603e-15;-9.990E+02;4.07304e-15;2.34154e-15;-9.990E+02
03:48:57.274;-01:01:51.908;9.66E+20;0.8;-999/-999;91018.7;9.49953e-15;1.83711e-15;3.85631e-15;1.83164e-15;-9.990E+02;9.05843e-15;2.73908e-15;-9.990E+02;1.28213e-14;3.87689e-15;-9.990E+02
03:49:04.148;-01:02:20.654;9.67E+20;0.8;-999/-999;89825.2;4.16957e-15;1.31969e-15;3.56914e-15;1.8363e-15;-9.990E+02;1.74645e-15;1.27154e-15;-9.990E+02;6.17656e-15;2.8557e-15;-9.990E+02
03:48:34.769;-00:57:39.237;9.55E+20;0.8;-999/-999;85355.2;1.37845e-14;2.16554e-15;1.17486e-14;3.04551e-15;-9.990E+02;9.63849e-15;2.74782e-15;-9.990E+02;1.5019e-14;3.8936e-15;-9.990E+02
03:48:32.384;-00:53:59.732;9.56E+20;0.944;+0.22/-0.17;86495.5;2.15709e-14;2.40512e-15;1.97732e-14;3.6767e-15;-9.990E+02;2.02279e-14;3.57665e-15;-9.990E+02;2.18086e-14;4.38475e-15;-9.990E+02
03:48:39.686;-01:00:24.776;9.57E+20;0.8;-999/-999;91953.1;4.34316e-15;1.36661e-15;1.56728e-15;1.20214e-15;-9.990E+02;3.85169e-15;1.86511e-15;-9.990E+02;6.5513e-15;2.90261e-15;-9.990E+02
03:48:47.044;-00:48:02.181;9.74E+20;0.8;-999/-999;60160.0;9.55565e-15;1.84052e-15;1.00276e-14;2.83958e-15;-9.990E+02;7.33364e-15;2.37265e-15;-9.990E+02;6.91262e-15;2.75633e-15;-9.990E+02
03:49:18.973;-01:02:35.153;9.71E+20;0.8;-999/-999;77739.8;9.87316e-15;1.8392e-15;3.32643e-15;1.70403e-15;-9.990E+02;6.49931e-15;2.32943e-15;-9.990E+02;1.83782e-14;4.70784e-15;-9.990E+02
03:48:47.672;-00:47:34.536;9.75E+20;0.949;+0.18/-0.15;49438.6;3.04612e-14;2.8595e-15;2.15444e-14;4.1051e-15;-9.990E+02;3.48007e-14;4.8236e-15;-9.990E+02;3.07314e-14;5.204e-15;-9.990E+02
03:48:29.068;-00:53:45.911;9.54E+20;0.8;-999/-999;87001.7;4.55015e-15;1.39902e-15;5.33027e-15;2.29443e-15;-9.990E+02;1.04983e-15;9.97565e-16;-9.990E+02;5.95204e-15;2.86929e-15;-9.990E+02
03:48:27.861;-00:54:55.976;9.52E+20;0.8;-999/-999;85480.6;8.43337e-15;1.83117e-15;2.19373e-15;1.40026e-15;-9.990E+02;8.65173e-15;2.78915e-15;-9.990E+02;1.2263e-14;3.95336e-15;-9.990E+02
03:49:34.192;-00:50:56.998;9.94E+20;0.796;+0.07/-0.07;13895.2;2.27529e-13;9.10116e-15;1.19908e-13;1.03047e-14;-9.990E+02;2.31791e-13;1.40071e-14;-9.990E+02;2.45516e-13;1.71441e-14;-9.990E+02
03:48:30.608;-00:50:34.482;9.58E+20;0.284;+0.26/-0.20;67314.1;2.45674e-14;3.31395e-15;5.92745e-15;1.95583e-15;-9.990E+02;1.59259e-14;3.63237e-15;-9.990E+02;3.26977e-14;6.39004e-15;-9.990E+02
03:48:26.426;-00:56:54.351;9.49E+20;0.8;-999/-999;88999.1;5.39639e-15;1.49715e-15;6.30942e-15;2.41874e-15;-9.990E+02;3.73633e-15;1.85376e-15;-9.990E+02;3.53333e-15;2.13829e-15;-9.990E+02
03:48:26.564;-00:52:47.048;9.53E+20;0.684;+0.08/-0.07;80769.2;1.45471e-13;6.28425e-15;7.85439e-14;6.96116e-15;-9.990E+02;1.19789e-13;8.66539e-15;-9.990E+02;1.64202e-13;1.19996e-14;-9.990E+02
03:48:55.973;-01:04:38.439;9.63E+20;0.630;+0.14/-0.12;86847.1;5.10853e-14;3.9039e-15;2.68909e-14;3.91723e-15;-9.990E+02;3.85945e-14;4.96549e-15;-9.990E+02;5.89007e-14;7.24889e-15;-9.990E+02
03:48:49.253;-01:04:35.897;9.62E+20;0.716;+0.21/-0.17;85758.5;2.6711e-14;2.99727e-15;1.78947e-14;3.54794e-15;-9.990E+02;1.98275e-14;3.88965e-15;-9.990E+02;2.97497e-14;5.59373e-15;-9.990E+02
03:48:24.660;-00:57:10.717;9.48E+20;-0.038;+0.28/-0.21;83596.3;2.4086e-14;3.4342e-15;5.29449e-15;1.77966e-15;-9.990E+02;9.61496e-15;2.6934e-15;-9.990E+02;3.65424e-14;6.89858e-15;-9.990E+02
03:48:44.670;-01:04:38.651;9.59E+20;0.8;-999/-999;84858.0;4.67039e-15;1.48399e-15;4.69716e-15;2.27499e-15;-9.990E+02;2.6103e-15;-3.4185e-12;1.01698e-14;8.7136e-15;3.65971e-15;-9.990E+02
03:48:48.184;-01:05:09.507;9.61E+20;0.8;-999/-999;83928.7;1.22796e-14;2.16866e-15;8.87676e-15;2.94951e-15;-9.990E+02;1.19758e-14;3.15779e-15;-9.990E+02;1.07944e-14;3.68926e-15;-9.990E+02
03:48:32.242;-01:02:56.649;9.49E+20;0.8;-999/-999;80967.8;9.56845e-15;1.9962e-15;6.88512e-15;-4.66399e-12;1.34279e-14;8.03412e-15;2.80042e-15;-9.990E+02;1.994e-14;5.02637e-15;-9.990E+02
03:48:26.727;-01:01:55.507;9.46E+20;0.8;-999/-999;80237.9;8.97197e-15;1.99488e-15;2.6192e-15;1.63069e-15;-9.990E+02;1.29493e-14;3.74312e-15;-9.990E+02;7.34517e-15;3.26694e-15;-9.990E+02
03:48:34.782;-01:03:59.027;9.51E+20;0.8;-999/-999;82604.8;6.39757e-15;1.6643e-15;6.65604e-15;2.53155e-15;-9.990E+02;4.92071e-15;2.17686e-15;-9.990E+02;4.65246e-15;2.49558e-15;-9.990E+02
03:48:45.799;-01:06:02.040;9.58E+20;0.8;-999/-999;77420.1;7.39648e-15;1.8337e-15;1.92891e-15;1.39025e-15;-9.990E+02;3.79106e-15;1.95185e-15;-9.990E+02;1.6109e-14;4.60832e-15;-9.990E+02
03:48:42.300;-01:05:44.178;9.56E+20;0.8;-999/-999;78805.0;1.71452e-14;2.4993e-15;7.54032e-15;2.51643e-15;-9.990E+02;2.22544e-14;4.40861e-15;-9.990E+02;1.40118e-14;4.03635e-15;-9.990E+02
03:48:19.524;-00:50:55.751;9.49E+20;0.8;-999/-999;46368.2;1.64686e-14;2.6616e-15;8.55778e-15;2.96371e-15;-9.990E+02;1.68939e-14;4.09771e-15;-9.990E+02;1.79634e-14;4.97845e-15;-9.990E+02
03:49:24.359;-01:05:57.651;9.69E+20;0.534;+0.13/-0.11;42498.5;8.00934e-14;5.6985e-15;1.20133e-14;3.01188e-15;-9.990E+02;8.21021e-14;8.12391e-15;-9.990E+02;9.60655e-14;1.10836e-14;-9.990E+02
03:48:23.310;-00:48:37.155;9.54E+20;0.784;+0.24/-0.18;32393.3;3.33165e-14;4.0404e-15;2.56189e-14;5.32496e-15;-9.990E+02;2.53775e-14;5.27479e-15;-9.990E+02;3.60709e-14;7.49745e-15;-9.990E+02
03:48:57.474;-01:07:25.334;9.59E+20;0.8;-999/-999;67580.1;1.42463e-14;2.5011e-15;7.43326e-15;2.79598e-15;-9.990E+02;1.09503e-14;3.29546e-15;-9.990E+02;2.06785e-14;5.446e-15;-9.990E+02
03:49:06.131;-01:07:36.564;9.60E+20;0.874;+0.14/-0.12;45700.4;6.80486e-14;4.9104e-15;6.54898e-14;7.57714e-15;-9.990E+02;5.08472e-14;6.58338e-15;-9.990E+02;7.10034e-14;9.19307e-15;-9.990E+02
03:48:15.056;-00:51:44.133;9.45E+20;0.8;-999/-999;43929.4;2.15229e-14;3.1578e-15;7.72916e-15;2.89611e-15;-9.990E+02;1.52891e-14;4.16872e-15;-9.990E+02;3.79611e-14;7.75884e-15;-9.990E+02
03:48:19.379;-01:02:49.220;9.40E+20;0.640;+0.26/-0.20;71761.3;2.86195e-14;3.6786e-15;1.60224e-14;3.99638e-15;-9.990E+02;2.10644e-14;4.52959e-15;-9.990E+02;3.28219e-14;7.08713e-15;-9.990E+02
03:48:13.264;-01:00:14.854;9.37E+20;0.8;-999/-999;67190.6;1.7518e-14;2.82013e-15;1.35858e-14;3.81476e-15;-9.990E+02;1.799e-14;4.48312e-15;-9.990E+02;1.27719e-14;4.39611e-15;-9.990E+02
03:49:17.718;-01:08:38.211;9.61E+20;1.587;+0.14/-0.12;18144.4;6.62197e-14;4.13398e-15;1.15664e-13;1.29936e-14;-9.990E+02;1.51396e-13;1.28479e-14;-9.990E+02;5.13134e-14;8.17701e-15;-9.990E+02
03:48:57.873;-01:09:38.834;9.56E+20;0.676;+0.11/-0.10;32893.1;1.35232e-13;8.12475e-15;1.02608e-13;1.03022e-14;-9.990E+02;7.92378e-14;9.23859e-15;-9.990E+02;1.53124e-13;1.53743e-14;-9.990E+02
03:48:31.365;-01:09:39.318;9.33E+20;0.8;-999/-999;45340.1;3.14058e-14;4.64044e-15;1.12334e-14;4.37088e-15;-9.990E+02;2.23552e-14;6.09095e-15;-9.990E+02;5.55812e-14;1.11217e-14;-9.990E+02
21:59:54.555;-00:21:49.390;4.35E+20;0.8;-999/-999;5526.0;1.05451e-13;1.88357e-14;5.45577e-14;1.86596e-14;-9.990E+02;1.43528e-13;3.39356e-14;-9.990E+02;7.15132e-14;3.00366e-14;-9.990E+02
21:59:45.860;-00:27:05.648;4.48E+20;0.8;-999/-999;5059.1;4.94889e-14;1.33832e-14;3.77664e-14;1.5828e-14;-9.990E+02;4.92682e-14;2.06485e-14;-9.990E+02;3.67687e-14;2.15394e-14;-9.990E+02
21:59:42.698;-00:13:30.904;4.22E+20;0.8;-999/-999;5273.8;4.58152e-14;1.35642e-14;3.45745e-14;-2.55661e-11;1.1415e-13;9.16274e-14;2.90761e-14;-9.990E+02;3.42859e-14;2.2481e-14;-9.990E+02
22:00:34.163;-00:28:21.599;4.43E+20;0.8;-999/-999;4275.0;1.23128e-13;2.17875e-14;9.37544e-14;2.7048e-14;-9.990E+02;1.2268e-13;3.53929e-14;-9.990E+02;9.15622e-14;3.52312e-14;-9.990E+02
01:22:24.232;+00:56:49.819;3.19E+20;0.8;-999/-999;18885.5;2.42259e-14;5.16335e-15;1.45801e-14;5.35731e-15;-9.990E+02;3.09398e-14;9.26161e-15;-9.990E+02;1.55973e-14;8.06553e-15;-9.990E+02
01:22:26.640;+00:56:03.014;3.19E+20;0.8;-999/-999;19181.2;2.16023e-14;4.88425e-15;1.23173e-14;4.96168e-15;-9.990E+02;2.3236e-14;8.05667e-15;-9.990E+02;2.19646e-14;9.43495e-15;-9.990E+02
01:22:20.975;+00:59:05.707;3.17E+20;0.8;-999/-999;17885.4;1.59391e-14;4.32295e-15;5.22825e-15;3.39912e-15;-9.990E+02;7.4062e-15;4.8151e-15;-9.990E+02;3.92156e-14;1.32839e-14;-9.990E+02
01:22:41.100;+00:54:11.236;3.20E+20;0.8;-999/-999;15796.3;2.43724e-14;5.44401e-15;2.371e-14;7.19217e-15;-9.990E+02;4.78833e-15;3.73654e-15;-9.990E+02;3.61985e-14;1.28695e-14;-9.990E+02
01:22:30.783;+01:03:07.829;3.16E+20;0.8;-999/-999;17759.4;1.45126e-14;4.32171e-15;1.52732e-14;5.88048e-15;-9.990E+02;9.27631e-15;5.42752e-15;-9.990E+02;9.35356e-15;6.74427e-15;-9.990E+02
01:21:54.113;+01:01:22.701;3.14E+20;0.8;-999/-999;18710.0;9.59149e-15;3.62206e-15;7.40538e-15;4.29763e-15;-9.990E+02;7.00803e-15;4.97011e-15;-9.990E+02;1.06041e-14;7.52044e-15;-9.990E+02
01:22:31.162;+00:48:09.066;3.22E+20;0.8;-999/-999;13908.3;2.90555e-14;6.14636e-15;1.57578e-14;6.13745e-15;-9.990E+02;3.70885e-14;1.12407e-14;-9.990E+02;2.24291e-14;1.06215e-14;-9.990E+02
01:21:39.242;+00:57:56.260;3.14E+20;0.8;-999/-999;18906.9;1.96148e-14;5.01516e-15;1.96331e-14;6.63974e-15;-9.990E+02;1.11444e-14;6.02113e-15;-9.990E+02;1.6863e-14;9.11079e-15;-9.990E+02
01:22:54.482;+01:01:08.702;3.18E+20;0.8;-999/-999;10178.2;5.31216e-14;8.37e-15;5.47895e-14;1.13784e-14;-9.990E+02;3.87818e-14;1.13529e-14;-9.990E+02;2.93341e-14;1.23784e-14;-9.990E+02
01:21:59.471;+01:06:49.610;3.12E+20;0.8;-999/-999;17655.1;1.38385e-14;4.45504e-15;1.42338e-14;-8.01296e-12;2.34248e-14;2.0225e-14;8.73046e-15;-9.990E+02;2.29594e-14;1.138e-14;-9.990E+02
01:21:34.148;+00:52:38.139;3.19E+20;0.8;-999/-999;16348.8;4.06509e-14;7.39615e-15;2.59046e-14;7.98052e-15;-9.990E+02;3.66472e-14;1.129e-14;-9.990E+02;4.61935e-14;1.56836e-14;-9.990E+02
01:21:15.929;+00:52:34.862;3.18E+20;0.386;+0.16/-0.14;4808.4;3.09192e-13;2.98736e-14;7.59141e-14;1.67868e-14;-9.990E+02;2.43638e-13;3.71745e-14;-9.990E+02;3.94234e-13;6.01525e-14;-9.990E+02
01:10:24.588;-00:15:42.791;3.09E+20;0.8;-999/-999;16288.4;2.57576e-14;5.5632e-15;2.45119e-14;7.27454e-15;-9.990E+02;1.93987e-14;7.76945e-15;-9.990E+02;1.76215e-14;9.01831e-15;-9.990E+02
01:10:31.036;-00:16:08.564;3.08E+20;0.8;-999/-999;17169.5;1.84354e-14;4.72702e-15;8.28069e-15;4.07788e-15;-9.990E+02;2.35941e-14;8.71561e-15;-9.990E+02;1.78638e-14;8.79713e-15;-9.990E+02
01:10:15.056;-00:10:36.576;3.08E+20;0.8;-999/-999;16834.6;1.23681e-14;4.03187e-15;8.33816e-15;4.43769e-15;-9.990E+02;1.18807e-14;6.32309e-15;-9.990E+02;1.19882e-14;7.65437e-15;-9.990E+02
01:10:25.222;-00:23:29.577;3.11E+20;0.8;-999/-999;17129.6;1.67282e-14;4.59261e-15;1.5052e-14;5.85552e-15;-9.990E+02;1.07023e-14;5.87647e-15;-9.990E+02;1.61991e-14;8.89466e-15;-9.990E+02
01:10:49.557;-00:11:02.270;3.06E+20;0.8;-999/-999;17619.2;2.17981e-14;5.41827e-15;2.60717e-15;2.5448e-15;-9.990E+02;2.23246e-14;8.75612e-15;-9.990E+02;4.50791e-14;1.55241e-14;-9.990E+02
01:10:29.323;-00:25:18.102;3.20E+20;0.8;-999/-999;13710.4;2.18877e-14;5.44401e-15;5.64883e-15;3.62383e-15;-9.990E+02;7.9865e-15;5.12348e-15;-9.990E+02;6.03848e-14;1.77057e-14;-9.990E+02
01:10:40.043;-00:24:34.683;3.10E+20;0.8;-999/-999;13861.3;5.60236e-14;8.20808e-15;3.9441e-14;9.30216e-15;-9.990E+02;6.23549e-14;1.38669e-14;-9.990E+02;3.77612e-14;1.33579e-14;-9.990E+02
01:10:12.027;-00:07:55.911;3.07E+20;0.127;+0.23/-0.18;15665.9;1.16076e-13;1.50776e-14;8.60655e-15;4.07478e-15;-9.990E+02;9.06876e-14;1.77531e-14;-9.990E+02;1.64463e-13;3.10555e-14;-9.990E+02
01:10:35.850;-00:07:46.009;3.05E+20;0.8;-999/-999;17186.0;2.29168e-14;5.5556e-15;1.54267e-14;6.13777e-15;-9.990E+02;2.93582e-14;9.85487e-15;-9.990E+02;1.112e-14;7.46543e-15;-9.990E+02
01:10:56.247;-00:11:15.470;3.05E+20;0.8;-999/-999;16740.3;9.63758e-15;3.75003e-15;6.48679e-15;-6.72362e-12;2.28409e-14;4.93989e-15;4.21741e-15;-9.990E+02;2.9921e-14;1.31359e-14;-9.990E+02
01:10:59.887;-00:12:41.118;3.05E+20;0.8;-999/-999;16072.1;1.2582e-14;4.30559e-15;2.50796e-15;2.57527e-15;-9.990E+02;7.16427e-15;5.22461e-15;-9.990E+02;3.2546e-14;1.34863e-14;-9.990E+02
01:11:04.917;-00:16:28.007;3.06E+20;0.8;-999/-999;12125.7;3.04257e-14;6.52971e-15;6.07009e-15;-1.17136e-11;4.50579e-14;1.94842e-14;8.25425e-15;-9.990E+02;8.85087e-14;2.19547e-14;-9.990E+02
01:10:18.631;-00:06:36.637;3.06E+20;0.8;-999/-999;16486.3;1.39625e-14;4.58469e-15;1.50393e-14;6.27218e-15;-9.990E+02;1.43088e-14;7.27185e-15;-9.990E+02;4.06105e-14;-1.77718e-11;7.13137e-14
01:09:37.905;-00:14:58.554;3.13E+20;0.8;-999/-999;10305.5;5.98122e-14;9.33042e-15;3.07768e-14;8.89694e-15;-9.990E+02;8.73857e-14;1.79723e-14;-9.990E+02;3.30678e-14;1.35958e-14;-9.990E+02
01:26:58.792;-01:14:17.856;3.67E+20;0.8;-999/-999;4263.0;9.00728e-14;1.84314e-14;4.42693e-14;1.71642e-14;-9.990E+02;4.55333e-14;2.03609e-14;-9.990E+02;1.828e-13;5.16835e-14;-9.990E+02
01:26:42.217;-01:14:06.962;3.71E+20;0.8;-999/-999;4669.6;2.02165e-13;2.8394e-14;2.08359e-13;3.97636e-14;-9.990E+02;1.78202e-13;4.20396e-14;-9.990E+02;7.14404e-14;3.34917e-14;-9.990E+02
01:26:32.964;-01:12:19.438;3.73E+20;0.8;-999/-999;4402.2;3.7788e-14;1.29275e-14;4.6543e-14;1.96725e-14;-9.990E+02;3.18139e-14;1.90123e-14;-9.990E+02;1.33497e-14;-4.9055e-11;1.57995e-13
01:26:27.323;-01:18:13.705;3.78E+20;0.8;-999/-999;4816.6;3.61559e-14;1.28061e-14;6.69554e-14;2.3715e-14;-9.990E+02;3.04109e-14;-3.22777e-11;2.00825e-13;1.27517e-14;-4.8519e-11;3.01875e-13
01:27:22.793;-01:15:59.595;3.62E+20;0.8;-999/-999;4795.6;3.37172e-14;1.24564e-14;3.10077e-14;1.66103e-14;-9.990E+02;4.26759e-14;2.28608e-14;-9.990E+02;1.19499e-14;-4.74274e-11;2.12131e-13
01:06:55.217;-00:25:11.831;3.70E+20;0.8;-999/-999;2203.2;8.86432e-14;2.8384e-14;1.02201e-13;4.10691e-14;-9.990E+02;2.79934e-14;2.5203e-14;-9.990E+02;8.42269e-14;5.54138e-14;-9.990E+02
01:06:03.146;-00:21:39.167;3.63E+20;0.8;-999/-999;1908.0;6.96672e-14;2.5488e-14;1.28191e-13;4.6899e-14;-9.990E+02;2.2032e-14;-6.44331e-11;2.32217e-13;6.63597e-14;-9.70039e-11;3.49602e-13
01:07:04.619;-00:23:12.571;3.69E+20;0.8;-999/-999;2201.9;9.83512e-14;2.97948e-14;9.07156e-14;4.04896e-14;-9.990E+02;3.10637e-14;-7.52385e-11;8.20881e-13;1.87011e-13;8.34699e-14;-9.990E+02
01:56:31.132;-00:27:50.417;2.63E+20;0.8;-999/-999;3550.2;2.98694e-14;1.27308e-14;0;-2.2421e-11;5.79651e-14;6.43808e-14;3.05827e-14;-9.990E+02;1.95857e-14;2.11101e-14;-9.990E+02
01:56:57.979;-00:25:57.657;2.59E+20;0.8;-999/-999;3551.3;3.76062e-14;1.5037e-14;1.65457e-14;1.35628e-14;-9.990E+02;4.87049e-14;2.92017e-14;-9.990E+02;3.7047e-14;3.0368e-14;-9.990E+02
01:56:47.298;-00:21:12.482;2.63E+20;0.8;-999/-999;2478.9;3.21691e-13;4.24359e-14;3.78148e-13;6.03783e-14;-9.990E+02;2.77425e-13;6.35663e-14;-9.990E+02;3.16517e-13;-1.66823e-10;3.98177e-13
01:58:04.809;-00:50:00.352;2.48E+20;0.606;+0.23/-0.18;83934.6;1.70559e-14;2.22124e-15;7.53773e-15;1.74681e-15;-9.990E+02;1.41697e-14;3.0716e-15;-9.990E+02;1.98455e-14;4.40017e-15;-9.990E+02
01:58:12.778;-00:54:28.457;2.47E+20;0.8;-999/-999;83601.2;4.11491e-15;1.19786e-15;1.20061e-15;8.43617e-16;-9.990E+02;1.78068e-15;1.25121e-15;-9.990E+02;1.08514e-14;3.86772e-15;-9.990E+02
01:58:05.570;-00:54:03.484;2.48E+20;1.040;+0.13/-0.11;81985.0;3.56283e-14;2.40658e-15;3.22649e-14;3.32864e-15;-9.990E+02;4.4129e-14;4.62403e-15;-9.990E+02;3.45486e-14;5.13675e-15;-9.990E+02
01:58:26.177;-00:51:36.633;2.46E+20;0.8;-999/-999;85772.4;5.22781e-15;1.29267e-15;2.40739e-15;1.11059e-15;-9.990E+02;4.28686e-15;1.83137e-15;-9.990E+02;8.71325e-15;3.20904e-15;-9.990E+02
01:58:13.924;-00:47:38.383;2.47E+20;0.8;-999/-999;83475.7;3.59629e-15;1.11618e-15;3.70572e-15;1.54377e-15;-9.990E+02;1.09888e-15;1.0144e-15;-9.990E+02;4.18438e-15;2.47293e-15;-9.990E+02
01:58:06.368;-00:55:06.410;2.52E+20;0.8;-999/-999;83928.6;3.75808e-15;1.15906e-15;3.51697e-15;1.48287e-15;-9.990E+02;3.24978e-15;1.75345e-15;-9.990E+02;1.97924e-15;1.66903e-15;-9.990E+02
01:58:25.227;-00:48:44.824;2.47E+20;0.934;+0.25/-0.19;88254.1;1.52976e-14;1.93488e-15;1.28739e-14;2.52933e-15;-9.990E+02;1.53422e-14;3.25571e-15;-9.990E+02;1.54904e-14;4.00518e-15;-9.990E+02
01:58:23.327;-00:48:18.987;2.47E+20;0.8;-999/-999;87759.1;3.01914e-15;1.03451e-15;2.40216e-15;1.21514e-15;-9.990E+02;7.12555e-16;8.16116e-16;-9.990E+02;5.42838e-15;2.74596e-15;-9.990E+02
01:58:27.461;-00:54:12.528;2.46E+20;0.8;-999/-999;85201.7;4.0508e-15;1.1702e-15;1.09035e-15;8.19133e-16;-9.990E+02;3.23582e-15;1.72217e-15;-9.990E+02;8.63248e-15;3.47345e-15;-9.990E+02
01:58:21.480;-00:56:09.427;2.46E+20;0.8;-999/-999;86477.9;5.49451e-15;1.31988e-15;2.66933e-15;1.23727e-15;-9.990E+02;3.96173e-15;1.83632e-15;-9.990E+02;9.66643e-15;3.50738e-15;-9.990E+02
01:58:35.372;-00:52:34.024;2.46E+20;0.8;-999/-999;85301.5;5.91224e-15;1.33349e-15;9.85341e-16;7.00073e-16;-9.990E+02;6.58049e-15;2.16464e-15;-9.990E+02;1.1142e-14;3.62801e-15;-9.990E+02
01:58:07.085;-00:57:50.918;2.51E+20;0.8;-999/-999;85635.0;8.03139e-15;1.49941e-15;5.51272e-15;1.64354e-15;-9.990E+02;5.43514e-15;2.01776e-15;-9.990E+02;1.10405e-14;3.51734e-15;-9.990E+02
01:58:09.962;-00:44:40.046;2.48E+20;0.8;-999/-999;81464.4;3.58263e-15;1.14383e-15;2.78807e-15;1.29315e-15;-9.990E+02;1.03325e-15;9.44879e-16;-9.990E+02;6.29542e-15;2.91991e-15;-9.990E+02
01:57:49.299;-00:56:06.753;2.54E+20;0.8;-999/-999;85946.0;4.59461e-15;1.25543e-15;4.0328e-15;1.51176e-15;-9.990E+02;4.46433e-15;1.92935e-15;-9.990E+02;2.26639e-15;1.69871e-15;-9.990E+02
01:58:27.645;-00:56:50.875;2.46E+20;0.8;-999/-999;85433.8;3.82629e-15;1.14299e-15;2.23261e-15;1.18012e-15;-9.990E+02;3.31357e-15;1.7515e-15;-9.990E+02;5.04916e-15;2.66891e-15;-9.990E+02
01:58:06.569;-00:58:42.496;2.51E+20;0.8;-999/-999;84479.8;8.4444e-15;1.63572e-15;8.14477e-15;2.15154e-15;-9.990E+02;6.57026e-15;2.25433e-15;-9.990E+02;5.0043e-15;2.42352e-15;-9.990E+02
01:58:40.793;-00:52:54.273;2.45E+20;0.8;-999/-999;68454.9;8.21561e-15;1.63224e-15;1.91613e-15;1.02457e-15;-9.990E+02;9.95797e-15;2.74392e-15;-9.990E+02;1.30104e-14;4.18153e-15;-9.990E+02
01:58:15.925;-00:58:53.575;2.49E+20;0.8;-999/-999;83689.3;3.73515e-15;1.15787e-15;5.95054e-16;5.91713e-16;-9.990E+02;3.52621e-15;1.75285e-15;-9.990E+02;8.05656e-15;3.28079e-15;-9.990E+02
01:58:04.918;-00:58:58.088;2.51E+20;0.8;-999/-999;85435.3;6.66829e-15;1.49941e-15;4.17638e-15;1.55748e-15;-9.990E+02;8.64955e-15;2.72287e-15;-9.990E+02;3.76346e-15;2.23287e-15;-9.990E+02
01:58:03.667;-00:59:00.302;2.51E+20;0.8;-999/-999;86463.0;4.167e-15;1.26768e-15;2.43602e-15;1.25985e-15;-9.990E+02;5.40685e-15;2.27448e-15;-9.990E+02;2.7445e-15;2.00344e-15;-9.990E+02
01:58:07.565;-00:59:03.280;2.51E+20;0.8;-999/-999;84798.9;4.59365e-15;1.30858e-15;1.46472e-15;1.02222e-15;-9.990E+02;4.33538e-15;2.1295e-15;-9.990E+02;8.25074e-15;3.61912e-15;-9.990E+02
01:58:01.697;-00:43:28.803;2.48E+20;0.8;-999/-999;78402.9;6.39046e-15;1.49787e-15;3.73014e-15;1.5741e-15;-9.990E+02;1.84345e-15;1.34326e-15;-9.990E+02;1.40449e-14;4.57751e-15;-9.990E+02
01:58:39.585;-00:47:20.487;2.46E+20;0.363;+0.23/-0.17;63627.7;2.31831e-14;2.97696e-15;5.39735e-15;1.53412e-15;-9.990E+02;1.82077e-14;3.6178e-15;-9.990E+02;2.97714e-14;5.91546e-15;-9.990E+02
01:58:37.152;-00:46:23.141;2.46E+20;0.254;+0.25/-0.19;64955.2;2.11608e-14;2.9637e-15;4.90673e-15;1.43703e-15;-9.990E+02;1.37013e-14;3.26036e-15;-9.990E+02;2.84118e-14;5.82455e-15;-9.990E+02
01:57:58.985;-00:43:27.072;2.48E+20;1.188;+0.18/-0.15;75962.4;2.24562e-14;1.97562e-15;2.54436e-14;3.4828e-15;-9.990E+02;3.28199e-14;4.65834e-15;-9.990E+02;2.05417e-14;4.23907e-15;-9.990E+02
01:57:59.277;-00:43:03.087;2.48E+20;0.8;-999/-999;73025.5;1.11401e-14;1.90638e-15;9.75704e-15;2.50425e-15;-9.990E+02;7.23241e-15;2.53629e-15;-9.990E+02;1.10183e-14;3.86395e-15;-9.990E+02
01:57:48.564;-00:58:12.169;2.54E+20;0.8;-999/-999;85472.4;5.81729e-15;1.3646e-15;1.91552e-15;1.04402e-15;-9.990E+02;5.65646e-15;2.1982e-15;-9.990E+02;1.00447e-14;3.61609e-15;-9.990E+02
01:57:57.864;-00:43:03.461;2.48E+20;0.8;-999/-999;72932.9;8.70399e-15;1.77021e-15;7.62008e-15;2.18848e-15;-9.990E+02;9.88712e-15;2.97356e-15;-9.990E+02;2.15143e-15;1.68829e-15;-9.990E+02
01:58:00.879;-01:00:01.303;2.51E+20;0.8;-999/-999;85056.5;9.83204e-15;1.77203e-15;6.63152e-16;6.04344e-16;-9.990E+02;1.56972e-14;3.5751e-15;-9.990E+02;1.34478e-14;3.88948e-15;-9.990E+02
01:57:33.809;-00:48:22.628;2.58E+20;1.267;+0.17/-0.14;81730.2;2.29581e-14;1.91028e-15;3.50759e-14;4.09088e-15;-9.990E+02;2.93143e-14;4.26186e-15;-9.990E+02;2.02563e-14;4.04985e-15;-9.990E+02
01:57:33.375;-00:47:54.285;2.58E+20;0.8;-999/-999;81027.2;5.94974e-15;1.50315e-15;1.74444e-15;1.08051e-15;-9.990E+02;1.28438e-14;3.5162e-15;-9.990E+02;3.83336e-15;-5.91943e-12;2.58699e-14
01:58:32.319;-00:42:37.922;2.46E+20;0.508;+0.09/-0.08;35045.2;1.19031e-13;6.28445e-15;4.18339e-14;4.33119e-15;-9.990E+02;9.56661e-14;8.20718e-15;-9.990E+02;1.44237e-13;1.26526e-14;-9.990E+02
01:58:51.341;-00:53:10.573;2.45E+20;0.8;-999/-999;41408.5;1.99813e-14;2.58438e-15;1.49759e-14;2.90525e-15;-9.990E+02;2.22411e-14;4.31465e-15;-9.990E+02;1.13033e-14;4.01944e-15;-9.990E+02
01:58:22.581;-00:41:20.586;2.47E+20;0.389;+0.14/-0.12;37665.1;5.56194e-14;4.76476e-15;1.65361e-14;2.74911e-15;-9.990E+02;3.9527e-14;5.45866e-15;-9.990E+02;7.0806e-14;9.3616e-15;-9.990E+02
01:58:51.324;-00:49:10.993;2.45E+20;1.172;+0.24/-0.18;32525.9;1.93375e-14;2.1019e-15;1.86805e-14;3.31567e-15;-9.990E+02;3.14243e-14;4.93386e-15;-9.990E+02;1.7771e-14;4.64926e-15;-9.990E+02
01:58:01.448;-00:41:10.300;2.48E+20;0.901;+0.16/-0.14;55214.9;3.34739e-14;2.99208e-15;2.95622e-14;3.95297e-15;-9.990E+02;2.84048e-14;4.61205e-15;-9.990E+02;3.44942e-14;6.08167e-15;-9.990E+02
01:57:48.260;-00:42:42.244;2.49E+20;0.8;-999/-999;64420.5;1.13676e-14;2.0433e-15;6.64036e-15;2.14821e-15;-9.990E+02;9.83548e-15;3.18186e-15;-9.990E+02;1.49822e-14;4.84686e-15;-9.990E+02
01:57:43.522;-00:59:56.770;2.54E+20;0.8;-999/-999;86526.1;4.01465e-15;1.28272e-15;3.91539e-15;1.67902e-15;-9.990E+02;1.15606e-15;1.11856e-15;-9.990E+02;5.28249e-15;2.94555e-15;-9.990E+02
01:57:39.885;-00:59:12.987;2.55E+20;0.8;-999/-999;86517.5;3.74856e-15;1.25589e-15;5.06479e-16;6.27823e-16;-9.990E+02;7.47204e-16;9.26222e-16;-9.990E+02;1.25114e-14;4.57371e-15;-9.990E+02
01:57:25.366;-00:51:11.064;2.58E+20;-0.190;+0.17/-0.14;75101.8;5.16692e-14;4.93206e-15;2.99831e-15;1.07875e-15;-9.990E+02;2.88695e-14;4.8751e-15;-9.990E+02;8.34233e-14;1.05669e-14;-9.990E+02
01:58:10.876;-01:03:22.989;2.49E+20;0.558;+0.13/-0.11;50822.7;6.29242e-14;4.76325e-15;3.12992e-14;3.94928e-15;-9.990E+02;4.14054e-14;5.67207e-15;-9.990E+02;7.45004e-14;9.48135e-15;-9.990E+02
01:57:55.397;-01:03:21.499;2.51E+20;0.8;-999/-999;66614.9;1.27e-14;2.18096e-15;8.10174e-15;2.3906e-15;-9.990E+02;1.34835e-14;3.77313e-15;-9.990E+02;1.14067e-14;4.30848e-15;-9.990E+02
01:57:16.807;-00:53:02.904;2.59E+20;-0.681;+0.17/-0.14;50971.4;8.41606e-14;7.25522e-15;3.77797e-15;1.24043e-15;-9.990E+02;2.70519e-14;5.09529e-15;-9.990E+02;1.65954e-13;1.70199e-14;-9.990E+02
01:57:26.276;-01:00:45.738;2.56E+20;0.528;+0.17/-0.14;37547.0;5.31479e-14;5.0409e-15;1.79242e-14;3.302e-15;-9.990E+02;4.5726e-14;6.81732e-15;-9.990E+02;6.37909e-14;1.03725e-14;-9.990E+02
01:57:22.722;-00:42:49.534;2.51E+20;1.448;+0.13/-0.10;22359.6;6.83009e-14;3.72998e-15;1.23115e-13;9.66462e-15;-9.990E+02;1.26257e-13;1.10134e-14;-9.990E+02;5.57762e-14;8.39286e-15;-9.990E+02
01:57:27.365;-00:40:38.694;2.51E+20;0.640;+0.05/-0.04;11511.8;5.13018e-13;1.53301e-14;3.22775e-13;1.46996e-14;-9.990E+02;3.12296e-13;1.80292e-14;-9.990E+02;5.86911e-13;3.05519e-14;-9.990E+02
02:53:29.778;-00:14:04.140;5.54E+20;0.8;-999/-999;33818.6;9.08018e-15;2.70288e-15;5.56865e-15;3.0448e-15;-9.990E+02;1.0231e-14;4.30353e-15;-9.990E+02;7.55431e-15;4.65867e-15;-9.990E+02
02:53:15.988;-00:14:27.070;5.45E+20;0.8;-999/-999;33278.2;7.96477e-15;2.54609e-15;5.75307e-15;3.12938e-15;-9.990E+02;7.08192e-15;3.85221e-15;-9.990E+02;7.85078e-15;4.81814e-15;-9.990E+02
02:53:12.816;-00:16:27.079;5.44E+20;0.8;-999/-999;33398.8;7.94863e-15;2.54524e-15;9.4707e-15;3.79007e-15;-9.990E+02;3.8883e-15;2.73865e-15;-9.990E+02;5.74606e-15;4.04713e-15;-9.990E+02
02:53:34.061;-00:17:47.120;5.53E+20;0.8;-999/-999;31469.2;2.19926e-14;3.753e-15;7.97614e-15;3.19524e-15;-9.990E+02;2.44176e-14;6.24917e-15;-9.990E+02;2.88368e-14;7.99249e-15;-9.990E+02
02:53:27.109;-00:11:00.270;5.54E+20;0.8;-999/-999;33274.3;7.38937e-15;2.55272e-15;4.91e-15;2.90827e-15;-9.990E+02;6.01175e-15;3.56086e-15;-9.990E+02;8.8747e-15;5.25663e-15;-9.990E+02
02:53:14.675;-00:11:24.750;5.45E+20;0.8;-999/-999;32850.6;8.26281e-15;2.54609e-15;1.36777e-15;1.49419e-15;-9.990E+02;8.41848e-15;3.96207e-15;-9.990E+02;1.49278e-14;6.6875e-15;-9.990E+02
02:53:37.835;-00:12:06.814;5.55E+20;1.157;+0.27/-0.20;34151.4;3.10177e-14;3.8703e-15;4.01994e-14;7.38124e-15;-9.990E+02;3.47733e-14;7.15085e-15;-9.990E+02;2.86415e-14;7.6849e-15;-9.990E+02
02:53:18.286;-00:20:12.323;5.44E+20;0.8;-999/-999;34458.2;1.18833e-14;2.84468e-15;3.14501e-15;2.11798e-15;-9.990E+02;1.16173e-14;4.34962e-15;-9.990E+02;2.003e-14;7.06624e-15;-9.990E+02
02:53:01.552;-00:16:14.509;5.44E+20;0.8;-999/-999;35067.7;1.52565e-14;3.14412e-15;1.27554e-14;3.98923e-15;-9.990E+02;1.37482e-14;4.69745e-15;-9.990E+02;1.16111e-14;5.04971e-15;-9.990E+02
02:53:46.610;-00:12:12.429;5.55E+20;0.8;-999/-999;35003.4;2.66905e-14;4.2056e-15;2.25898e-14;5.53361e-15;-9.990E+02;1.38175e-14;4.80626e-15;-9.990E+02;3.49637e-14;9.35107e-15;-9.990E+02
02:53:18.791;-00:09:01.679;5.54E+20;0.8;-999/-999;33037.3;1.91754e-14;3.60384e-15;2.91247e-14;6.28719e-15;-9.990E+02;8.91498e-15;3.73901e-15;-9.990E+02;3.29067e-15;2.82475e-15;-9.990E+02
02:53:49.082;-00:16:00.590;5.55E+20;0.8;-999/-999;34658.0;9.96126e-15;2.7036e-15;5.67742e-15;2.95735e-15;-9.990E+02;8.68132e-15;4.04371e-15;-9.990E+02;1.28144e-14;5.96888e-15;-9.990E+02
02:53:41.810;-00:10:27.562;5.55E+20;0.8;-999/-999;34228.1;6.63584e-15;2.4032e-15;8.82622e-15;3.87982e-15;-9.990E+02;5.40017e-15;3.35192e-15;-9.990E+02;8.53935e-15;-8.64758e-12;2.63324e-14
02:52:56.397;-00:19:02.376;5.43E+20;0.8;-999/-999;31039.4;2.46523e-14;4.04136e-15;6.66877e-15;2.91644e-15;-9.990E+02;3.56242e-14;7.63664e-15;-9.990E+02;2.42986e-14;7.63422e-15;-9.990E+02
02:52:53.924;-00:19:06.742;5.43E+20;0.736;+0.23/-0.18;27520.8;4.77371e-14;5.81011e-15;4.82592e-14;7.99055e-15;-9.990E+02;1.59773e-14;5.02647e-15;-9.990E+02;5.25652e-14;1.12734e-14;-9.990E+02
02:52:51.108;-00:12:04.897;5.44E+20;0.8;-999/-999;32937.8;7.36173e-15;2.39552e-15;8.76917e-15;3.73656e-15;-9.990E+02;1.80026e-15;1.88301e-15;-9.990E+02;7.98064e-15;4.94691e-15;-9.990E+02
02:52:50.966;-00:11:20.541;5.44E+20;0.8;-999/-999;32436.3;7.34227e-15;2.54524e-15;2.91523e-15;2.26542e-15;-9.990E+02;3.59064e-15;2.79028e-15;-9.990E+02;1.59234e-14;7.29349e-15;-9.990E+02
02:53:56.796;-00:11:23.841;5.56E+20;-0.052;+0.27/-0.20;31138.9;5.15596e-14;7.28841e-15;3.83264e-15;1.90216e-15;-9.990E+02;3.14496e-14;7.20397e-15;-9.990E+02;7.85245e-14;1.47894e-14;-9.990E+02
02:54:00.747;-00:15:33.420;5.56E+20;0.8;-999/-999;27050.1;1.10404e-14;3.005e-15;5.50751e-15;2.9981e-15;-9.990E+02;1.01049e-14;4.35214e-15;-9.990E+02;1.49144e-14;6.42357e-15;-9.990E+02
02:53:50.018;-00:07:50.169;5.56E+20;0.8;-999/-999;33221.8;1.04289e-14;3.005e-15;2.31213e-15;1.99164e-15;-9.990E+02;1.4138e-14;5.49975e-15;-9.990E+02;1.25224e-14;6.18546e-15;-9.990E+02
02:53:10.057;-00:05:46.567;5.54E+20;0.8;-999/-999;24006.9;1.68329e-14;3.754e-15;6.71532e-15;3.2873e-15;-9.990E+02;8.22217e-15;4.02494e-15;-9.990E+02;3.64025e-14;1.05576e-14;-9.990E+02
02:53:58.475;-00:09:11.439;5.57E+20;0.8;-999/-999;24850.1;1.34915e-14;3.45667e-15;1.79562e-14;5.56537e-15;-9.990E+02;1.09717e-14;4.89544e-15;-9.990E+02;2.9142e-14;-1.24361e-11;5.34838e-14
02:53:43.857;-00:05:00.872;5.56E+20;0.8;-999/-999;30797.0;1.48252e-14;3.606e-15;1.88221e-14;5.75635e-15;-9.990E+02;6.5777e-15;3.77283e-15;-9.990E+02;9.70841e-15;5.56854e-15;-9.990E+02
02:53:37.246;-00:04:20.511;5.56E+20;0.8;-999/-999;34146.5;9.68962e-15;3.005e-15;8.59255e-15;4.06842e-15;-9.990E+02;7.87931e-15;4.19081e-15;-9.990E+02;7.75482e-15;5.02521e-15;-9.990E+02
02:54:11.194;-00:18:44.418;5.55E+20;0.531;+0.22/-0.18;18570.3;7.10002e-14;8.6784e-15;2.74671e-14;6.71568e-15;-9.990E+02;5.50719e-14;1.07749e-14;-9.990E+02;8.5139e-14;1.66576e-14;-9.990E+02
01:49:40.169;+00:17:21.226;2.81E+20;0.8;-999/-999;2313.7;1.05778e-13;2.755e-14;1.07383e-13;3.71974e-14;-9.990E+02;3.89314e-14;2.72556e-14;-9.990E+02;1.18215e-13;6.03467e-14;-9.990E+02
02:06:15.882;-00:17:29.427;2.43E+20;0.906;+0.01/-0.01;30158.1;5.38835e-12;4.70706e-14;4.40126e-12;5.90389e-14;-9.990E+02;5.16047e-12;7.84574e-14;-9.990E+02;5.54433e-12;9.68166e-14;-9.990E+02
02:05:57.076;-00:21:56.802;2.46E+20;0.8;-999/-999;27992.3;1.22259e-14;2.85747e-15;8.91283e-15;3.26939e-15;-9.990E+02;1.58787e-14;5.13858e-15;-9.990E+02;4.03244e-15;3.26235e-15;-9.990E+02
02:05:47.018;-00:19:13.623;2.44E+20;0.8;-999/-999;25065.5;8.74487e-15;2.58362e-15;6.79727e-15;3.05509e-15;-9.990E+02;7.5754e-15;3.95023e-15;-9.990E+02;7.70055e-15;4.81473e-15;-9.990E+02
02:06:20.921;-00:23:47.761;2.47E+20;0.549;+0.25/-0.19;29872.5;4.2539e-14;5.782e-15;1.83862e-14;4.35397e-15;-9.990E+02;3.17618e-14;7.36182e-15;-9.990E+02;5.05157e-14;1.17086e-14;-9.990E+02
02:06:29.047;-00:22:07.016;2.46E+20;0.8;-999/-999;31220.1;7.53964e-15;2.44926e-15;2.93126e-15;1.98997e-15;-9.990E+02;6.52748e-15;3.63659e-15;-9.990E+02;1.32637e-14;6.57533e-15;-9.990E+02
02:06:18.546;-00:24:51.692;2.47E+20;0.8;-999/-999;29472.0;7.19394e-15;2.31404e-15;2.79776e-15;-4.0465e-12;1.18845e-14;2.66855e-15;2.28788e-15;-9.990E+02;2.43954e-14;8.44954e-15;-9.990E+02
02:06:01.851;-00:11:39.105;2.40E+20;0.440;+0.26/-0.20;19063.6;4.27398e-14;6.20445e-15;1.32327e-14;3.8416e-15;-9.990E+02;3.28261e-14;7.62384e-15;-9.990E+02;5.31245e-14;1.23381e-14;-9.990E+02
02:06:28.238;-00:13:19.653;2.42E+20;0.8;-999/-999;30797.0;1.56262e-14;3.26112e-15;7.28044e-15;2.92452e-15;-9.990E+02;1.89619e-14;5.72955e-15;-9.990E+02;1.65152e-14;6.63407e-15;-9.990E+02
02:05:52.315;-00:26:07.167;2.48E+20;0.8;-999/-999;18738.6;1.67489e-14;3.67659e-15;8.3785e-15;3.37239e-15;-9.990E+02;1.24181e-14;4.99835e-15;-9.990E+02;2.83805e-14;9.34888e-15;-9.990E+02
02:06:26.045;-00:26:27.027;2.48E+20;0.8;-999/-999;23612.3;1.37259e-14;3.26808e-15;1.71792e-14;4.85586e-15;-9.990E+02;1.0184e-14;4.62718e-15;-9.990E+02;2.32699e-14;-1.29139e-11;5.12519e-14
02:05:41.381;-00:12:53.756;2.39E+20;0.523;+0.24/-0.18;18538.4;2.65308e-14;5.20211e-15;2.52377e-14;-6.92303e-12;2.33376e-14;2.28129e-14;7.09792e-15;-9.990E+02;5.47009e-14;1.3756e-14;-9.990E+02
02:06:06.074;-00:09:42.290;2.39E+20;0.8;-999/-999;17251.0;2.93855e-14;4.88628e-15;2.05086e-14;5.36871e-15;-9.990E+02;3.82076e-14;9.18112e-15;-9.990E+02;1.16577e-14;6.10075e-15;-9.990E+02
02:06:34.541;-00:26:13.145;2.48E+20;0.8;-999/-999;22736.2;2.10246e-14;4.0851e-15;1.71887e-14;4.99419e-15;-9.990E+02;1.09158e-14;4.80039e-15;-9.990E+02;2.77181e-14;9.4512e-15;-9.990E+02
02:06:09.421;-00:09:05.701;2.39E+20;0.8;-999/-999;14227.3;2.94806e-14;5.15774e-15;6.42966e-15;3.24443e-15;-9.990E+02;3.83488e-14;9.46008e-15;-9.990E+02;4.3863e-14;1.24115e-14;-9.990E+02
02:06:50.998;-00:18:14.162;2.45E+20;0.8;-999/-999;23279.1;1.99541e-14;4.0806e-15;3.87604e-15;2.43651e-15;-9.990E+02;2.87891e-14;8.01443e-15;-9.990E+02;2.63224e-14;9.45624e-15;-9.990E+02
02:06:47.968;-00:14:40.107;2.44E+20;0.8;-999/-999;27227.0;1.03617e-14;3.12754e-15;6.58568e-15;3.36416e-15;-9.990E+02;1.22358e-14;5.41655e-15;-9.990E+02;7.45822e-15;5.40115e-15;-9.990E+02
02:06:53.253;-00:20:35.665;2.46E+20;0.8;-999/-999;20861.2;1.64645e-14;3.94603e-15;1.04773e-14;-6.89834e-12;2.71933e-14;1.83278e-14;6.58756e-15;-9.990E+02;3.72333e-14;1.15243e-14;-9.990E+02
02:07:00.383;-00:17:56.987;2.45E+20;0.8;-999/-999;17843.1;4.67229e-14;6.66498e-15;1.25704e-14;4.53514e-15;-9.990E+02;7.46671e-14;1.37072e-14;-9.990E+02;4.26769e-14;1.28273e-14;-9.990E+02
02:06:59.126;-00:22:13.609;2.47E+20;0.8;-999/-999;19940.6;2.50597e-14;5.03644e-15;1.31619e-14;4.7948e-15;-9.990E+02;1.9521e-14;7.11141e-15;-9.990E+02;3.96573e-14;1.25854e-14;-9.990E+02
02:07:00.636;-00:16:37.248;2.45E+20;0.8;-999/-999;17948.6;2.2933e-14;5.03274e-15;4.45662e-15;2.88621e-15;-9.990E+02;4.63268e-14;1.15729e-14;-9.990E+02;1.00863e-14;6.53213e-15;-9.990E+02
23:42:46.783;+00:48:53.343;3.61E+20;0.8;-999/-999;3872.1;2.95048e-14;1.25944e-14;2.17025e-14;1.36194e-14;-9.990E+02;2.98877e-14;1.8756e-14;-9.990E+02;2.24972e-14;2.09002e-14;-9.990E+02
23:42:45.054;+00:47:50.481;3.61E+20;0.8;-999/-999;3733.9;4.48587e-14;1.55661e-14;6.59766e-14;2.52511e-14;-9.990E+02;2.27185e-14;1.76202e-14;-9.990E+02;3.42097e-14;-5.9291e-11;2.26266e-13
23:42:27.745;+00:54:50.664;3.68E+20;0.8;-999/-999;3773.7;4.60947e-14;1.56013e-14;4.24986e-14;2.10976e-14;-9.990E+02;2.91346e-14;1.99837e-14;-9.990E+02;4.38392e-14;3.00697e-14;-9.990E+02
01:03:22.510;-00:58:30.310;3.62E+20;0.8;-999/-999;2060.9;5.90405e-14;2.5479e-14;1.08592e-13;4.6863e-14;-9.990E+02;0;-6.44259e-11;3.29332e-13;0;-9.70021e-11;4.95854e-13
21:59:54.555;-00:21:49.390;4.35E+20;0.8;-999/-999;5526.0;1.05451e-13;1.88357e-14;5.45577e-14;1.86596e-14;-9.990E+02;1.43528e-13;3.39356e-14;-9.990E+02;7.15132e-14;3.00366e-14;-9.990E+02
21:59:45.860;-00:27:05.648;4.48E+20;0.8;-999/-999;5059.1;4.94889e-14;1.33832e-14;3.77664e-14;1.5828e-14;-9.990E+02;4.92682e-14;2.06485e-14;-9.990E+02;3.67687e-14;2.15394e-14;-9.990E+02
21:59:42.698;-00:13:30.904;4.22E+20;0.8;-999/-999;5273.8;4.58152e-14;1.35642e-14;3.45745e-14;-2.55661e-11;1.1415e-13;9.16274e-14;2.90761e-14;-9.990E+02;3.42859e-14;2.2481e-14;-9.990E+02
22:00:34.163;-00:28:21.599;4.43E+20;0.8;-999/-999;4275.0;1.23128e-13;2.17875e-14;9.37544e-14;2.7048e-14;-9.990E+02;1.2268e-13;3.53929e-14;-9.990E+02;9.15622e-14;3.52312e-14;-9.990E+02
02:41:05.314;+01:06:13.185;3.07E+20;0.811;+0.15/-0.13;17603.4;1.08744e-13;9.08952e-15;7.57977e-14;1.02523e-14;-9.990E+02;9.61705e-14;1.37605e-14;-9.990E+02;1.16304e-13;1.8757e-14;-9.990E+02
02:41:25.026;+01:10:04.253;3.07E+20;0.8;-999/-999;22080.0;2.40713e-14;4.8643e-15;2.40292e-15;2.0656e-15;-9.990E+02;2.05477e-14;7.24796e-15;-9.990E+02;5.70304e-14;1.47481e-14;-9.990E+02
02:41:00.155;+01:14:30.399;3.03E+20;0.8;-999/-999;21484.9;7.95822e-15;2.91459e-15;1.01958e-14;4.3561e-15;-9.990E+02;6.79972e-15;-7.4651e-12;1.92641e-14;8.82882e-15;5.97212e-15;-9.990E+02
02:41:22.652;+01:04:49.907;3.10E+20;0.8;-999/-999;21975.7;1.31914e-14;3.61712e-15;7.91072e-15;3.67131e-15;-9.990E+02;1.12566e-14;5.22413e-15;-9.990E+02;1.70397e-14;7.90801e-15;-9.990E+02
02:41:27.957;+01:08:20.687;3.08E+20;0.8;-999/-999;22678.1;1.34484e-14;3.61478e-15;4.39521e-15;2.78355e-15;-9.990E+02;1.56582e-14;6.17e-15;-9.990E+02;1.89634e-14;8.34434e-15;-9.990E+02
02:41:02.025;+01:14:42.025;3.03E+20;0.8;-999/-999;21663.4;2.50932e-14;4.71886e-15;8.43839e-15;3.60436e-15;-9.990E+02;2.41246e-14;7.39394e-15;-9.990E+02;4.26349e-14;1.22191e-14;-9.990E+02
02:41:08.551;+01:16:09.995;3.03E+20;0.8;-999/-999;21930.2;1.3811e-14;3.74733e-15;1.37628e-14;5.04063e-15;-9.990E+02;1.18025e-14;5.52233e-15;-9.990E+02;5.96134e-15;4.72973e-15;-9.990E+02
02:41:34.712;+01:08:25.223;3.09E+20;0.857;+0.14/-0.12;22444.3;1.41961e-13;1.04715e-14;8.08966e-14;1.08419e-14;-9.990E+02;1.67166e-13;1.84673e-14;-9.990E+02;1.48515e-13;2.14121e-14;-9.990E+02
02:41:32.807;+01:11:26.401;3.07E+20;0.8;-999/-999;21961.6;9.21715e-15;3.19654e-15;7.35807e-15;3.87503e-15;-9.990E+02;5.24729e-15;3.88741e-15;-9.990E+02;1.19182e-14;7.12611e-15;-9.990E+02
02:41:34.538;+01:11:12.419;3.08E+20;0.8;-999/-999;21456.4;1.48345e-14;3.89284e-15;1.18513e-14;-6.98886e-12;1.46899e-14;9.49888e-15;4.98442e-15;-9.990E+02;4.31609e-14;1.32065e-14;-9.990E+02
02:41:25.885;+01:01:14.999;3.10E+20;0.225;+0.26/-0.19;16124.2;7.55884e-14;1.07664e-14;2.84708e-14;6.81813e-15;-9.990E+02;2.76232e-14;8.79325e-15;-9.990E+02;1.02858e-13;2.18244e-14;-9.990E+02
02:41:21.953;+01:16:35.278;3.04E+20;0.8;-999/-999;20720.5;1.48698e-14;4.02636e-15;5.92882e-15;3.44021e-15;-9.990E+02;1.69425e-14;6.87877e-15;-9.990E+02;1.92427e-14;8.9314e-15;-9.990E+02
02:42:01.396;+01:14:05.638;3.09E+20;1.319;+0.25/-0.19;10610.6;8.73176e-14;9.25331e-15;1.34827e-13;2.13426e-14;-9.990E+02;1.29817e-13;2.32618e-14;-9.990E+02;7.5553e-14;2.06745e-14;-9.990E+02
02:41:48.522;+01:22:36.301;3.17E+20;0.672;+0.21/-0.16;10364.6;1.17569e-13;1.69675e-14;1.06652e-13;1.97512e-14;-9.990E+02;1.01116e-13;-3.9575e-11;2.59056e-13;1.81995e-13;3.88229e-14;-9.990E+02
01:48:33.809;+01:29:00.908;2.33E+20;1.179;+0.27/-0.20;4806.5;1.54369e-13;1.886e-14;2.32215e-13;3.69039e-14;-9.990E+02;1.43131e-13;3.4095e-14;-9.990E+02;1.41573e-13;4.17637e-14;-9.990E+02
01:48:31.803;+01:22:56.674;2.34E+20;0.8;-999/-999;5178.0;2.53231e-14;9.89077e-15;4.4086e-14;1.72192e-14;-9.990E+02;1.6911e-14;-2.5737e-11;5.4523e-14;1.80586e-14;-3.9267e-11;8.31859e-14
01:49:04.318;+01:24:29.684;2.36E+20;0.8;-999/-999;5164.3;4.81751e-14;1.32878e-14;1.8648e-14;1.06766e-14;-9.990E+02;4.1794e-14;1.92168e-14;-9.990E+02;8.50181e-14;3.51756e-14;-9.990E+02
01:47:56.929;+01:32:10.953;2.31E+20;0.140;+0.16/-0.13;2518.2;7.82624e-13;7.0788e-14;8.96011e-14;2.38437e-14;-9.990E+02;5.72404e-13;7.97964e-14;-9.990E+02;1.1018e-12;1.46617e-13;-9.990E+02
01:58:04.809;-00:50:00.352;2.48E+20;0.606;+0.23/-0.18;83934.6;1.70559e-14;2.22124e-15;7.53773e-15;1.74681e-15;-9.990E+02;1.41697e-14;3.0716e-15;-9.990E+02;1.98455e-14;4.40017e-15;-9.990E+02
01:58:12.778;-00:54:28.457;2.47E+20;0.8;-999/-999;83601.2;4.11491e-15;1.19786e-15;1.20061e-15;8.43617e-16;-9.990E+02;1.78068e-15;1.25121e-15;-9.990E+02;1.08514e-14;3.86772e-15;-9.990E+02
01:58:05.570;-00:54:03.484;2.48E+20;1.040;+0.13/-0.11;81985.0;3.56283e-14;2.40658e-15;3.22649e-14;3.32864e-15;-9.990E+02;4.4129e-14;4.62403e-15;-9.990E+02;3.45486e-14;5.13675e-15;-9.990E+02
01:58:26.177;-00:51:36.633;2.46E+20;0.8;-999/-999;85772.4;5.22781e-15;1.29267e-15;2.40739e-15;1.11059e-15;-9.990E+02;4.28686e-15;1.83137e-15;-9.990E+02;8.71325e-15;3.20904e-15;-9.990E+02
01:58:13.924;-00:47:38.383;2.47E+20;0.8;-999/-999;83475.7;3.59629e-15;1.11618e-15;3.70572e-15;1.54377e-15;-9.990E+02;1.09888e-15;1.0144e-15;-9.990E+02;4.18438e-15;2.47293e-15;-9.990E+02
01:58:06.368;-00:55:06.410;2.52E+20;0.8;-999/-999;83928.6;3.75808e-15;1.15906e-15;3.51697e-15;1.48287e-15;-9.990E+02;3.24978e-15;1.75345e-15;-9.990E+02;1.97924e-15;1.66903e-15;-9.990E+02
01:58:25.227;-00:48:44.824;2.47E+20;0.934;+0.25/-0.19;88254.1;1.52976e-14;1.93488e-15;1.28739e-14;2.52933e-15;-9.990E+02;1.53422e-14;3.25571e-15;-9.990E+02;1.54904e-14;4.00518e-15;-9.990E+02
01:58:23.327;-00:48:18.987;2.47E+20;0.8;-999/-999;87759.1;3.01914e-15;1.03451e-15;2.40216e-15;1.21514e-15;-9.990E+02;7.12555e-16;8.16116e-16;-9.990E+02;5.42838e-15;2.74596e-15;-9.990E+02
01:58:27.461;-00:54:12.528;2.46E+20;0.8;-999/-999;85201.7;4.0508e-15;1.1702e-15;1.09035e-15;8.19133e-16;-9.990E+02;3.23582e-15;1.72217e-15;-9.990E+02;8.63248e-15;3.47345e-15;-9.990E+02
01:58:21.480;-00:56:09.427;2.46E+20;0.8;-999/-999;86477.9;5.49451e-15;1.31988e-15;2.66933e-15;1.23727e-15;-9.990E+02;3.96173e-15;1.83632e-15;-9.990E+02;9.66643e-15;3.50738e-15;-9.990E+02
01:58:35.372;-00:52:34.024;2.46E+20;0.8;-999/-999;85301.5;5.91224e-15;1.33349e-15;9.85341e-16;7.00073e-16;-9.990E+02;6.58049e-15;2.16464e-15;-9.990E+02;1.1142e-14;3.62801e-15;-9.990E+02
01:58:07.085;-00:57:50.918;2.51E+20;0.8;-999/-999;85635.0;8.03139e-15;1.49941e-15;5.51272e-15;1.64354e-15;-9.990E+02;5.43514e-15;2.01776e-15;-9.990E+02;1.10405e-14;3.51734e-15;-9.990E+02
01:58:09.962;-00:44:40.046;2.48E+20;0.8;-999/-999;81464.4;3.58263e-15;1.14383e-15;2.78807e-15;1.29315e-15;-9.990E+02;1.03325e-15;9.44879e-16;-9.990E+02;6.29542e-15;2.91991e-15;-9.990E+02
01:57:49.299;-00:56:06.753;2.54E+20;0.8;-999/-999;85946.0;4.59461e-15;1.25543e-15;4.0328e-15;1.51176e-15;-9.990E+02;4.46433e-15;1.92935e-15;-9.990E+02;2.26639e-15;1.69871e-15;-9.990E+02
01:58:27.645;-00:56:50.875;2.46E+20;0.8;-999/-999;85433.8;3.82629e-15;1.14299e-15;2.23261e-15;1.18012e-15;-9.990E+02;3.31357e-15;1.7515e-15;-9.990E+02;5.04916e-15;2.66891e-15;-9.990E+02
01:58:06.569;-00:58:42.496;2.51E+20;0.8;-999/-999;84479.8;8.4444e-15;1.63572e-15;8.14477e-15;2.15154e-15;-9.990E+02;6.57026e-15;2.25433e-15;-9.990E+02;5.0043e-15;2.42352e-15;-9.990E+02
01:58:40.793;-00:52:54.273;2.45E+20;0.8;-999/-999;68454.9;8.21561e-15;1.63224e-15;1.91613e-15;1.02457e-15;-9.990E+02;9.95797e-15;2.74392e-15;-9.990E+02;1.30104e-14;4.18153e-15;-9.990E+02
01:58:15.925;-00:58:53.575;2.49E+20;0.8;-999/-999;83689.3;3.73515e-15;1.15787e-15;5.95054e-16;5.91713e-16;-9.990E+02;3.52621e-15;1.75285e-15;-9.990E+02;8.05656e-15;3.28079e-15;-9.990E+02
01:58:04.918;-00:58:58.088;2.51E+20;0.8;-999/-999;85435.3;6.66829e-15;1.49941e-15;4.17638e-15;1.55748e-15;-9.990E+02;8.64955e-15;2.72287e-15;-9.990E+02;3.76346e-15;2.23287e-15;-9.990E+02
01:58:03.667;-00:59:00.302;2.51E+20;0.8;-999/-999;86463.0;4.167e-15;1.26768e-15;2.43602e-15;1.25985e-15;-9.990E+02;5.40685e-15;2.27448e-15;-9.990E+02;2.7445e-15;2.00344e-15;-9.990E+02
01:58:07.565;-00:59:03.280;2.51E+20;0.8;-999/-999;84798.9;4.59365e-15;1.30858e-15;1.46472e-15;1.02222e-15;-9.990E+02;4.33538e-15;2.1295e-15;-9.990E+02;8.25074e-15;3.61912e-15;-9.990E+02
01:58:01.697;-00:43:28.803;2.48E+20;0.8;-999/-999;78402.9;6.39046e-15;1.49787e-15;3.73014e-15;1.5741e-15;-9.990E+02;1.84345e-15;1.34326e-15;-9.990E+02;1.40449e-14;4.57751e-15;-9.990E+02
01:58:39.585;-00:47:20.487;2.46E+20;0.363;+0.23/-0.17;63627.7;2.31831e-14;2.97696e-15;5.39735e-15;1.53412e-15;-9.990E+02;1.82077e-14;3.6178e-15;-9.990E+02;2.97714e-14;5.91546e-15;-9.990E+02
01:58:37.152;-00:46:23.141;2.46E+20;0.254;+0.25/-0.19;64955.2;2.11608e-14;2.9637e-15;4.90673e-15;1.43703e-15;-9.990E+02;1.37013e-14;3.26036e-15;-9.990E+02;2.84118e-14;5.82455e-15;-9.990E+02
01:57:58.985;-00:43:27.072;2.48E+20;1.188;+0.18/-0.15;75962.4;2.24562e-14;1.97562e-15;2.54436e-14;3.4828e-15;-9.990E+02;3.28199e-14;4.65834e-15;-9.990E+02;2.05417e-14;4.23907e-15;-9.990E+02
01:57:59.277;-00:43:03.087;2.48E+20;0.8;-999/-999;73025.5;1.11401e-14;1.90638e-15;9.75704e-15;2.50425e-15;-9.990E+02;7.23241e-15;2.53629e-15;-9.990E+02;1.10183e-14;3.86395e-15;-9.990E+02
01:57:48.564;-00:58:12.169;2.54E+20;0.8;-999/-999;85472.4;5.81729e-15;1.3646e-15;1.91552e-15;1.04402e-15;-9.990E+02;5.65646e-15;2.1982e-15;-9.990E+02;1.00447e-14;3.61609e-15;-9.990E+02
01:57:57.864;-00:43:03.461;2.48E+20;0.8;-999/-999;72932.9;8.70399e-15;1.77021e-15;7.62008e-15;2.18848e-15;-9.990E+02;9.88712e-15;2.97356e-15;-9.990E+02;2.15143e-15;1.68829e-15;-9.990E+02
01:58:00.879;-01:00:01.303;2.51E+20;0.8;-999/-999;85056.5;9.83204e-15;1.77203e-15;6.63152e-16;6.04344e-16;-9.990E+02;1.56972e-14;3.5751e-15;-9.990E+02;1.34478e-14;3.88948e-15;-9.990E+02
01:57:33.809;-00:48:22.628;2.58E+20;1.267;+0.17/-0.14;81730.2;2.29581e-14;1.91028e-15;3.50759e-14;4.09088e-15;-9.990E+02;2.93143e-14;4.26186e-15;-9.990E+02;2.02563e-14;4.04985e-15;-9.990E+02
01:57:33.375;-00:47:54.285;2.58E+20;0.8;-999/-999;81027.2;5.94974e-15;1.50315e-15;1.74444e-15;1.08051e-15;-9.990E+02;1.28438e-14;3.5162e-15;-9.990E+02;3.83336e-15;-5.91943e-12;2.58699e-14
01:58:32.319;-00:42:37.922;2.46E+20;0.508;+0.09/-0.08;35045.2;1.19031e-13;6.28445e-15;4.18339e-14;4.33119e-15;-9.990E+02;9.56661e-14;8.20718e-15;-9.990E+02;1.44237e-13;1.26526e-14;-9.990E+02
01:58:51.341;-00:53:10.573;2.45E+20;0.8;-999/-999;41408.5;1.99813e-14;2.58438e-15;1.49759e-14;2.90525e-15;-9.990E+02;2.22411e-14;4.31465e-15;-9.990E+02;1.13033e-14;4.01944e-15;-9.990E+02
01:58:22.581;-00:41:20.586;2.47E+20;0.389;+0.14/-0.12;37665.1;5.56194e-14;4.76476e-15;1.65361e-14;2.74911e-15;-9.990E+02;3.9527e-14;5.45866e-15;-9.990E+02;7.0806e-14;9.3616e-15;-9.990E+02
01:58:51.324;-00:49:10.993;2.45E+20;1.172;+0.24/-0.18;32525.9;1.93375e-14;2.1019e-15;1.86805e-14;3.31567e-15;-9.990E+02;3.14243e-14;4.93386e-15;-9.990E+02;1.7771e-14;4.64926e-15;-9.990E+02
01:58:01.448;-00:41:10.300;2.48E+20;0.901;+0.16/-0.14;55214.9;3.34739e-14;2.99208e-15;2.95622e-14;3.95297e-15;-9.990E+02;2.84048e-14;4.61205e-15;-9.990E+02;3.44942e-14;6.08167e-15;-9.990E+02
01:57:48.260;-00:42:42.244;2.49E+20;0.8;-999/-999;64420.5;1.13676e-14;2.0433e-15;6.64036e-15;2.14821e-15;-9.990E+02;9.83548e-15;3.18186e-15;-9.990E+02;1.49822e-14;4.84686e-15;-9.990E+02
01:57:43.522;-00:59:56.770;2.54E+20;0.8;-999/-999;86526.1;4.01465e-15;1.28272e-15;3.91539e-15;1.67902e-15;-9.990E+02;1.15606e-15;1.11856e-15;-9.990E+02;5.28249e-15;2.94555e-15;-9.990E+02
01:57:39.885;-00:59:12.987;2.55E+20;0.8;-999/-999;86517.5;3.74856e-15;1.25589e-15;5.06479e-16;6.27823e-16;-9.990E+02;7.47204e-16;9.26222e-16;-9.990E+02;1.25114e-14;4.57371e-15;-9.990E+02
01:57:25.366;-00:51:11.064;2.58E+20;-0.190;+0.17/-0.14;75101.8;5.16692e-14;4.93206e-15;2.99831e-15;1.07875e-15;-9.990E+02;2.88695e-14;4.8751e-15;-9.990E+02;8.34233e-14;1.05669e-14;-9.990E+02
01:58:10.876;-01:03:22.989;2.49E+20;0.558;+0.13/-0.11;50822.7;6.29242e-14;4.76325e-15;3.12992e-14;3.94928e-15;-9.990E+02;4.14054e-14;5.67207e-15;-9.990E+02;7.45004e-14;9.48135e-15;-9.990E+02
01:57:55.397;-01:03:21.499;2.51E+20;0.8;-999/-999;66614.9;1.27e-14;2.18096e-15;8.10174e-15;2.3906e-15;-9.990E+02;1.34835e-14;3.77313e-15;-9.990E+02;1.14067e-14;4.30848e-15;-9.990E+02
01:57:16.807;-00:53:02.904;2.59E+20;-0.681;+0.17/-0.14;50971.4;8.41606e-14;7.25522e-15;3.77797e-15;1.24043e-15;-9.990E+02;2.70519e-14;5.09529e-15;-9.990E+02;1.65954e-13;1.70199e-14;-9.990E+02
01:57:26.276;-01:00:45.738;2.56E+20;0.528;+0.17/-0.14;37547.0;5.31479e-14;5.0409e-15;1.79242e-14;3.302e-15;-9.990E+02;4.5726e-14;6.81732e-15;-9.990E+02;6.37909e-14;1.03725e-14;-9.990E+02
01:57:22.722;-00:42:49.534;2.51E+20;1.448;+0.13/-0.10;22359.6;6.83009e-14;3.72998e-15;1.23115e-13;9.66462e-15;-9.990E+02;1.26257e-13;1.10134e-14;-9.990E+02;5.57762e-14;8.39286e-15;-9.990E+02
01:57:27.365;-00:40:38.694;2.51E+20;0.640;+0.05/-0.04;11511.8;5.13018e-13;1.53301e-14;3.22775e-13;1.46996e-14;-9.990E+02;3.12296e-13;1.80292e-14;-9.990E+02;5.86911e-13;3.05519e-14;-9.990E+02
01:21:28.354;-00:39:14.200;3.87E+20;1.096;+0.21/-0.17;10257.5;1.19638e-13;1.20736e-14;5.25147e-14;1.3009e-14;-9.990E+02;2.36118e-13;3.08194e-14;-9.990E+02;1.13788e-13;2.5088e-14;-9.990E+02
01:21:53.205;-00:32:01.370;3.77E+20;0.8;-999/-999;10348.9;1.95438e-14;6.54304e-15;9.04436e-15;6.0559e-15;-9.990E+02;1.84972e-14;1.02124e-14;-9.990E+02;2.78071e-14;1.53525e-14;-9.990E+02
01:22:06.498;-00:40:06.795;3.93E+20;0.8;-999/-999;8111.4;2.62225e-14;8.00688e-15;2.44184e-14;1.05891e-14;-9.990E+02;2.19812e-14;1.16955e-14;-9.990E+02;1.64954e-14;1.23499e-14;-9.990E+02
01:21:42.629;-00:45:36.790;4.00E+20;0.8;-999/-999;10338.7;2.25697e-14;7.3083e-15;2.10852e-14;-1.3647e-11;3.49009e-14;7.08722e-15;6.42493e-15;-9.990E+02;7.43886e-14;2.58093e-14;-9.990E+02
01:22:03.130;-00:44:47.741;4.05E+20;0.538;+0.21/-0.16;7619.8;2.01052e-13;2.25706e-14;5.86039e-14;1.45612e-14;-9.990E+02;1.8732e-13;3.18521e-14;-9.990E+02;2.40329e-13;4.63718e-14;-9.990E+02
01:21:12.489;-00:30:33.414;3.66E+20;0.8;-999/-999;10441.2;2.22532e-14;7.37048e-15;1.53759e-14;8.28075e-15;-9.990E+02;1.40707e-14;9.32074e-15;-9.990E+02;3.17681e-14;1.71088e-14;-9.990E+02
01:22:06.925;-00:30:40.158;3.77E+20;0.860;+0.16/-0.13;4154.5;3.04176e-13;2.57203e-14;1.99816e-13;2.9707e-14;-9.990E+02;3.2115e-13;4.21127e-14;-9.990E+02;3.18239e-13;5.21798e-14;-9.990E+02
01:21:58.601;-00:47:37.042;4.07E+20;0.8;-999/-999;6118.4;5.86113e-14;1.26386e-14;1.56967e-14;9.11377e-15;-9.990E+02;6.3006e-14;2.12145e-14;-9.990E+02;9.44268e-14;3.17941e-14;-9.990E+02
01:21:20.101;-00:48:17.870;3.96E+20;0.8;-999/-999;10670.4;2.19832e-14;7.72848e-15;2.73459e-14;1.17288e-14;-9.990E+02;9.21011e-15;8.03007e-15;-9.990E+02;1.38186e-14;1.20481e-14;-9.990E+02
21:55:32.129;-01:10:45.088;7.36E+20;0.8;-999/-999;5051.7;3.93362e-14;1.35751e-14;2.81573e-14;1.69113e-14;-9.990E+02;3.11072e-14;1.86831e-14;-9.990E+02;4.50704e-14;2.70694e-14;-9.990E+02
21:56:13.694;-00:59:25.543;7.00E+20;0.8;-999/-999;4950.4;2.17184e-13;2.97084e-14;2.53638e-13;4.76295e-14;-9.990E+02;2.32255e-13;4.72566e-14;-9.990E+02;2.51072e-13;-1.02946e-10;1.71504e-13
21:56:05.069;-01:14:45.955;7.17E+20;0.8;-999/-999;4089.0;4.40738e-14;1.53929e-14;5.6377e-14;2.50884e-14;-9.990E+02;4.19314e-14;2.36976e-14;-9.990E+02;5.07483e-14;-5.31137e-11;2.01062e-13
03:49:00.529;-00:54:46.304;9.74E+20;0.721;+0.20/-0.16;51819.5;4.67133e-14;4.93388e-15;2.67544e-14;5.58942e-15;-9.990E+02;3.96728e-14;6.73353e-15;-9.990E+02;5.19341e-14;9.12363e-15;-9.990E+02
03:48:57.068;-00:54:39.309;9.73E+20;0.8;-999/-999;52864.8;5.31114e-15;1.84008e-15;7.83382e-15;3.51416e-15;-9.990E+02;4.72157e-15;-4.23247e-12;1.00863e-14;6.48217e-15;3.75857e-15;-9.990E+02
03:48:49.829;-00:54:07.136;9.70E+20;0.8;-999/-999;50870.0;6.75326e-15;2.00592e-15;5.78962e-15;2.77027e-15;-9.990E+02;5.6555e-15;2.70609e-15;-9.990E+02;5.99704e-15;3.31498e-15;-9.990E+02
03:48:46.808;-00:54:28.109;9.67E+20;0.8;-999/-999;48414.5;2.14158e-14;3.341e-15;9.75582e-15;3.60611e-15;-9.990E+02;2.38607e-14;5.45332e-15;-9.990E+02;2.25112e-14;6.3563e-15;-9.990E+02
03:49:19.793;-00:55:30.497;9.80E+20;0.8;-999/-999;54084.3;4.5138e-15;1.6755e-15;3.20476e-15;2.21411e-15;-9.990E+02;1.03838e-15;1.22069e-15;-9.990E+02;8.80364e-15;4.26726e-15;-9.990E+02
03:49:20.646;-00:55:04.075;9.81E+20;0.8;-999/-999;53957.1;8.51692e-15;2.17867e-15;1.18609e-15;1.25752e-15;-9.990E+02;1.03694e-14;3.75843e-15;-9.990E+02;1.14025e-14;4.42642e-15;-9.990E+02
03:49:09.419;-00:50:43.551;9.80E+20;0.8;-999/-999;43459.8;1.35615e-14;2.6808e-15;7.40811e-15;3.09808e-15;-9.990E+02;1.43962e-14;4.35162e-15;-9.990E+02;1.35705e-14;4.92209e-15;-9.990E+02
03:48:57.274;-01:01:51.098;9.66E+20;0.8;-999/-999;51871.9;1.19863e-14;2.67216e-15;4.23019e-15;2.46577e-15;-9.990E+02;1.10402e-14;3.94045e-15;-9.990E+02;1.75871e-14;5.9259e-15;-9.990E+02
03:49:29.262;-00:58:02.562;9.83E+20;0.8;-999/-999;47649.3;7.05681e-15;2.01192e-15;5.01405e-15;2.76011e-15;-9.990E+02;6.493e-15;2.92224e-15;-9.990E+02;6.87538e-15;3.78473e-15;-9.990E+02
03:48:34.819;-00:57:38.690;9.55E+20;0.8;-999/-999;49242.8;1.05512e-14;2.4987e-15;8.73046e-15;3.51405e-15;-9.990E+02;8.59317e-15;3.45879e-15;-9.990E+02;1.01452e-14;4.24757e-15;-9.990E+02
03:48:32.301;-00:53:58.534;9.56E+20;0.8;-999/-999;49271.4;2.69758e-14;3.83226e-15;2.56449e-14;5.73924e-15;-9.990E+02;2.18662e-14;5.4041e-15;-9.990E+02;2.14506e-14;6.26255e-15;-9.990E+02
03:49:18.779;-01:02:36.013;9.71E+20;0.8;-999/-999;52450.9;9.97682e-15;2.508e-15;4.70866e-15;2.66193e-15;-9.990E+02;6.89204e-15;3.1765e-15;-9.990E+02;1.62538e-14;5.8991e-15;-9.990E+02
03:48:47.693;-00:47:35.155;9.75E+20;0.553;+0.27/-0.20;29081.4;3.70884e-14;5.06194e-15;1.86342e-14;5.009e-15;-9.990E+02;2.48861e-14;5.86085e-15;-9.990E+02;4.41113e-14;9.4094e-15;-9.990E+02
03:48:27.746;-00:54:55.210;9.52E+20;0.8;-999/-999;48966.8;1.00748e-14;2.49705e-15;4.28692e-15;2.51369e-15;-9.990E+02;6.34281e-15;3.16948e-15;-9.990E+02;1.79753e-14;6.12607e-15;-9.990E+02
03:49:34.243;-00:50:58.558;9.94E+20;0.941;+0.11/-0.10;12364.1;1.52749e-13;8.97626e-15;9.83522e-14;1.21222e-14;-9.990E+02;1.80334e-13;1.54293e-14;-9.990E+02;1.54709e-13;1.69493e-14;-9.990E+02
03:48:30.609;-00:50:34.366;9.58E+20;0.8;-999/-999;38083.1;2.01207e-14;3.5007e-15;5.55867e-15;2.73826e-15;-9.990E+02;1.36557e-14;4.40195e-15;-9.990E+02;3.86822e-14;8.66443e-15;-9.990E+02
03:48:56.026;-01:04:37.966;9.63E+20;0.550;+0.20/-0.16;51895.0;5.42072e-14;5.64253e-15;2.97461e-14;5.70752e-15;-9.990E+02;3.34488e-14;6.44541e-15;-9.990E+02;6.45385e-14;1.08974e-14;-9.990E+02
03:48:26.505;-00:52:46.330;9.53E+20;0.946;+0.12/-0.11;43375.4;1.01716e-13;6.44914e-15;7.74173e-14;9.19661e-15;-9.990E+02;1.10715e-13;1.06005e-14;-9.990E+02;1.02646e-13;1.22369e-14;-9.990E+02
03:48:57.649;-01:04:41.895;9.63E+20;0.8;-999/-999;49832.4;7.40157e-15;2.16957e-15;2.48664e-15;1.97652e-15;-9.990E+02;4.87762e-15;2.75039e-15;-9.990E+02;1.38009e-14;5.31014e-15;-9.990E+02
03:48:49.258;-01:04:35.589;9.62E+20;0.844;+0.26/-0.20;47440.8;3.307e-14;4.20862e-15;2.96917e-14;6.29499e-15;-9.990E+02;2.48385e-14;5.59249e-15;-9.990E+02;3.48786e-14;7.85307e-15;-9.990E+02
03:48:24.542;-00:57:09.908;9.48E+20;0.8;-999/-999;42487.7;1.45288e-14;2.99358e-15;9.70295e-15;3.62811e-15;-9.990E+02;4.79232e-15;2.56013e-15;-9.990E+02;2.71705e-14;7.25818e-15;-9.990E+02
03:48:48.243;-01:05:10.288;9.61E+20;0.8;-999/-999;46868.8;1.68655e-14;3.16958e-15;9.90357e-15;3.72314e-15;-9.990E+02;1.94367e-14;5.11491e-15;-9.990E+02;1.37625e-14;5.17389e-15;-9.990E+02
03:48:42.313;-01:05:43.652;9.56E+20;0.8;-999/-999;45383.2;1.54157e-14;3.3324e-15;1.3553e-14;4.83674e-15;-9.990E+02;1.77767e-14;5.4925e-15;-9.990E+02;6.29523e-15;3.78585e-15;-9.990E+02
03:49:24.382;-01:05:56.715;9.69E+20;0.638;+0.23/-0.18;39536.3;4.61989e-14;5.5572e-15;3.89978e-15;2.30684e-15;-9.990E+02;5.66722e-14;8.83386e-15;-9.990E+02;5.30717e-14;1.03794e-14;-9.990E+02
03:48:57.492;-01:07:24.772;9.59E+20;0.8;-999/-999;41493.8;2.16095e-14;3.83502e-15;9.51566e-15;3.81957e-15;-9.990E+02;1.55757e-14;4.82535e-15;-9.990E+02;3.5301e-14;8.72994e-15;-9.990E+02
03:49:05.950;-01:07:37.604;9.60E+20;0.920;+0.21/-0.17;37497.7;4.86531e-14;5.20846e-15;5.21582e-14;8.73762e-15;-9.990E+02;3.5976e-14;6.94835e-15;-9.990E+02;4.97774e-14;9.61394e-15;-9.990E+02
03:48:19.477;-01:02:48.053;9.40E+20;0.8;-999/-999;35665.1;3.1706e-14;4.814e-15;2.95593e-14;6.97787e-15;-9.990E+02;2.5654e-14;6.67534e-15;-9.990E+02;2.60025e-14;7.72016e-15;-9.990E+02
03:49:17.718;-01:08:38.211;9.61E+20;1.957;+0.27/-0.20;17310.5;3.10834e-14;2.9029e-15;8.62219e-14;1.47367e-14;-9.990E+02;1.14762e-13;1.38402e-14;-9.990E+02;2.05086e-14;5.9338e-15;-9.990E+02
03:48:57.950;-01:09:37.627;9.56E+20;0.690;+0.16/-0.14;28324.0;9.38266e-14;8.41253e-15;7.13777e-14;1.05988e-14;-9.990E+02;5.68462e-14;9.80763e-15;-9.990E+02;1.05706e-13;1.56962e-14;-9.990E+02
03:53:52.313;-00:03:46.696;1.14E+21;0.8;-999/-999;85086.5;4.50614e-15;1.406e-15;8.73048e-16;9.72725e-16;-9.990E+02;2.35267e-15;1.53781e-15;-9.990E+02;9.81978e-15;3.6461e-15;-9.990E+02
03:54:02.601;-00:05:14.428;1.15E+21;0.8;-999/-999;80988.8;8.07824e-15;1.7395e-15;3.22498e-15;1.79918e-15;-9.990E+02;7.68628e-15;2.60901e-15;-9.990E+02;1.06788e-14;3.62478e-15;-9.990E+02
03:53:46.635;-00:01:51.536;1.14E+21;0.8;-999/-999;85303.7;6.23847e-15;1.56222e-15;8.73048e-16;9.44309e-16;-9.990E+02;7.84222e-15;2.72141e-15;-9.990E+02;7.63518e-15;3.14582e-15;-9.990E+02
03:53:44.150;-00:00:45.973;1.14E+21;0.8;-999/-999;84557.3;5.06159e-15;1.47543e-15;2.25017e-15;1.59789e-15;-9.990E+02;3.36897e-15;1.83587e-15;-9.990E+02;8.43256e-15;3.43528e-15;-9.990E+02
03:53:59.294;-00:08:44.752;1.15E+21;0.8;-999/-999;80172.0;1.19399e-14;2.0874e-15;1.33212e-14;3.51832e-15;-9.990E+02;1.03165e-14;2.95656e-15;-9.990E+02;6.61485e-15;2.7967e-15;-9.990E+02
03:54:05.422;+00:00:14.914;1.16E+21;0.8;-999/-999;83332.8;1.07346e-14;1.91752e-15;9.98962e-15;3.07342e-15;-9.990E+02;8.08102e-15;2.50657e-15;-9.990E+02;1.0096e-14;3.16265e-15;-9.990E+02
03:53:56.241;-00:10:42.078;1.15E+21;0.8;-999/-999;79576.4;7.2224e-15;1.70471e-15;2.28251e-15;1.57005e-15;-9.990E+02;8.162e-15;2.75212e-15;-9.990E+02;8.5048e-15;3.36478e-15;-9.990E+02
03:53:33.657;-00:00:01.118;1.13E+21;0.8;-999/-999;86777.1;1.0623e-14;1.90531e-15;6.66196e-15;2.33712e-15;-9.990E+02;1.203e-14;2.8763e-15;-9.990E+02;8.3711e-15;2.93671e-15;-9.990E+02
03:54:17.420;-00:03:00.546;1.16E+21;0.615;+0.23/-0.18;75319.0;2.48619e-14;2.92035e-15;2.80435e-15;1.40802e-15;-9.990E+02;2.81419e-14;4.48627e-15;-9.990E+02;2.88481e-14;5.36503e-15;-9.990E+02
03:53:29.598;-00:01:08.434;1.13E+21;0.509;+0.24/-0.19;83094.3;2.69926e-14;3.2768e-15;6.19469e-15;2.25766e-15;-9.990E+02;2.41435e-14;4.40209e-15;-9.990E+02;3.27376e-14;6.44787e-15;-9.990E+02
03:53:25.444;-00:05:58.169;1.12E+21;0.8;-999/-999;86200.3;1.428e-14;2.24692e-15;1.11537e-14;3.25108e-15;-9.990E+02;1.21377e-14;3.21699e-15;-9.990E+02;1.40972e-14;4.10905e-15;-9.990E+02
03:53:45.932;-00:11:12.702;1.13E+21;0.8;-999/-999;83203.3;5.27251e-15;1.50693e-15;2.836e-15;1.7448e-15;-9.990E+02;5.11873e-15;2.23106e-15;-9.990E+02;5.93567e-15;2.85043e-15;-9.990E+02
03:53:51.801;-00:11:15.751;1.14E+21;0.8;-999/-999;79519.2;7.4622e-15;1.70108e-15;5.52596e-15;2.34197e-15;-9.990E+02;4.96373e-15;2.10369e-15;-9.990E+02;9.66685e-15;3.46095e-15;-9.990E+02
03:54:20.607;-00:04:36.673;1.17E+21;0.8;-999/-999;70425.2;7.65098e-15;1.92148e-15;2.99919e-15;1.8928e-15;-9.990E+02;7.9683e-15;2.88979e-15;-9.990E+02;9.20684e-15;3.68656e-15;-9.990E+02
03:53:35.334;+00:01:37.327;1.13E+21;0.8;-999/-999;83563.8;8.5254e-15;1.90531e-15;5.83628e-15;2.53963e-15;-9.990E+02;5.26778e-15;2.29225e-15;-9.990E+02;1.22154e-14;4.12985e-15;-9.990E+02
03:53:35.126;-00:10:46.403;1.12E+21;0.8;-999/-999;84730.5;6.31212e-15;1.64198e-15;7.88795e-16;9.30053e-16;-9.990E+02;3.57783e-15;1.91076e-15;-9.990E+02;1.39607e-14;4.49505e-15;-9.990E+02
03:54:22.419;-00:04:19.071;1.17E+21;0.8;-999/-999;64569.5;8.55233e-15;1.92148e-15;1.67606e-15;1.37698e-15;-9.990E+02;1.03879e-14;3.25116e-15;-9.990E+02;1.02887e-14;3.7565e-15;-9.990E+02
03:54:02.586;+00:02:50.872;1.15E+21;0.8;-999/-999;81957.9;1.29732e-14;2.0874e-15;1.26132e-15;1.0555e-15;-9.990E+02;1.12758e-14;2.88304e-15;-9.990E+02;2.35043e-14;5.09796e-15;-9.990E+02
03:54:12.945;-00:10:10.636;1.17E+21;0.8;-999/-999;68868.8;1.07708e-14;2.27084e-15;1.37209e-14;4.14653e-15;-9.990E+02;6.07671e-15;2.60408e-15;-9.990E+02;8.42549e-15;3.61061e-15;-9.990E+02
03:54:11.986;-00:10:31.707;1.17E+21;0.8;-999/-999;66673.1;8.70605e-15;2.09616e-15;3.4122e-15;2.06948e-15;-9.990E+02;6.04519e-15;2.60093e-15;-9.990E+02;1.46599e-14;4.9176e-15;-9.990E+02
03:53:27.029;-00:09:35.714;1.11E+21;0.8;-999/-999;80682.2;5.71911e-15;1.62122e-15;2.19075e-15;-4.0324e-12;7.82778e-15;6.48825e-15;2.57495e-15;-9.990E+02;9.05086e-15;3.59196e-15;-9.990E+02
03:53:33.653;-00:11:17.403;1.12E+21;0.8;-999/-999;78485.4;5.72446e-15;1.6247e-15;1.10025e-15;1.10198e-15;-9.990E+02;2.99367e-15;1.73602e-15;-9.990E+02;1.25139e-14;4.03261e-15;-9.990E+02
03:54:16.990;-00:09:59.321;1.17E+21;0.8;-999/-999;64226.3;1.83589e-14;2.79488e-15;1.06278e-14;3.39084e-15;-9.990E+02;2.25926e-14;4.80384e-15;-9.990E+02;1.3048e-14;4.16302e-15;-9.990E+02
03:54:17.172;-00:09:39.862;1.17E+21;0.8;-999/-999;66736.5;9.84496e-15;2.27084e-15;1.13977e-14;3.81853e-15;-9.990E+02;6.05701e-15;2.6297e-15;-9.990E+02;8.39817e-15;3.64613e-15;-9.990E+02
03:54:22.376;-00:08:15.940;1.17E+21;0.8;-999/-999;60132.4;1.71763e-14;2.6202e-15;1.16737e-14;3.47851e-15;-9.990E+02;5.16639e-15;2.17769e-15;-9.990E+02;3.22321e-14;6.46938e-15;-9.990E+02
03:53:48.534;+00:04:11.376;1.14E+21;0.8;-999/-999;76610.3;6.83905e-15;1.7358e-15;1.56554e-15;1.31154e-15;-9.990E+02;4.22152e-15;2.05421e-15;-9.990E+02;1.3692e-14;4.20099e-15;-9.990E+02
03:54:18.737;-00:09:37.291;1.17E+21;0.8;-999/-999;63443.9;1.29508e-14;2.44552e-15;7.61481e-15;2.96893e-15;-9.990E+02;6.74271e-15;2.62891e-15;-9.990E+02;2.18123e-14;5.39952e-15;-9.990E+02
03:53:50.522;+00:04:23.571;1.14E+21;0.8;-999/-999;74642.1;6.15515e-15;1.71844e-15;1.40947e-15;1.33165e-15;-9.990E+02;5.0619e-15;2.42217e-15;-9.990E+02;1.05625e-14;4.11742e-15;-9.990E+02
03:54:17.915;-00:10:31.080;1.17E+21;0.8;-999/-999;58166.4;1.61265e-14;2.6202e-15;1.23234e-14;3.7135e-15;-9.990E+02;1.45494e-14;3.6945e-15;-9.990E+02;1.51298e-14;4.55916e-15;-9.990E+02
03:53:46.864;+00:04:32.747;1.14E+21;0.8;-999/-999;73537.1;1.74448e-14;2.6037e-15;8.44195e-15;2.84167e-15;-9.990E+02;1.97214e-14;4.20582e-15;-9.990E+02;1.6876e-14;4.68105e-15;-9.990E+02
03:53:27.442;-00:11:23.870;1.11E+21;0.8;-999/-999;73372.5;7.83359e-15;1.89717e-15;1.30019e-15;1.21045e-15;-9.990E+02;1.18495e-15;1.10316e-15;-9.990E+02;2.14862e-14;5.62813e-15;-9.990E+02
03:54:17.927;-00:11:01.928;1.18E+21;0.765;+0.12/-0.10;56400.7;8.30732e-14;5.18984e-15;2.50719e-14;4.63622e-15;-9.990E+02;9.62696e-14;8.28219e-15;-9.990E+02;9.05579e-14;9.77276e-15;-9.990E+02
03:53:25.606;+00:02:22.523;1.12E+21;0.8;-999/-999;76960.9;2.4163e-14;2.93828e-15;2.60484e-14;4.89433e-15;-9.990E+02;2.57759e-14;4.43898e-15;-9.990E+02;7.48539e-15;2.87295e-15;-9.990E+02
03:53:41.551;-00:13:53.952;1.14E+21;0.8;-999/-999;76004.6;6.93626e-15;1.7358e-15;7.48452e-15;2.78221e-15;-9.990E+02;2.24192e-15;1.42786e-15;-9.990E+02;9.35009e-15;3.4757e-15;-9.990E+02
03:53:27.156;-00:12:26.813;1.12E+21;0.8;-999/-999;70595.2;1.04205e-14;2.07408e-15;4.59627e-15;2.18884e-15;-9.990E+02;1.25059e-14;3.39564e-15;-9.990E+02;9.68023e-15;3.53085e-15;-9.990E+02
03:53:29.525;+00:04:21.360;1.13E+21;0.8;-999/-999;56512.9;1.59336e-14;2.59815e-15;9.99511e-15;3.25927e-15;-9.990E+02;1.57877e-14;4.01262e-15;-9.990E+02;1.56992e-14;4.46786e-15;-9.990E+02
03:53:56.884;-00:15:17.086;1.16E+21;1.113;+0.23/-0.19;47859.8;2.4045e-14;2.64537e-15;2.64662e-14;5.08835e-15;-9.990E+02;2.79035e-14;4.77918e-15;-9.990E+02;2.27036e-14;4.91154e-15;-9.990E+02
03:54:25.973;+00:02:11.829;1.17E+21;1.406;+0.22/-0.18;29156.0;2.55087e-14;2.49872e-15;2.48508e-14;5.37128e-15;-9.990E+02;5.2729e-14;6.58271e-15;-9.990E+02;2.13471e-14;4.61399e-15;-9.990E+02
03:54:13.506;-00:14:23.417;1.17E+21;0.413;+0.22/-0.18;33931.5;3.66327e-14;4.3148e-15;1.21097e-14;3.43245e-15;-9.990E+02;2.49711e-14;4.80011e-15;-9.990E+02;4.62094e-14;7.86224e-15;-9.990E+02
03:53:48.878;-00:15:57.180;1.15E+21;0.175;+0.19/-0.15;39357.1;5.36869e-14;5.43007e-15;7.73414e-15;2.5934e-15;-9.990E+02;3.54243e-14;5.69077e-15;-9.990E+02;7.46293e-14;1.0621e-14;-9.990E+02
03:53:22.749;+00:04:13.914;1.12E+21;0.8;-999/-999;56218.8;1.41677e-14;2.41976e-15;3.37247e-15;-6.0434e-12;1.80179e-14;7.40875e-15;2.61206e-15;-9.990E+02;3.44295e-14;6.91757e-15;-9.990E+02
03:53:18.771;-00:13:05.345;1.11E+21;0.8;-999/-999;62616.0;1.72642e-14;2.75952e-15;2.26117e-15;1.61322e-15;-9.990E+02;8.24141e-15;2.99446e-15;-9.990E+02;4.0243e-14;7.59333e-15;-9.990E+02
03:53:17.620;+00:04:23.918;1.12E+21;2.167;+0.12/-0.10;40615.4;6.45633e-14;2.53373e-15;5.08625e-13;2.55553e-14;-9.990E+02;1.43726e-13;1.00707e-14;-9.990E+02;3.91433e-14;5.31956e-15;-9.990E+02
03:53:07.696;-00:10:08.148;1.10E+21;0.8;-999/-999;56232.8;1.55311e-14;2.75344e-15;1.05038e-14;3.41448e-15;-9.990E+02;9.61931e-15;3.12696e-15;-9.990E+02;2.23887e-14;5.67632e-15;-9.990E+02
03:53:02.070;-00:05:18.486;1.10E+21;0.8;-999/-999;54869.4;1.49013e-14;2.58135e-15;4.10634e-15;2.08923e-15;-9.990E+02;1.12805e-14;3.39432e-15;-9.990E+02;2.6253e-14;6.03109e-15;-9.990E+02
03:53:01.291;-00:03:02.730;1.10E+21;0.8;-999/-999;56801.9;1.52317e-14;2.58135e-15;3.43454e-15;1.98467e-15;-9.990E+02;6.2891e-15;2.55043e-15;-9.990E+02;3.51331e-14;6.95895e-15;-9.990E+02
03:53:14.187;+00:04:41.165;1.12E+21;0.490;+0.18/-0.15;33371.3;5.1889e-14;5.16e-15;2.81153e-14;5.13856e-15;-9.990E+02;2.87518e-14;5.25489e-15;-9.990E+02;6.34457e-14;9.56394e-15;-9.990E+02
03:53:04.747;-00:10:29.424;1.10E+21;0.732;+0.27/-0.20;41090.6;2.66495e-14;3.594e-15;1.3284e-14;3.80004e-15;-9.990E+02;2.49631e-14;5.00047e-15;-9.990E+02;2.94198e-14;6.73278e-15;-9.990E+02
03:52:58.708;-00:03:12.482;1.09E+21;0.8;-999/-999;48028.7;1.50461e-14;2.74752e-15;9.29532e-15;3.394e-15;-9.990E+02;1.42542e-14;4.08379e-15;-9.990E+02;1.59405e-14;5.03754e-15;-9.990E+02
03:52:55.541;-00:01:00.205;1.10E+21;0.797;+0.09/-0.08;34665.7;1.84673e-13;8.96636e-15;1.18803e-13;1.10872e-14;-9.990E+02;1.67487e-13;1.28743e-14;-9.990E+02;1.98941e-13;1.65675e-14;-9.990E+02
02:36:35.196;+00:54:10.310;2.29E+20;0.309;+0.18/-0.15;3265.9;7.07298e-13;7.6444e-14;3.25743e-13;5.39597e-14;-9.990E+02;2.25681e-13;5.89352e-14;-9.990E+02;9.3137e-13;1.54283e-13;-9.990E+02
02:36:51.179;+00:50:51.345;2.38E+20;0.8;-999/-999;7915.2;1.60386e-13;3.25656e-14;1.1654e-13;3.6512e-14;-9.990E+02;1.04332e-13;4.23684e-14;-9.990E+02;2.12095e-13;7.38215e-14;-9.990E+02
22:19:05.545;-01:00:43.016;4.98E+20;0.8;-999/-999;6591.6;3.09727e-14;1.01913e-14;1.50899e-14;9.92565e-15;-9.990E+02;3.81993e-14;1.77523e-14;-9.990E+02;2.83576e-14;1.86528e-14;-9.990E+02
22:19:06.821;-01:06:08.691;5.00E+20;0.8;-999/-999;6493.0;2.50208e-14;9.31077e-15;4.8777e-14;1.81509e-14;-9.990E+02;3.08394e-14;-2.29246e-11;4.52738e-14;2.2887e-14;-3.40304e-11;6.72065e-14
22:19:30.706;-00:58:15.699;4.92E+20;0.8;-999/-999;4418.1;8.25811e-14;1.62184e-14;7.12999e-14;2.04819e-14;-9.990E+02;9.05722e-14;2.60181e-14;-9.990E+02;3.36422e-14;1.99215e-14;-9.990E+02
22:19:02.123;-01:11:27.713;5.01E+20;0.8;-999/-999;6870.3;2.76609e-14;1.00531e-14;5.39447e-14;1.96058e-14;-9.990E+02;3.02972e-14;-2.47455e-11;5.00521e-14;1.12409e-14;-3.67291e-11;7.42908e-14
22:19:37.823;-00:59:32.975;4.91E+20;0.8;-999/-999;4234.7;1.03453e-13;1.91607e-14;5.02386e-14;1.82348e-14;-9.990E+02;9.57627e-14;2.83795e-14;-9.990E+02;1.42286e-13;4.21668e-14;-9.990E+02
22:18:29.654;-01:07:22.109;5.08E+20;0.8;-999/-999;6553.9;6.28156e-14;1.4815e-14;1.22858e-13;2.8976e-14;-9.990E+02;5.79682e-14;-3.64215e-11;6.81035e-14;8.59792e-14;-5.40209e-11;1.01012e-13
22:18:27.086;-01:08:48.000;5.09E+20;0.8;-999/-999;6822.8;3.10754e-14;1.12624e-14;6.08067e-14;2.20377e-14;-9.990E+02;2.8681e-14;-2.7682e-11;1.01182e-13;4.25362e-14;-4.10545e-11;1.50061e-13
01:06:48.360;-01:08:13.606;4.71E+20;0.8;-999/-999;2059.3;5.2696e-14;2.344e-14;3.3831e-14;2.60462e-14;-9.990E+02;4.35213e-14;3.35067e-14;-9.990E+02;6.47976e-14;4.98871e-14;-9.990E+02
01:06:48.643;-01:19:59.317;4.90E+20;0.8;-999/-999;2028.6;8.21329e-14;2.79965e-14;5.31767e-14;-5.42923e-11;2.10704e-13;4.05637e-14;3.12177e-14;-9.990E+02;2.41049e-13;9.27652e-14;-9.990E+02
01:06:41.861;-01:20:56.564;4.90E+20;0.8;-999/-999;1999.7;8.02763e-14;2.79965e-14;1.03893e-13;4.49099e-14;-9.990E+02;3.96178e-14;-6.90492e-11;4.36196e-13;9.81711e-14;5.80594e-14;-9.990E+02
01:06:38.950;-01:06:32.161;4.65E+20;0.8;-999/-999;1959.0;8.55504e-14;2.9248e-14;1.09567e-13;4.61023e-14;-9.990E+02;3.53625e-14;2.9762e-14;-9.990E+02;5.26816e-14;4.43382e-14;-9.990E+02
01:06:34.156;-01:06:09.765;4.63E+20;0.8;-999/-999;1877.8;8.25894e-14;2.923e-14;1.58528e-13;5.6106e-14;-9.990E+02;3.41498e-14;-7.24555e-11;2.24909e-13;5.08857e-14;-1.07964e-10;3.35131e-13
01:07:10.878;-01:22:51.096;5.02E+20;0.8;-999/-999;1427.1;1.94166e-13;4.58428e-14;3.78827e-13;8.94412e-14;-9.990E+02;7.97132e-14;-1.1283e-10;3.52115e-13;1.18305e-13;-1.67455e-10;5.22587e-13
02:06:13.515;-01:14:39.560;2.53E+20;0.8;-999/-999;1097.9;1.98204e-13;5.4564e-14;8.69886e-14;4.875e-14;-9.990E+02;3.85533e-13;1.23477e-13;-9.990E+02;0;-2.15217e-10;1.2899e-12
03:06:39.652;+00:03:43.013;6.31E+20;0.836;+0.10/-0.09;7725.2;7.22555e-13;3.8831e-14;4.83422e-13;4.47731e-14;-9.990E+02;6.99765e-13;5.9611e-14;-9.990E+02;7.63568e-13;7.53909e-14;-9.990E+02
03:06:07.485;+00:09:24.729;6.34E+20;0.8;-999/-999;7755.4;1.73557e-14;7.37232e-15;8.94056e-15;7.69679e-15;-9.990E+02;1.04539e-14;8.99962e-15;-9.990E+02;3.06128e-14;1.83785e-14;-9.990E+02
03:06:37.389;+00:10:43.884;6.32E+20;0.8;-999/-999;7932.2;4.7803e-14;1.18203e-14;4.92074e-14;1.62223e-14;-9.990E+02;2.16057e-14;1.21532e-14;-9.990E+02;5.27235e-14;2.28048e-14;-9.990E+02
03:05:59.115;+00:12:06.597;6.34E+20;0.8;-999/-999;7567.3;4.60924e-14;1.198e-14;4.7472e-14;-2.46601e-11;5.71563e-14;6.05772e-14;2.13149e-14;-9.990E+02;7.39042e-14;2.86081e-14;-9.990E+02
03:06:15.885;+00:16:07.547;6.32E+20;0.8;-999/-999;7593.9;2.23971e-14;9.36411e-15;1.97493e-14;1.29703e-14;-9.990E+02;2.31188e-14;1.51832e-14;-9.990E+02;1.12859e-14;1.29222e-14;-9.990E+02
00:10:50.726;-00:31:34.666;3.22E+20;0.8;-999/-999;18097.4;1.89699e-14;4.60977e-15;1.14338e-14;4.71043e-15;-9.990E+02;2.58336e-14;8.69796e-15;-9.990E+02;9.76419e-15;6.57775e-15;-9.990E+02
00:10:42.428;-00:33:49.058;3.23E+20;0.8;-999/-999;19313.0;8.81836e-15;3.21379e-15;3.98618e-15;2.81333e-15;-9.990E+02;5.62453e-15;3.96963e-15;-9.990E+02;1.70108e-14;8.79925e-15;-9.990E+02
00:10:39.941;-00:38:17.437;3.24E+20;0.8;-999/-999;18354.3;1.04849e-14;3.4945e-15;4.74319e-15;3.23296e-15;-9.990E+02;1.67226e-14;7.1342e-15;-9.990E+02;5.05697e-15;4.79277e-15;-9.990E+02
00:11:14.864;-00:37:16.932;3.22E+20;0.8;-999/-999;14511.1;2.50045e-14;5.30822e-15;2.05491e-14;6.44559e-15;-9.990E+02;5.80221e-15;4.04407e-15;-9.990E+02;4.38661e-14;1.37594e-14;-9.990E+02
00:10:34.510;-00:29:13.380;3.23E+20;0.8;-999/-999;18947.9;1.39101e-14;4.05217e-15;5.59127e-15;3.50592e-15;-9.990E+02;1.57786e-14;6.96914e-15;-9.990E+02;1.78897e-14;8.837e-15;-9.990E+02
00:10:21.803;-00:36:57.020;3.25E+20;0.8;-999/-999;19773.7;3.16435e-14;5.87286e-15;2.50679e-14;7.08848e-15;-9.990E+02;2.52365e-14;8.49065e-15;-9.990E+02;3.05128e-14;1.1323e-14;-9.990E+02
00:11:25.904;-00:28:43.625;3.19E+20;0.8;-999/-999;19105.3;2.35002e-14;5.3029e-15;1.41467e-14;5.5715e-15;-9.990E+02;2.50149e-14;8.86591e-15;-9.990E+02;2.27032e-14;1.04324e-14;-9.990E+02
00:10:47.246;-00:23:41.278;3.21E+20;0.8;-999/-999;19250.3;1.26821e-14;4.1892e-15;1.5281e-14;6.05688e-15;-9.990E+02;5.39862e-15;4.27896e-15;-9.990E+02;8.16288e-15;6.46992e-15;-9.990E+02
00:10:41.285;-00:20:25.001;3.17E+20;0.8;-999/-999;13329.0;4.18071e-14;8.0881e-15;2.74244e-14;8.75568e-15;-9.990E+02;3.88487e-14;1.24031e-14;-9.990E+02;4.40838e-14;1.61305e-14;-9.990E+02
22:39:02.258;-00:18:39.614;4.89E+20;0.8;-999/-999;3853.7;5.038e-14;1.62041e-14;1.9555e-14;1.38723e-14;-9.990E+02;7.46436e-14;3.05995e-14;-9.990E+02;3.69818e-14;2.62348e-14;-9.990E+02
22:38:54.405;-00:18:26.437;4.89E+20;0.8;-999/-999;3846.1;3.71958e-14;1.4731e-14;7.21771e-14;2.8585e-14;-9.990E+02;5.51096e-14;-3.63396e-11;1.51724e-13;2.73052e-14;-5.40049e-11;2.2548e-13
23:17:29.791;-00:17:48.993;3.60E+20;0.8;-999/-999;14089.8;1.97054e-14;5.37548e-15;9.05441e-15;4.84565e-15;-9.990E+02;2.49478e-14;9.50411e-15;-9.990E+02;1.87904e-14;1.00561e-14;-9.990E+02
23:17:36.583;-00:14:16.707;3.61E+20;0.8;-999/-999;14734.3;3.06652e-14;6.36795e-15;2.37292e-14;7.4848e-15;-9.990E+02;2.45207e-14;8.98566e-15;-9.990E+02;3.07677e-14;1.23384e-14;-9.990E+02
23:17:32.356;-00:22:08.503;3.59E+20;0.8;-999/-999;14903.9;2.18761e-14;5.51499e-15;1.8545e-14;6.95664e-15;-9.990E+02;2.13087e-14;8.75775e-15;-9.990E+02;1.28396e-14;8.16233e-15;-9.990E+02
23:17:50.812;-00:17:56.132;3.61E+20;0.8;-999/-999;14196.9;1.39727e-14;4.52832e-15;4.28223e-15;3.49655e-15;-9.990E+02;1.1791e-14;6.64968e-15;-9.990E+02;2.66351e-14;1.24301e-14;-9.990E+02
23:17:19.584;-00:12:00.474;3.60E+20;0.8;-999/-999;14760.7;1.41361e-14;4.66818e-15;1.11315e-14;5.66193e-15;-9.990E+02;1.02278e-14;6.38384e-15;-9.990E+02;1.54024e-14;9.61371e-15;-9.990E+02
23:17:06.278;-00:22:59.509;3.57E+20;0.8;-999/-999;14806.2;1.34692e-14;4.66356e-15;1.05931e-14;-8.55176e-12;2.71571e-14;5.68679e-15;4.92401e-15;-9.990E+02;4.28385e-14;1.63187e-14;-9.990E+02
23:17:59.868;-00:13:32.407;3.63E+20;0.8;-999/-999;15564.1;1.38301e-14;4.6728e-15;8.48611e-15;4.94003e-15;-9.990E+02;1.75059e-14;8.3032e-15;-9.990E+02;8.78322e-15;7.19706e-15;-9.990E+02
23:18:04.156;-00:12:54.690;3.63E+20;0.8;-999/-999;15569.6;1.2904e-14;4.6728e-15;1.89941e-14;7.62109e-15;-9.990E+02;1.6334e-14;-1.18151e-11;4.32541e-14;9.83527e-15;8.09265e-15;-9.990E+02
23:16:52.257;-00:14:22.433;3.59E+20;0.8;-999/-999;13968.2;1.39388e-14;4.94935e-15;9.6037e-15;5.62922e-15;-9.990E+02;1.32423e-14;7.76198e-15;-9.990E+02;1.32982e-14;9.59195e-15;-9.990E+02
23:17:59.569;-00:07:36.227;3.64E+20;0.335;+0.14/-0.12;7112.1;3.42216e-13;2.71754e-14;1.06209e-13;1.7036e-14;-9.990E+02;2.10877e-13;3.0059e-14;-9.990E+02;4.44718e-13;5.76292e-14;-9.990E+02
23:16:45.014;-00:11:32.364;3.60E+20;0.8;-999/-999;7561.9;8.91622e-14;1.27314e-14;4.46611e-14;1.23221e-14;-9.990E+02;1.23163e-13;2.36438e-14;-9.990E+02;6.18256e-14;2.10401e-14;-9.990E+02
23:16:53.392;-00:07:55.650;3.60E+20;0.8;-999/-999;7295.7;7.58084e-14;1.21656e-14;2.78417e-14;9.7563e-15;-9.990E+02;7.67708e-14;1.9044e-14;-9.990E+02;1.15613e-13;2.86793e-14;-9.990E+02
23:17:12.511;-00:05:04.984;3.61E+20;0.307;+0.13/-0.11;7128.1;4.02267e-13;3.1504e-14;8.10454e-14;1.53369e-14;-9.990E+02;3.03524e-13;3.67892e-14;-9.990E+02;5.29755e-13;6.45482e-14;-9.990E+02
00:19:35.345;+00:38:18.755;2.89E+20;0.8;-999/-999;24513.3;2.01117e-14;4.1439e-15;1.07533e-14;4.08266e-15;-9.990E+02;1.03405e-14;4.76705e-15;-9.990E+02;3.92197e-14;1.14889e-14;-9.990E+02
00:19:57.573;+00:39:37.212;2.90E+20;0.8;-999/-999;24517.1;3.54155e-14;5.25084e-15;2.34527e-14;5.69993e-15;-9.990E+02;3.3811e-14;8.2174e-15;-9.990E+02;3.55021e-14;1.03898e-14;-9.990E+02
00:19:27.158;+00:35:39.164;2.89E+20;0.8;-999/-999;23315.0;1.7874e-14;4.00577e-15;1.17358e-14;4.28458e-15;-9.990E+02;1.93524e-14;6.74208e-15;-9.990E+02;1.46737e-14;7.10244e-15;-9.990E+02
00:20:08.798;+00:35:51.618;2.88E+20;0.8;-999/-999;23984.8;1.30651e-14;3.452e-15;7.75796e-15;3.51605e-15;-9.990E+02;8.40001e-15;4.43975e-15;-9.990E+02;2.12423e-14;8.65964e-15;-9.990E+02
00:19:52.703;+00:29:39.933;2.87E+20;0.8;-999/-999;23284.4;1.10258e-14;3.31272e-15;4.36402e-15;2.78559e-15;-9.990E+02;6.30373e-15;4.02374e-15;-9.990E+02;2.39097e-14;9.69966e-15;-9.990E+02
00:19:26.500;+00:37:57.538;2.89E+20;0.8;-999/-999;24664.8;7.1648e-15;2.7626e-15;4.64409e-15;3.03121e-15;-9.990E+02;5.02281e-15;3.64456e-15;-9.990E+02;1.01633e-14;6.63361e-15;-9.990E+02
00:19:49.764;+00:41:17.186;2.91E+20;0.8;-999/-999;25069.1;1.05877e-14;3.17906e-15;6.86837e-15;-5.66733e-12;9.60338e-15;2.09455e-15;2.19262e-15;-9.990E+02;3.81002e-14;1.20929e-14;-9.990E+02
00:19:27.037;+00:31:01.080;2.88E+20;0.8;-999/-999;25046.0;7.27405e-15;2.7616e-15;5.76003e-15;3.2331e-15;-9.990E+02;4.15916e-15;3.24741e-15;-9.990E+02;9.46256e-15;6.15928e-15;-9.990E+02
00:19:36.360;+00:41:35.119;2.91E+20;0.8;-999/-999;21872.6;1.05932e-14;3.31728e-15;8.10147e-15;3.8892e-15;-9.990E+02;3.89064e-15;3.16723e-15;-9.990E+02;1.77029e-14;8.49845e-15;-9.990E+02
00:19:17.157;+00:35:27.650;2.88E+20;0.8;-999/-999;24707.5;9.83268e-15;3.17584e-15;7.00504e-15;3.57511e-15;-9.990E+02;5.05776e-15;3.6548e-15;-9.990E+02;1.53416e-14;7.82978e-15;-9.990E+02
00:19:14.896;+00:34:35.222;2.88E+20;0.8;-999/-999;25096.5;1.57687e-14;3.86624e-15;5.26547e-15;2.93046e-15;-9.990E+02;2.53421e-14;7.82817e-15;-9.990E+02;1.15318e-14;6.41794e-15;-9.990E+02
00:19:16.324;+00:31:13.923;2.87E+20;0.8;-999/-999;25065.0;2.32581e-14;4.69302e-15;3.10767e-14;7.275e-15;-9.990E+02;1.49585e-14;6.03738e-15;-9.990E+02;1.70175e-14;-1.83054e-11;2.99827e-14
00:20:05.973;+00:27:41.040;2.86E+20;0.8;-999/-999;15056.3;4.12314e-14;6.34754e-15;1.83515e-14;5.7192e-15;-9.990E+02;5.30519e-14;1.1697e-14;-9.990E+02;4.02528e-14;1.25447e-14;-9.990E+02
00:20:16.045;+00:41:00.995;2.88E+20;0.8;-999/-999;23189.0;2.84307e-14;5.10896e-15;1.68913e-14;5.28023e-15;-9.990E+02;2.92597e-14;8.41066e-15;-9.990E+02;2.95947e-14;1.03679e-14;-9.990E+02
00:19:14.202;+00:31:26.745;2.87E+20;0.8;-999/-999;25108.7;8.74558e-15;3.03666e-15;5.19256e-15;-5.404e-12;1.28732e-14;1.68763e-14;6.66243e-15;-9.990E+02;8.5357e-15;5.92757e-15;-9.990E+02
00:19:06.902;+00:36:31.489;2.88E+20;0.8;-999/-999;25106.6;1.71357e-14;4.1424e-15;4.07213e-15;2.76806e-15;-9.990E+02;1.46973e-14;6.21565e-15;-9.990E+02;3.56786e-14;1.17851e-14;-9.990E+02
00:19:18.620;+00:27:53.542;2.87E+20;0.8;-999/-999;23254.6;9.19004e-15;3.31272e-15;3.63873e-15;2.73396e-15;-9.990E+02;1.57647e-14;7.06729e-15;-9.990E+02;3.9871e-15;4.41604e-15;-9.990E+02
00:19:04.878;+00:34:38.169;2.88E+20;0.8;-999/-999;18514.7;2.71741e-14;5.38512e-15;2.90585e-14;7.42333e-15;-9.990E+02;1.39763e-14;6.27248e-15;-9.990E+02;2.12045e-14;9.51644e-15;-9.990E+02
00:19:17.066;+00:27:38.612;2.87E+20;0.8;-999/-999;22258.7;1.02391e-14;3.45075e-15;8.10355e-15;4.09849e-15;-9.990E+02;8.77906e-15;5.07495e-15;-9.990E+02;8.88058e-15;6.41255e-15;-9.990E+02
00:19:04.440;+00:39:29.464;2.89E+20;0.8;-999/-999;19771.5;1.82608e-14;4.55829e-15;1.30236e-14;5.06023e-15;-9.990E+02;1.40916e-14;6.41527e-15;-9.990E+02;2.13774e-14;9.73217e-15;-9.990E+02
01:26:50.378;+01:16:11.311;2.84E+20;0.8;-999/-999;12434.5;2.06146e-14;5.92927e-15;2.13942e-14;8.00136e-15;-9.990E+02;4.42342e-15;4.47313e-15;-9.990E+02;2.68504e-14;1.35842e-14;-9.990E+02
01:26:59.117;+01:12:47.423;2.82E+20;0.8;-999/-999;11868.3;2.87175e-14;6.7522e-15;1.09352e-14;5.63783e-15;-9.990E+02;3.16917e-14;1.13294e-14;-9.990E+02;4.01044e-14;1.6003e-14;-9.990E+02
01:27:13.375;+01:14:23.941;2.78E+20;0.8;-999/-999;12248.8;3.25448e-14;7.29333e-15;1.64948e-14;6.87526e-15;-9.990E+02;2.39676e-14;9.99004e-15;-9.990E+02;5.45794e-14;1.87391e-14;-9.990E+02
01:27:13.860;+01:13:19.311;2.78E+20;0.8;-999/-999;12444.9;3.99619e-14;7.84377e-15;1.32964e-14;5.93529e-15;-9.990E+02;7.08456e-14;1.66524e-14;-9.990E+02;1.95581e-14;1.08405e-14;-9.990E+02
01:27:11.462;+01:20:23.510;2.79E+20;0.8;-999/-999;12542.0;1.31951e-14;4.81775e-15;4.39079e-15;-8.54457e-12;2.21299e-14;1.94288e-14;9.3135e-15;-9.990E+02;2.21285e-14;1.22577e-14;-9.990E+02
01:26:36.971;+01:19:47.672;2.88E+20;0.8;-999/-999;11713.5;1.26316e-14;4.8328e-15;7.4996e-15;4.99974e-15;-9.990E+02;1.08294e-14;7.21726e-15;-9.990E+02;1.64248e-14;1.09498e-14;-9.990E+02
01:27:28.140;+01:21:39.220;2.75E+20;-0.683;+0.26/-0.20;12793.0;1.68885e-13;2.15396e-14;1.21633e-14;4.68704e-15;-9.990E+02;4.32628e-14;1.34753e-14;-9.990E+02;3.33498e-13;5.04766e-14;-9.990E+02
01:27:29.470;+01:08:32.852;2.75E+20;0.8;-999/-999;11644.4;2.99525e-14;7.42284e-15;3.09603e-14;1.00091e-14;-9.990E+02;2.57639e-14;1.10325e-14;-9.990E+02;9.78388e-15;8.53935e-15;-9.990E+02
01:26:38.909;+01:06:25.247;2.92E+20;0.8;-999/-999;12813.9;1.63159e-14;5.80734e-15;1.24886e-14;6.91068e-15;-9.990E+02;1.1986e-14;8.14107e-15;-9.990E+02;1.81774e-14;1.23464e-14;-9.990E+02
03:52:03.495;-00:56:02.982;1.07E+21;0.8;-999/-999;1334.1;3.07404e-13;6.66783e-14;3.42354e-13;1.11156e-13;-9.990E+02;2.54545e-13;9.11453e-14;-9.990E+02;1.78286e-13;8.93611e-14;-9.990E+02
20:31:21.507;+00:59:12.623;7.07E+20;0.8;-999/-999;4941.9;4.29221e-14;1.40985e-14;4.55593e-14;2.24471e-14;-9.990E+02;3.83359e-14;2.0997e-14;-9.990E+02;1.85789e-14;1.76947e-14;-9.990E+02
22:42:20.242;+00:35:41.285;5.25E+20;0.8;-999/-999;1941.9;1.19574e-13;2.68002e-14;2.35541e-13;5.27922e-14;-9.990E+02;0;-6.56827e-11;6.4806e-13;0;-9.7252e-11;9.59539e-13
22:42:40.333;+00:50:19.774;5.36E+20;0.8;-999/-999;3503.8;3.16686e-14;1.46392e-14;6.26651e-14;-2.89383e-11;1.03575e-13;1.93869e-14;1.79237e-14;-9.990E+02;8.60174e-14;4.67794e-14;-9.990E+02
22:41:58.526;+00:48:30.940;5.31E+20;0.8;-999/-999;3417.4;3.48736e-14;1.4916e-14;1.14782e-14;1.20378e-14;-9.990E+02;5.69924e-14;3.01997e-14;-9.990E+02;2.10804e-14;2.21082e-14;-9.990E+02
22:28:33.210;+00:43:45.009;4.73E+20;0.8;-999/-999;7694.0;5.2318e-14;1.1434e-14;1.77991e-14;9.21743e-15;-9.990E+02;5.33713e-14;1.80228e-14;-9.990E+02;7.94461e-14;2.68279e-14;-9.990E+02
22:28:29.986;+00:46:18.309;4.73E+20;0.8;-999/-999;7179.8;2.67527e-14;8.50222e-15;7.36943e-15;6.27305e-15;-9.990E+02;3.78682e-14;1.58589e-14;-9.990E+02;2.81899e-14;1.66405e-14;-9.990E+02
22:28:44.931;+00:47:05.117;4.78E+20;0.8;-999/-999;8194.2;3.52955e-14;9.69012e-15;9.74132e-15;-1.86971e-11;5.00253e-14;4.85342e-14;1.87017e-14;-9.990E+02;5.77243e-14;2.46139e-14;-9.990E+02
22:28:23.980;+00:51:44.850;4.74E+20;0.8;-999/-999;8164.7;3.38738e-14;1.01182e-14;9.33424e-15;-1.94913e-11;1.07877e-13;6.28907e-14;2.20081e-14;-9.990E+02;3.1217e-14;1.86459e-14;-9.990E+02
22:28:01.309;+00:48:40.581;4.67E+20;0.8;-999/-999;7576.1;4.4338e-14;1.15601e-14;1.70498e-14;9.91759e-15;-9.990E+02;3.29794e-14;1.58729e-14;-9.990E+02;8.18706e-14;3.02138e-14;-9.990E+02
22:27:51.565;+00:44:19.308;4.63E+20;0.8;-999/-999;6804.6;6.74044e-14;1.41766e-14;8.08487e-14;2.09331e-14;-9.990E+02;2.09026e-14;1.27178e-14;-9.990E+02;6.23035e-14;2.66127e-14;-9.990E+02
23:44:48.028;+01:19:17.457;3.67E+20;0.8;-999/-999;3242.6;3.34175e-14;1.4178e-14;3.07847e-14;1.84473e-14;-9.990E+02;2.11282e-14;1.83496e-14;-9.990E+02;3.17957e-14;2.76142e-14;-9.990E+02
23:44:40.320;+01:07:21.374;3.63E+20;0.8;-999/-999;2111.8;2.02063e-13;4.248e-14;1.23918e-13;4.41893e-14;-9.990E+02;3.40872e-13;8.64723e-14;-9.990E+02;1.92497e-13;-1.61691e-10;8.49189e-13
00:39:13.434;+00:51:50.888;1.98E+20;0.8;-999/-999;13400.2;2.72428e-14;6.15204e-15;1.3732e-14;5.66607e-15;-9.990E+02;2.52649e-14;9.64917e-15;-9.990E+02;3.86901e-14;1.47765e-14;-9.990E+02
00:39:22.317;+00:52:19.361;1.97E+20;0.8;-999/-999;14558.0;1.99465e-14;5.3476e-15;1.99202e-14;7.14542e-15;-9.990E+02;1.31018e-14;7.027e-15;-9.990E+02;1.33772e-14;9.04008e-15;-9.990E+02
00:38:59.171;+00:54:53.426;2.00E+20;0.8;-999/-999;13975.1;6.13924e-14;8.56576e-15;6.91954e-14;1.18555e-14;-9.990E+02;3.22342e-14;9.96797e-15;-9.990E+02;3.52637e-14;1.29151e-14;-9.990E+02
00:39:24.378;+00:56:07.973;1.96E+20;0.8;-999/-999;14524.1;1.14636e-14;4.27648e-15;1.12132e-14;5.58827e-15;-9.990E+02;4.30355e-15;4.14194e-15;-9.990E+02;1.31832e-14;9.06144e-15;-9.990E+02
00:39:01.748;+00:47:49.145;2.00E+20;0.8;-999/-999;13224.1;1.41201e-14;4.6844e-15;1.03793e-14;5.26427e-15;-9.990E+02;5.2968e-15;4.66765e-15;-9.990E+02;2.43289e-14;1.23393e-14;-9.990E+02
00:39:36.821;+00:51:17.410;1.95E+20;0.8;-999/-999;13383.0;3.8848e-14;7.21386e-15;1.66213e-14;6.17382e-15;-9.990E+02;6.38258e-14;1.50449e-14;-9.990E+02;1.95538e-14;1.05195e-14;-9.990E+02
00:39:41.237;+00:54:28.389;1.94E+20;0.8;-999/-999;14571.8;2.65344e-14;6.14284e-15;1.33541e-14;5.70947e-15;-9.990E+02;3.69494e-14;1.17697e-14;-9.990E+02;1.88701e-14;1.03901e-14;-9.990E+02
00:39:22.549;+00:59:50.418;1.96E+20;0.8;-999/-999;13734.2;1.73197e-14;5.07832e-15;1.34833e-14;5.9178e-15;-9.990E+02;1.65572e-14;7.97122e-15;-9.990E+02;1.26828e-14;8.80315e-15;-9.990E+02
00:39:20.769;+00:44:29.639;1.98E+20;0.8;-999/-999;13157.4;1.67175e-14;5.21586e-15;1.43187e-14;6.29869e-15;-9.990E+02;1.09774e-14;6.8521e-15;-9.990E+02;1.68106e-14;1.04931e-14;-9.990E+02
00:39:55.582;+00:52:56.895;1.92E+20;0.8;-999/-999;11489.0;1.94422e-14;5.73792e-15;4.74925e-15;3.64292e-15;-9.990E+02;1.46215e-14;7.98141e-15;-9.990E+02;4.48096e-14;1.75192e-14;-9.990E+02
00:39:40.118;+00:42:49.843;1.95E+20;0.8;-999/-999;10014.3;2.61569e-14;7.08027e-15;2.23812e-14;8.57704e-15;-9.990E+02;1.71912e-14;9.45268e-15;-9.990E+02;2.63336e-14;1.44797e-14;-9.990E+02
21:32:10.967;-00:21:53.989;3.52E+20;0.8;-999/-999;1016.0;1.78338e-13;5.78469e-14;3.26618e-13;1.05944e-13;-9.990E+02;0;-1.46592e-10;3.74711e-13;0;-2.20946e-10;5.64773e-13
21:32:10.478;-00:27:53.609;3.52E+20;0.8;-999/-999;1174.4;1.7735e-13;6.06687e-14;3.24809e-13;1.11112e-13;-9.990E+02;0;-1.5375e-10;3.7149e-13;0;-2.31735e-10;5.59918e-13
00:34:46.200;+00:03:43.949;2.36E+20;0.8;-999/-999;8502.5;1.95521e-14;7.18627e-15;1.36251e-14;7.90762e-15;-9.990E+02;0;-1.86908e-11;6.72093e-14;4.6558e-14;2.2151e-14;-9.990E+02
00:34:31.572;-00:09:55.805;2.30E+20;0.8;-999/-999;8512.3;2.46246e-14;7.9827e-15;1.94555e-14;9.71128e-15;-9.990E+02;1.16722e-14;9.27001e-15;-9.990E+02;3.56192e-14;1.99254e-14;-9.990E+02
00:34:43.232;-00:10:05.300;2.28E+20;0.8;-999/-999;7901.8;2.60666e-14;8.2472e-15;2.01198e-14;9.63496e-15;-9.990E+02;3.77688e-14;1.62325e-14;-9.990E+02;3.7739e-14;-3.28077e-11;7.61241e-14
00:34:09.321;+00:03:20.114;2.41E+20;0.8;-999/-999;8512.3;1.83371e-14;7.19899e-15;1.60032e-14;8.81398e-15;-9.990E+02;1.5894e-14;1.07585e-14;-9.990E+02;1.21156e-14;1.14802e-14;-9.990E+02
00:35:05.006;+00:04:53.208;2.34E+20;0.8;-999/-999;7339.2;2.24778e-14;8.26489e-15;2.60883e-14;1.12491e-14;-9.990E+02;9.75769e-15;8.41666e-15;-9.990E+02;1.48873e-14;1.28413e-14;-9.990E+02
00:21:28.848;-00:50:41.472;2.81E+20;1.140;+0.13/-0.11;17666.2;1.61258e-13;1.0041e-14;1.64469e-13;1.67073e-14;-9.990E+02;2.29525e-13;2.26633e-14;-9.990E+02;1.49935e-13;2.15651e-14;-9.990E+02
00:21:34.280;-00:48:35.046;2.80E+20;0.8;-999/-999;17563.5;1.36227e-14;4.2687e-15;3.72175e-15;2.99794e-15;-9.990E+02;1.35017e-14;6.90873e-15;-9.990E+02;2.46021e-14;1.12665e-14;-9.990E+02
00:21:29.444;-00:54:48.763;2.82E+20;0.8;-999/-999;17599.9;1.08393e-14;3.9962e-15;2.40893e-15;2.5838e-15;-9.990E+02;1.04704e-14;6.23967e-15;-9.990E+02;2.11918e-14;1.13637e-14;-9.990E+02
00:21:23.168;-00:49:35.349;2.82E+20;1.178;+0.22/-0.17;17598.9;6.54734e-14;6.76179e-15;6.89009e-14;1.15359e-14;-9.990E+02;9.96531e-14;1.57798e-14;-9.990E+02;6.00625e-14;1.44729e-14;-9.990E+02
00:21:21.526;-00:50:02.231;2.82E+20;0.8;-999/-999;17499.0;2.54379e-14;5.512e-15;2.26101e-14;6.91626e-15;-9.990E+02;8.19178e-15;5.01161e-15;-9.990E+02;3.73025e-14;1.33142e-14;-9.990E+02
00:21:45.408;-00:54:51.447;2.79E+20;0.8;-999/-999;16506.3;2.33454e-14;5.36835e-15;1.46213e-14;5.75421e-15;-9.990E+02;1.06156e-14;5.74421e-15;-9.990E+02;4.29855e-14;1.46715e-14;-9.990E+02
00:21:23.512;-00:49:09.961;2.82E+20;0.8;-999/-999;17795.1;4.34897e-14;7.0278e-15;2.14688e-14;6.62726e-15;-9.990E+02;3.11132e-14;9.60441e-15;-9.990E+02;7.55964e-14;1.85085e-14;-9.990E+02
00:21:24.375;-00:48:41.611;2.81E+20;0.8;-999/-999;17699.9;1.1666e-14;4.1325e-15;4.14556e-15;3.26212e-15;-9.990E+02;1.80355e-14;8.27958e-15;-9.990E+02;9.12744e-15;7.18234e-15;-9.990E+02
00:21:19.730;-00:50:15.061;2.82E+20;0.8;-999/-999;18032.0;1.02785e-14;3.8584e-15;2.60829e-15;2.74299e-15;-9.990E+02;1.51307e-14;7.62035e-15;-9.990E+02;1.14823e-14;8.04458e-15;-9.990E+02
00:21:20.945;-00:49:40.779;2.82E+20;0.8;-999/-999;17268.1;2.12901e-14;5.2364e-15;1.41852e-14;5.58395e-15;-9.990E+02;3.42685e-14;1.0403e-14;-9.990E+02;2.37781e-14;-2.04536e-11;6.87534e-14
00:21:49.761;-00:55:02.148;2.78E+20;0.8;-999/-999;17206.5;3.74024e-14;6.60528e-15;4.42644e-14;9.64148e-15;-9.990E+02;1.83695e-14;7.54575e-15;-9.990E+02;2.09212e-14;9.82214e-15;-9.990E+02
00:21:54.238;-00:54:20.375;2.78E+20;0.8;-999/-999;17343.1;3.11549e-14;6.05484e-15;2.63194e-14;7.44902e-15;-9.990E+02;2.29423e-14;8.32622e-15;-9.990E+02;2.90354e-14;1.13792e-14;-9.990E+02
00:21:13.668;-00:50:23.035;2.83E+20;0.8;-999/-999;18549.6;2.06622e-14;4.96224e-15;7.87261e-15;4.10788e-15;-9.990E+02;1.90015e-14;7.48987e-15;-9.990E+02;3.46144e-14;1.2711e-14;-9.990E+02
00:21:49.333;-00:46:14.460;2.77E+20;0.8;-999/-999;17793.7;1.18357e-14;4.1268e-15;1.14466e-14;5.42079e-15;-9.990E+02;1.10956e-14;6.50202e-15;-9.990E+02;4.21326e-15;4.78922e-15;-9.990E+02
00:21:25.676;-00:44:05.571;2.80E+20;0.8;-999/-999;17789.8;1.08618e-14;3.8556e-15;1.28623e-14;5.58996e-15;-9.990E+02;6.22035e-15;4.6626e-15;-9.990E+02;4.72321e-15;4.92634e-15;-9.990E+02
00:21:02.221;-00:49:59.002;2.84E+20;0.8;-999/-999;13957.0;2.24623e-14;5.5156e-15;6.65472e-15;3.96143e-15;-9.990E+02;2.89014e-14;1.01036e-14;-9.990E+02;2.92482e-14;1.24364e-14;-9.990E+02
00:22:12.898;-00:48:32.776;2.74E+20;0.8;-999/-999;18556.2;7.42893e-14;9.89424e-15;7.3093e-14;1.30462e-14;-9.990E+02;5.3224e-14;1.33326e-14;-9.990E+02;4.85252e-14;1.5947e-14;-9.990E+02
00:22:13.766;-00:48:53.093;2.74E+20;0.8;-999/-999;18650.3;3.22525e-14;6.45874e-15;4.7609e-14;1.03226e-14;-9.990E+02;2.31086e-14;-1.6648e-11;9.14133e-14;2.10759e-14;1.05002e-14;-9.990E+02
00:21:41.719;-01:02:09.821;2.81E+20;0.8;-999/-999;17521.1;2.42165e-14;5.7855e-15;1.34474e-14;5.70932e-15;-9.990E+02;1.95012e-14;8.27958e-15;-9.990E+02;3.55291e-14;1.38313e-14;-9.990E+02
00:21:52.028;-01:01:21.252;2.79E+20;0.8;-999/-999;17263.5;2.24645e-14;5.506e-15;1.32945e-14;5.64914e-15;-9.990E+02;1.93047e-14;8.20298e-15;-9.990E+02;2.93161e-14;1.24571e-14;-9.990E+02
00:22:12.046;-00:44:35.559;2.75E+20;0.8;-999/-999;17113.6;3.48599e-14;7.14792e-15;2.3163e-14;7.83385e-15;-9.990E+02;1.12418e-14;6.55002e-15;-9.990E+02;6.83148e-14;1.99072e-14;-9.990E+02
00:22:28.231;-00:58:31.224;2.73E+20;1.017;+0.15/-0.13;9429.2;2.31938e-13;1.80848e-14;1.13681e-13;1.93623e-14;-9.990E+02;4.01488e-13;4.328e-14;-9.990E+02;2.27443e-13;3.87383e-14;-9.990E+02
01:25:44.247;-01:22:43.589;4.16E+20;0.8;-999/-999;9762.8;4.3281e-14;9.93807e-15;5.81923e-14;1.56634e-14;-9.990E+02;3.09664e-14;1.33754e-14;-9.990E+02;0;-3.72194e-11;7.66203e-14
01:26:00.468;-01:20:39.322;3.92E+20;0.8;-999/-999;9534.1;1.41129e-13;1.71516e-14;2.05393e-13;2.70254e-14;-9.990E+02;4.43746e-14;1.52686e-14;-9.990E+02;4.99656e-14;1.99279e-14;-9.990E+02
01:25:35.964;-01:25:45.307;4.19E+20;0.8;-999/-999;8635.8;6.39782e-14;1.19653e-14;5.56319e-14;1.57823e-14;-9.990E+02;4.92424e-14;1.71501e-14;-9.990E+02;5.5295e-14;2.20046e-14;-9.990E+02
01:26:05.435;-01:26:52.958;4.12E+20;0.8;-999/-999;8696.2;2.22248e-14;7.62405e-15;1.78953e-14;9.27734e-15;-9.990E+02;1.59103e-14;1.02043e-14;-9.990E+02;2.38325e-14;1.52854e-14;-9.990E+02
01:26:11.419;-01:11:55.131;3.83E+20;0.8;-999/-999;8629.5;4.01336e-14;1.08315e-14;5.21555e-14;1.70087e-14;-9.990E+02;3.03397e-14;1.46993e-14;-9.990E+02;4.34227e-14;-4.09725e-11;1.00488e-13
20:40:09.208;-00:52:15.269;5.93E+20;1.670;+0.02/-0.02;36690.1;2.11673e-12;1.9533e-14;6.35713e-12;7.81428e-14;-9.990E+02;3.83826e-12;5.90137e-14;-9.990E+02;1.57979e-12;4.35649e-14;-9.990E+02
20:40:20.665;-00:56:02.141;5.90E+20;-0.002;+0.26/-0.20;36669.7;2.05104e-14;4.653e-15;1.14945e-14;-4.88951e-12;1.18836e-14;5.70081e-15;3.14126e-15;-9.990E+02;4.70335e-14;1.15247e-14;-9.990E+02
20:40:25.962;-00:55:14.336;5.85E+20;0.8;-999/-999;37723.8;1.13852e-14;2.8785e-15;3.2859e-15;2.15909e-15;-9.990E+02;1.38261e-14;4.99254e-15;-9.990E+02;1.45314e-14;5.87971e-15;-9.990E+02
20:40:04.115;-00:47:19.133;5.89E+20;0.8;-999/-999;36440.4;7.39846e-15;2.42672e-15;1.04742e-14;4.12339e-15;-9.990E+02;1.79549e-15;1.86101e-15;-9.990E+02;5.28337e-15;3.81174e-15;-9.990E+02
20:40:24.658;-00:56:53.059;5.88E+20;0.8;-999/-999;35794.0;1.51266e-14;3.33586e-15;1.64731e-14;4.88398e-15;-9.990E+02;5.64941e-15;3.07129e-15;-9.990E+02;1.66165e-14;6.57296e-15;-9.990E+02
20:40:07.727;-00:57:54.664;6.03E+20;0.8;-999/-999;37902.3;1.78917e-14;3.50221e-15;7.28316e-15;3.18774e-15;-9.990E+02;1.9065e-14;5.57828e-15;-9.990E+02;2.29134e-14;7.53852e-15;-9.990E+02
20:39:55.830;-00:56:36.062;6.10E+20;0.8;-999/-999;36326.1;9.0352e-15;2.74626e-15;3.9504e-15;2.61492e-15;-9.990E+02;6.24348e-15;3.5424e-15;-9.990E+02;1.60374e-14;6.82441e-15;-9.990E+02
20:39:45.425;-00:52:56.576;6.12E+20;0.8;-999/-999;37585.4;7.91389e-15;2.59522e-15;5.38669e-15;3.13912e-15;-9.990E+02;6.37788e-15;3.71674e-15;-9.990E+02;9.35954e-15;5.45431e-15;-9.990E+02
20:40:36.641;-00:48:39.434;5.70E+20;0.8;-999/-999;38119.0;7.74162e-15;2.4136e-15;6.21566e-15;3.0276e-15;-9.990E+02;1.88478e-15;1.88515e-15;-9.990E+02;1.38892e-14;6.1327e-15;-9.990E+02
20:40:38.758;-00:48:05.253;5.69E+20;0.8;-999/-999;39138.9;8.08945e-15;2.56377e-15;4.42631e-15;2.67454e-15;-9.990E+02;1.07449e-14;4.49477e-15;-9.990E+02;5.27847e-15;4.0487e-15;-9.990E+02
20:39:45.264;-00:48:25.290;6.05E+20;0.8;-999/-999;37901.4;7.16092e-15;2.43776e-15;4.86115e-15;2.80532e-15;-9.990E+02;1.92577e-15;1.97555e-15;-9.990E+02;1.41407e-14;6.40689e-15;-9.990E+02
20:40:30.711;-00:58:07.660;5.85E+20;0.8;-999/-999;35486.5;8.86123e-15;2.727e-15;1.02279e-14;4.25576e-15;-9.990E+02;3.07426e-15;2.49848e-15;-9.990E+02;9.04696e-15;5.31556e-15;-9.990E+02
20:39:48.288;-00:46:58.149;6.01E+20;0.8;-999/-999;39314.6;6.15761e-15;2.28285e-15;9.73278e-15;4.21981e-15;-9.990E+02;1.6569e-15;1.88507e-15;-9.990E+02;2.43422e-15;2.76944e-15;-9.990E+02
20:40:41.455;-00:48:18.096;5.68E+20;0.8;-999/-999;37425.2;7.41638e-15;2.56309e-15;3.43156e-15;2.56989e-15;-9.990E+02;6.94686e-15;4.01317e-15;-9.990E+02;1.02406e-14;5.91597e-15;-9.990E+02
20:39:38.560;-00:52:11.945;6.17E+20;0.8;-999/-999;39343.6;8.20453e-15;2.59879e-15;3.35634e-15;2.43734e-15;-9.990E+02;3.96259e-15;2.87759e-15;-9.990E+02;1.74421e-14;7.29101e-15;-9.990E+02
20:40:45.739;-00:50:37.034;5.70E+20;0.8;-999/-999;38607.2;1.22747e-14;3.017e-15;7.24505e-15;3.21834e-15;-9.990E+02;1.05477e-14;4.35938e-15;-9.990E+02;1.55456e-14;6.42499e-15;-9.990E+02
20:39:42.933;-00:46:53.068;6.05E+20;0.8;-999/-999;37480.7;7.69418e-15;2.59012e-15;7.83306e-15;3.65129e-15;-9.990E+02;1.86234e-15;1.95306e-15;-9.990E+02;1.09399e-14;5.66493e-15;-9.990E+02
20:40:04.110;-01:01:00.558;6.11E+20;0.8;-999/-999;38346.1;1.12519e-14;2.89959e-15;1.14823e-14;-5.91246e-12;1.01116e-14;1.45107e-14;5.14073e-15;-9.990E+02;1.86375e-14;7.20368e-15;-9.990E+02
20:39:49.763;-00:59:20.377;6.19E+20;0.8;-999/-999;39118.5;1.48325e-14;3.36512e-15;1.62003e-14;5.0524e-15;-9.990E+02;9.55243e-15;4.06329e-15;-9.990E+02;1.05034e-14;5.16393e-15;-9.990E+02
20:40:43.510;-00:45:49.979;5.65E+20;0.449;+0.19/-0.15;27319.4;8.77491e-14;8.93846e-15;5.08279e-15;2.63341e-15;-9.990E+02;9.73315e-14;1.32023e-14;-9.990E+02;1.08694e-13;1.7833e-14;-9.990E+02
20:39:33.074;-00:51:26.534;6.20E+20;0.8;-999/-999;38078.5;8.11665e-15;2.754e-15;5.5418e-15;3.29123e-15;-9.990E+02;2.17742e-15;2.24429e-15;-9.990E+02;1.59639e-14;7.31295e-15;-9.990E+02
20:40:21.693;-01:01:49.450;5.99E+20;0.8;-999/-999;38234.9;1.29863e-14;3.1941e-15;5.65051e-15;3.02761e-15;-9.990E+02;1.34878e-14;5.15928e-15;-9.990E+02;1.65109e-14;6.82315e-15;-9.990E+02
20:39:32.759;-00:53:13.896;6.23E+20;0.8;-999/-999;39081.0;8.19552e-15;2.60321e-15;1.30728e-14;4.67381e-15;-9.990E+02;8.47794e-15;-6.2753e-12;1.45204e-14;6.44117e-15;4.22116e-15;-9.990E+02
20:39:49.271;-01:01:03.049;6.22E+20;0.8;-999/-999;28441.3;2.80289e-14;4.74548e-15;2.30011e-14;6.19285e-15;-9.990E+02;4.51184e-15;2.86378e-15;-9.990E+02;5.2926e-14;1.22158e-14;-9.990E+02
20:40:47.493;-00:58:54.739;5.80E+20;1.131;+0.27/-0.20;27139.8;3.85461e-14;4.68958e-15;3.37339e-14;7.33202e-15;-9.990E+02;5.7608e-14;1.00242e-14;-9.990E+02;3.6052e-14;9.55678e-15;-9.990E+02
20:40:27.403;-01:02:41.257;5.96E+20;0.8;-999/-999;35978.0;8.49816e-15;2.88743e-15;1.3408e-14;5.20719e-15;-9.990E+02;2.28918e-15;2.30723e-15;-9.990E+02;3.36488e-15;3.39141e-15;-9.990E+02
02:38:15.475;-01:18:24.986;3.07E+20;0.8;-999/-999;135960.0;3.68853e-15;8.89472e-16;1.3253e-15;7.20327e-16;-9.990E+02;2.36199e-15;1.15519e-15;-9.990E+02;7.86998e-15;2.57499e-15;-9.990E+02
02:38:09.430;-01:18:00.054;3.06E+20;0.8;-999/-999;143184.0;2.59938e-15;7.78008e-16;2.00041e-15;9.04152e-16;-9.990E+02;9.51072e-16;7.62068e-16;-9.990E+02;4.32194e-15;1.95344e-15;-9.990E+02
02:38:10.996;-01:19:03.608;3.06E+20;0.8;-999/-999;134236.0;5.62666e-15;1.02808e-15;1.44355e-15;6.92335e-16;-9.990E+02;6.86608e-15;1.82918e-15;-9.990E+02;8.31723e-15;2.49301e-15;-9.990E+02
02:38:03.544;-01:16:32.570;3.06E+20;0.8;-999/-999;155656.0;5.69752e-15;9.86403e-16;3.33069e-15;1.00644e-15;-9.990E+02;5.08994e-15;1.49317e-15;-9.990E+02;7.19605e-15;2.17445e-15;-9.990E+02
02:38:05.409;-01:15:30.822;3.06E+20;0.8;-999/-999;152655.0;5.61972e-15;9.86403e-16;1.29361e-15;6.4593e-16;-9.990E+02;6.27522e-15;1.66509e-15;-9.990E+02;9.5031e-15;2.52158e-15;-9.990E+02
02:38:16.694;-01:21:02.652;3.06E+20;0.170;+0.23/-0.17;149983.0;1.53928e-14;1.91654e-15;1.85618e-15;6.9201e-16;-9.990E+02;1.14312e-14;2.26018e-15;-9.990E+02;2.14279e-14;3.99409e-15;-9.990E+02
02:38:20.936;-01:20:54.232;3.07E+20;0.8;-999/-999;152220.0;5.2868e-15;9.7286e-16;2.92126e-15;9.55276e-16;-9.990E+02;5.20813e-15;1.53574e-15;-9.990E+02;6.30677e-15;2.06237e-15;-9.990E+02
02:38:10.737;-01:22:45.463;3.06E+20;0.8;-999/-999;157708.0;3.82891e-15;8.47473e-16;4.74031e-16;4.07168e-16;-9.990E+02;3.04329e-15;1.22337e-15;-9.990E+02;9.2228e-15;2.59327e-15;-9.990E+02
02:38:13.313;-01:22:39.949;3.06E+20;0.8;-999/-999;150815.0;3.23568e-15;8.19687e-16;8.29804e-16;5.66093e-16;-9.990E+02;1.77578e-15;9.69225e-16;-9.990E+02;8.06928e-15;2.56848e-15;-9.990E+02
02:38:11.393;-01:23:46.653;3.06E+20;0.8;-999/-999;158454.0;2.61605e-15;7.64115e-16;1.49494e-15;7.74916e-16;-9.990E+02;2.13279e-15;1.10555e-15;-9.990E+02;3.69074e-15;1.81384e-15;-9.990E+02
02:38:09.785;-01:12:00.302;3.07E+20;0.8;-999/-999;146528.0;3.2702e-15;8.3388e-16;1.53304e-15;7.6502e-16;-9.990E+02;2.18578e-15;1.09075e-15;-9.990E+02;6.06959e-15;2.23648e-15;-9.990E+02
02:37:56.974;-01:22:42.150;3.06E+20;0.8;-999/-999;139657.0;6.07819e-15;1.06976e-15;3.43049e-15;1.12071e-15;-9.990E+02;6.67387e-15;1.87296e-15;-9.990E+02;6.06409e-15;2.1793e-15;-9.990E+02
02:38:37.260;-01:20:10.144;3.07E+20;0.8;-999/-999;159614.0;2.97417e-15;7.92186e-16;1.67985e-15;-1.42168e-12;1.60719e-15;1.73154e-15;9.78617e-16;-9.990E+02;8.91572e-15;2.71083e-15;-9.990E+02
02:38:38.221;-01:15:21.626;3.08E+20;0.8;-999/-999;159379.0;6.21186e-15;1.04272e-15;4.63009e-15;1.17114e-15;-9.990E+02;3.88073e-15;1.29061e-15;-9.990E+02;8.22036e-15;2.29092e-15;-9.990E+02
02:37:54.262;-01:13:20.990;3.06E+20;0.8;-999/-999;157930.0;4.11927e-15;8.89152e-16;2.55977e-15;9.3434e-16;-9.990E+02;4.46705e-15;1.47822e-15;-9.990E+02;3.68966e-15;1.65159e-15;-9.990E+02
02:38:32.830;-01:22:48.558;3.07E+20;0.8;-999/-999;159420.0;4.25001e-15;9.17268e-16;5.09098e-16;4.28451e-16;-9.990E+02;1.81448e-15;9.63309e-16;-9.990E+02;1.26351e-14;3.09517e-15;-9.990E+02
02:38:41.553;-01:18:40.038;3.07E+20;0.8;-999/-999;160062.0;4.37231e-15;9.17268e-16;6.83124e-16;4.92369e-16;-9.990E+02;1.46063e-15;8.64344e-16;-9.990E+02;1.32712e-14;3.14853e-15;-9.990E+02
02:38:42.899;-01:18:24.486;3.07E+20;0.8;-999/-999;160312.0;4.25418e-15;9.31166e-16;2.71152e-15;1.00371e-15;-9.990E+02;2.81232e-15;1.24027e-15;-9.990E+02;6.38762e-15;2.27529e-15;-9.990E+02
02:38:25.187;-01:24:30.378;3.07E+20;0.8;-999/-999;153245.0;3.81083e-15;8.89472e-16;4.66902e-15;1.32855e-15;-9.990E+02;2.66316e-15;1.20325e-15;-9.990E+02;6.72183e-16;7.36329e-16;-9.990E+02
02:38:31.307;-01:12:23.030;3.08E+20;0.8;-999/-999;144703.0;2.69718e-15;8.06374e-16;8.0758e-16;6.00438e-16;-9.990E+02;5.75344e-16;5.89942e-16;-9.990E+02;7.83764e-15;2.67957e-15;-9.990E+02
02:38:41.065;-01:14:30.403;3.08E+20;0.8;-999/-999;159035.0;4.38779e-15;9.31501e-16;3.09839e-15;1.04196e-15;-9.990E+02;3.21103e-15;1.26569e-15;-9.990E+02;5.47126e-15;2.02679e-15;-9.990E+02
02:38:39.434;-01:21:59.042;3.07E+20;0.914;+0.11/-0.10;159736.0;3.12505e-14;1.89015e-15;2.45822e-14;2.34125e-15;-9.990E+02;3.1874e-14;3.23183e-15;-9.990E+02;3.20081e-14;3.91808e-15;-9.990E+02
02:38:44.019;-01:17:21.786;3.07E+20;0.8;-999/-999;160053.0;2.79906e-15;7.92186e-16;3.84507e-15;1.23592e-15;-9.990E+02;8.4334e-16;6.94181e-16;-9.990E+02;1.27699e-15;1.05113e-15;-9.990E+02
02:38:23.352;-01:10:30.365;3.08E+20;0.8;-999/-999;156358.0;3.82193e-15;8.75889e-16;2.86101e-15;1.00947e-15;-9.990E+02;3.67067e-15;1.36538e-15;-9.990E+02;3.08654e-15;1.55028e-15;-9.990E+02
02:38:34.444;-01:11:35.993;3.09E+20;0.722;+0.26/-0.19;153148.0;1.00487e-14;1.34753e-15;4.98437e-15;1.23354e-15;-9.990E+02;9.79756e-15;2.06308e-15;-9.990E+02;1.11464e-14;2.75855e-15;-9.990E+02
02:38:17.268;-01:10:09.440;3.08E+20;0.8;-999/-999;156066.0;2.91407e-15;8.06374e-16;1.30957e-15;7.24623e-16;-9.990E+02;2.98638e-15;1.30307e-15;-9.990E+02;3.95386e-15;1.86077e-15;-9.990E+02
02:37:44.563;-01:21:18.043;3.06E+20;0.8;-999/-999;159542.0;2.7786e-15;7.91901e-16;7.48719e-16;5.48379e-16;-9.990E+02;3.5594e-15;1.44227e-15;-9.990E+02;3.77321e-15;1.81384e-15;-9.990E+02
02:38:44.062;-01:20:57.804;3.07E+20;0.8;-999/-999;160073.0;4.65027e-15;9.7286e-16;2.08882e-15;8.7388e-16;-9.990E+02;3.40326e-15;1.32215e-15;-9.990E+02;8.37668e-15;2.57985e-15;-9.990E+02
02:38:33.229;-01:24:28.122;3.07E+20;0.8;-999/-999;160013.0;3.83029e-15;8.89472e-16;1.29035e-15;6.91114e-16;-9.990E+02;5.51785e-15;1.72406e-15;-9.990E+02;3.71399e-15;1.72493e-15;-9.990E+02
02:37:58.148;-01:10:31.770;3.06E+20;0.8;-999/-999;149880.0;3.16621e-15;8.19687e-16;3.24836e-15;1.11397e-15;-9.990E+02;5.7947e-16;5.67724e-16;-9.990E+02;4.3877e-15;1.89092e-15;-9.990E+02
02:37:40.005;-01:15:26.066;3.06E+20;0.8;-999/-999;159050.0;4.98759e-15;1.0003e-15;3.1785e-15;1.11372e-15;-9.990E+02;5.3569e-15;1.74268e-15;-9.990E+02;4.3683e-15;1.94051e-15;-9.990E+02
02:37:44.661;-01:23:13.980;3.06E+20;0.632;+0.16/-0.13;159623.0;2.17917e-14;1.90044e-15;1.26662e-14;1.77427e-15;-9.990E+02;1.46036e-14;2.34999e-15;-9.990E+02;2.50557e-14;3.85823e-15;-9.990E+02
02:38:49.401;-01:19:19.871;3.07E+20;0.8;-999/-999;158571.0;7.0991e-15;1.13964e-15;1.55526e-15;7.3356e-16;-9.990E+02;1.01991e-14;2.21355e-15;-9.990E+02;8.72706e-15;2.54157e-15;-9.990E+02
02:37:40.685;-01:21:44.312;3.06E+20;0.8;-999/-999;160029.0;2.18537e-15;7.36329e-16;1.50966e-15;8.1683e-16;-9.990E+02;4.30687e-16;5.27147e-16;-9.990E+02;4.56612e-15;2.1006e-15;-9.990E+02
02:38:43.254;-01:12:33.356;3.08E+20;0.8;-999/-999;157679.0;2.68745e-15;8.06374e-16;3.48819e-15;1.23461e-15;-9.990E+02;1.52879e-15;9.68758e-16;-9.990E+02;5.78929e-16;7.33094e-16;-9.990E+02
02:37:39.614;-01:21:30.904;3.06E+20;0.8;-999/-999;160228.0;2.18259e-15;7.50222e-16;1.38367e-15;7.94626e-16;-9.990E+02;2.30329e-15;1.23226e-15;-9.990E+02;1.99333e-15;1.41819e-15;-9.990E+02
02:38:28.152;-01:09:36.673;3.09E+20;0.8;-999/-999;141585.0;2.55212e-15;8.06664e-16;1.63821e-15;8.70244e-16;-9.990E+02;9.33259e-16;7.74452e-16;-9.990E+02;4.94578e-15;2.22789e-15;-9.990E+02
02:37:44.294;-01:11:57.817;3.06E+20;0.8;-999/-999;142865.0;3.1037e-15;8.47473e-16;8.36041e-16;5.82809e-16;-9.990E+02;1.59034e-15;9.70292e-16;-9.990E+02;7.82672e-15;2.62346e-15;-9.990E+02
02:38:09.328;-01:08:29.016;3.07E+20;0.8;-999/-999;144009.0;4.7823e-15;9.7286e-16;7.81249e-16;5.24328e-16;-9.990E+02;1.67066e-15;9.22014e-16;-9.990E+02;1.43331e-14;3.32049e-15;-9.990E+02
02:37:58.751;-01:09:13.010;3.06E+20;0.8;-999/-999;139998.0;3.5969e-15;8.75259e-16;2.30654e-15;9.50806e-16;-9.990E+02;2.63289e-15;1.19026e-15;-9.990E+02;4.98333e-15;2.05424e-15;-9.990E+02
02:38:43.653;-01:23:52.934;3.07E+20;0.8;-999/-999;158698.0;2.44327e-15;7.78288e-16;2.74398e-16;3.45058e-16;-9.990E+02;2.73828e-15;1.32037e-15;-9.990E+02;4.73924e-15;2.15616e-15;-9.990E+02
02:37:43.305;-01:24:11.366;3.06E+20;0.8;-999/-999;158980.0;3.47603e-15;8.75259e-16;1.31406e-15;7.29758e-16;-9.990E+02;2.81264e-15;1.25469e-15;-9.990E+02;6.38751e-15;2.34478e-15;-9.990E+02
02:37:33.744;-01:16:45.946;3.05E+20;0.8;-999/-999;150974.0;5.04587e-15;1.0139e-15;3.01902e-15;1.04556e-15;-9.990E+02;6.15707e-15;1.79658e-15;-9.990E+02;3.73056e-15;1.71624e-15;-9.990E+02
02:37:49.887;-01:26:03.864;3.06E+20;0.8;-999/-999;158676.0;2.27428e-15;7.78008e-16;1.92282e-15;9.48561e-16;-9.990E+02;1.71421e-15;1.08277e-15;-9.990E+02;2.07688e-15;1.45322e-15;-9.990E+02
02:37:49.585;-01:09:42.899;3.06E+20;0.8;-999/-999;135282.0;4.06787e-15;9.44724e-16;5.21933e-16;4.53822e-16;-9.990E+02;2.97851e-15;1.29455e-15;-9.990E+02;1.01499e-14;2.94095e-15;-9.990E+02
02:37:34.232;-01:20:33.705;3.05E+20;0.8;-999/-999;158403.0;2.37641e-15;7.63895e-16;1.93906e-15;9.28144e-16;-9.990E+02;5.5378e-16;6.02183e-16;-9.990E+02;4.1925e-15;2.00677e-15;-9.990E+02
02:37:57.502;-01:27:30.753;3.06E+20;0.945;+0.27/-0.20;142161.0;8.9136e-15;1.18815e-15;5.337e-15;1.29022e-15;-9.990E+02;1.21822e-14;2.29406e-15;-9.990E+02;8.97365e-15;2.37416e-15;-9.990E+02
02:38:48.276;-01:23:39.621;3.07E+20;0.8;-999/-999;157250.0;2.38073e-15;7.78288e-16;2.01292e-15;9.54776e-16;-9.990E+02;2.15196e-15;1.19114e-15;-9.990E+02;1.63006e-15;1.28831e-15;-9.990E+02
02:37:31.651;-01:17:42.912;3.05E+20;0.8;-999/-999;147049.0;8.20979e-15;1.22223e-15;5.70648e-15;1.35295e-15;-9.990E+02;8.14655e-15;1.93147e-15;-9.990E+02;7.19592e-15;2.2531e-15;-9.990E+02
02:38:46.018;-01:24:14.590;3.07E+20;0.8;-999/-999;158139.0;2.81851e-15;8.19982e-16;3.50551e-15;1.22418e-15;-9.990E+02;1.66639e-15;1.00567e-15;-9.990E+02;8.41441e-16;8.95884e-16;-9.990E+02
02:37:32.906;-01:20:21.238;3.05E+20;0.299;+0.19/-0.16;153828.0;1.92518e-14;2.14951e-15;4.08534e-15;1.05255e-15;-9.990E+02;1.40647e-14;2.53084e-15;-9.990E+02;2.54466e-14;4.35432e-15;-9.990E+02
02:37:32.449;-01:19:41.809;3.05E+20;0.8;-999/-999;151780.0;2.4653e-15;7.91673e-16;3.16112e-16;3.87661e-16;-9.990E+02;1.80512e-15;1.08016e-15;-9.990E+02;6.15022e-15;2.4741e-15;-9.990E+02
02:37:50.056;-01:26:39.633;3.06E+20;0.823;+0.21/-0.17;158549.0;1.20221e-14;1.3629e-15;7.76795e-15;1.44606e-15;-9.990E+02;1.18582e-14;2.1315e-15;-9.990E+02;1.27713e-14;2.7198e-15;-9.990E+02
02:38:54.381;-01:15:04.321;3.08E+20;0.8;-999/-999;149759.0;2.44137e-15;8.06374e-16;6.26924e-16;5.50464e-16;-9.990E+02;2.23266e-15;1.22866e-15;-9.990E+02;4.73331e-15;2.21599e-15;-9.990E+02
02:37:59.509;-01:28:08.831;3.06E+20;0.8;-999/-999;144039.0;4.39297e-15;1.0003e-15;1.0758e-15;6.82605e-16;-9.990E+02;5.11486e-15;1.79394e-15;-9.990E+02;6.97505e-15;2.56147e-15;-9.990E+02
02:38:33.440;-01:08:09.701;3.09E+20;-0.075;+0.20/-0.16;135345.0;2.69462e-14;2.97622e-15;3.46995e-15;1.01063e-15;-9.990E+02;1.36223e-14;2.74711e-15;-9.990E+02;4.1489e-14;6.14726e-15;-9.990E+02
02:37:30.007;-01:17:16.480;3.05E+20;0.8;-999/-999;140497.0;2.60002e-15;8.19451e-16;1.94479e-15;9.49584e-16;-9.990E+02;1.66597e-15;1.03674e-15;-9.990E+02;3.36402e-15;1.81165e-15;-9.990E+02
02:38:18.399;-01:28:58.826;3.06E+20;1.291;+0.18/-0.15;149689.0;1.3365e-14;1.12602e-15;1.87288e-14;2.36002e-15;-9.990E+02;2.05471e-14;2.8012e-15;-9.990E+02;1.17062e-14;2.45988e-15;-9.990E+02
02:38:43.351;-01:09:50.849;3.09E+20;0.8;-999/-999;144419.0;4.64944e-15;1.0431e-15;1.31987e-15;7.53961e-16;-9.990E+02;3.75654e-15;1.48659e-15;-9.990E+02;9.48728e-15;2.91734e-15;-9.990E+02
02:38:16.381;-01:28:59.282;3.06E+20;0.8;-999/-999;148140.0;4.33184e-15;9.7251e-16;3.88955e-15;1.22899e-15;-9.990E+02;3.17036e-15;1.32267e-15;-9.990E+02;3.60126e-15;1.77017e-15;-9.990E+02
02:37:29.210;-01:19:04.593;3.05E+20;0.8;-999/-999;140390.0;2.85558e-15;8.47229e-16;2.5628e-15;1.06451e-15;-9.990E+02;6.09657e-16;6.24249e-16;-9.990E+02;4.61994e-15;2.09625e-15;-9.990E+02
02:38:10.962;-01:29:26.391;3.06E+20;0.8;-999/-999;153195.0;7.51889e-15;1.1948e-15;4.64301e-15;1.26941e-15;-9.990E+02;4.81587e-15;1.53054e-15;-9.990E+02;1.18533e-14;2.97437e-15;-9.990E+02
02:37:28.901;-01:15:14.233;3.05E+20;0.8;-999/-999;132967.0;8.1084e-15;1.2639e-15;1.21284e-15;6.61642e-16;-9.990E+02;8.65905e-15;2.10515e-15;-9.990E+02;1.5734e-14;3.47452e-15;-9.990E+02
02:37:29.867;-01:21:04.266;3.05E+20;0.8;-999/-999;140701.0;2.85002e-15;8.3334e-16;2.9218e-15;1.13481e-15;-9.990E+02;5.21393e-16;5.64457e-16;-9.990E+02;3.95102e-15;1.93293e-15;-9.990E+02
02:37:31.212;-01:13:30.476;3.05E+20;0.8;-999/-999;129556.0;7.23895e-15;1.20834e-15;6.87819e-15;1.62668e-15;-9.990E+02;5.45239e-15;1.73394e-15;-9.990E+02;4.95683e-15;2.01647e-15;-9.990E+02
02:38:35.196;-01:28:27.846;3.07E+20;0.711;+0.16/-0.14;150700.0;2.41503e-14;2.2389e-15;1.02541e-14;1.81776e-15;-9.990E+02;2.5508e-14;3.5856e-15;-9.990E+02;2.6934e-14;4.45939e-15;-9.990E+02
02:37:37.527;-01:10:42.150;3.06E+20;0.8;-999/-999;109855.0;6.7131e-15;1.20869e-15;8.6099e-16;5.7233e-16;-9.990E+02;6.14352e-15;1.82989e-15;-9.990E+02;1.48826e-14;3.49561e-15;-9.990E+02
02:37:44.143;-01:26:38.005;3.06E+20;0.8;-999/-999;158418.0;6.96178e-15;1.20869e-15;6.06011e-15;1.48322e-15;-9.990E+02;3.78364e-15;1.39351e-15;-9.990E+02;8.18787e-15;2.54045e-15;-9.990E+02
02:37:37.344;-01:25:26.316;3.06E+20;0.8;-999/-999;153583.0;2.91614e-15;8.47473e-16;8.72966e-16;6.08756e-16;-9.990E+02;4.35671e-15;1.65014e-15;-9.990E+02;2.82883e-15;1.62194e-15;-9.990E+02
02:39:00.799;-01:20:38.816;3.06E+20;0.037;+0.28/-0.21;140136.0;1.66559e-14;2.42187e-15;3.19901e-15;1.06351e-15;-9.990E+02;8.10836e-15;2.3035e-15;-9.990E+02;2.44778e-14;5.17331e-15;-9.990E+02
02:37:41.565;-01:26:56.234;3.06E+20;0.8;-999/-999;151847.0;2.86196e-15;8.61366e-16;1.28462e-15;7.63439e-16;-9.990E+02;1.83274e-15;1.08918e-15;-9.990E+02;5.55201e-15;2.3437e-15;-9.990E+02
02:38:55.950;-01:23:51.279;3.06E+20;0.8;-999/-999;145399.0;6.52832e-15;1.20869e-15;1.80381e-15;8.32049e-16;-9.990E+02;7.07609e-15;1.98686e-15;-9.990E+02;1.07159e-14;3.00887e-15;-9.990E+02
02:37:35.876;-01:25:41.019;3.05E+20;0.8;-999/-999;140790.0;3.18058e-15;9.16674e-16;2.07592e-15;9.99693e-16;-9.990E+02;7.40984e-16;7.13579e-16;-9.990E+02;6.73236e-15;2.65683e-15;-9.990E+02
22:20:05.506;+01:11:38.224;4.15E+20;0.8;-999/-999;5120.8;7.20188e-14;1.72776e-14;5.80681e-14;2.16672e-14;-9.990E+02;3.86542e-14;2.04809e-14;-9.990E+02;9.64909e-14;3.97411e-14;-9.990E+02
22:20:20.231;+01:08:41.088;4.19E+20;0.8;-999/-999;5106.2;5.32815e-14;1.4416e-14;9.1271e-15;8.35836e-15;-9.990E+02;7.27272e-14;2.71933e-14;-9.990E+02;7.25747e-14;3.3231e-14;-9.990E+02
22:19:58.517;+01:10:47.160;4.14E+20;0.8;-999/-999;5226.4;9.02792e-14;1.87122e-14;5.98926e-14;1.98866e-14;-9.990E+02;9.30914e-14;3.05666e-14;-9.990E+02;7.96966e-14;3.35687e-14;-9.990E+02
22:20:44.446;+01:13:45.939;4.21E+20;0.8;-999/-999;5046.9;3.66132e-14;1.22621e-14;1.38088e-14;1.05987e-14;-9.990E+02;1.83162e-14;1.40583e-14;-9.990E+02;8.22435e-14;3.67207e-14;-9.990E+02
22:20:04.231;+01:18:10.355;4.13E+20;0.8;-999/-999;4949.5;7.56861e-14;1.72668e-14;2.84503e-14;-3.24258e-11;8.55131e-14;5.17318e-14;2.20842e-14;-9.990E+02;2.06527e-13;5.45879e-14;-9.990E+02
22:20:00.591;+01:07:41.018;4.16E+20;0.8;-999/-999;5207.9;4.59744e-14;1.35388e-14;2.3594e-14;1.37309e-14;-9.990E+02;5.2326e-14;2.26001e-14;-9.990E+02;4.70035e-14;2.73544e-14;-9.990E+02
22:20:59.350;+00:59:32.752;4.27E+20;0.8;-999/-999;2522.6;2.60299e-13;4.48043e-14;2.95372e-13;6.5441e-14;-9.990E+02;1.30068e-13;5.0879e-14;-9.990E+02;1.9453e-13;7.60945e-14;-9.990E+02
03:30:58.950;+01:09:53.402;7.98E+20;0.8;-999/-999;3312.4;5.57802e-14;1.92456e-14;1.75465e-14;1.62044e-14;-9.990E+02;3.74772e-14;2.45019e-14;-9.990E+02;1.07938e-13;4.98459e-14;-9.990E+02
03:04:35.360;+00:45:32.469;6.38E+20;0.8;-999/-999;21643.8;2.18954e-14;4.92032e-15;2.12688e-14;6.9341e-15;-9.990E+02;2.48121e-14;8.08931e-15;-9.990E+02;4.5397e-15;4.22922e-15;-9.990E+02
03:04:48.258;+00:44:09.483;6.36E+20;0.8;-999/-999;22772.7;1.48393e-14;4.14936e-15;7.06392e-15;4.14835e-15;-9.990E+02;1.37503e-14;6.05533e-15;-9.990E+02;2.01294e-14;8.8645e-15;-9.990E+02
03:04:51.478;+00:44:32.203;6.36E+20;0.8;-999/-999;23079.8;1.46088e-14;4.14936e-15;8.61044e-15;4.52864e-15;-9.990E+02;1.7596e-14;7.05468e-15;-9.990E+02;1.10427e-14;6.88679e-15;-9.990E+02
03:04:53.173;+00:45:32.353;6.35E+20;0.8;-999/-999;23555.0;1.18679e-14;3.84075e-15;1.11222e-14;5.45974e-15;-9.990E+02;5.19606e-15;3.82673e-15;-9.990E+02;1.522e-14;8.4092e-15;-9.990E+02
03:04:47.322;+00:42:06.188;6.36E+20;0.8;-999/-999;23203.5;1.76578e-14;4.45672e-15;2.42816e-14;7.35231e-15;-9.990E+02;8.50929e-15;4.90792e-15;-9.990E+02;8.30099e-15;5.83562e-15;-9.990E+02
03:05:00.858;+00:49:13.573;6.34E+20;0.8;-999/-999;24146.3;1.95981e-14;4.6077e-15;1.57101e-14;5.95615e-15;-9.990E+02;1.3122e-14;5.87639e-15;-9.990E+02;2.30544e-14;9.24345e-15;-9.990E+02
03:05:04.908;+00:43:41.360;6.34E+20;0.8;-999/-999;23053.6;1.55433e-14;4.30052e-15;1.33491e-14;5.63967e-15;-9.990E+02;1.56087e-14;6.59429e-15;-9.990E+02;9.1405e-15;6.20384e-15;-9.990E+02
03:04:23.561;+00:38:55.186;6.41E+20;0.8;-999/-999;23762.3;1.2402e-14;3.84725e-15;1.424e-14;5.85756e-15;-9.990E+02;1.32659e-14;6.09226e-15;-9.990E+02;7.27745e-15;-1.35307e-11;3.20685e-14
03:05:09.891;+00:49:09.023;6.32E+20;0.8;-999/-999;24081.0;1.43593e-14;4.14477e-15;4.54782e-15;3.22361e-15;-9.990E+02;5.32372e-15;3.77359e-15;-9.990E+02;3.50714e-14;1.20282e-14;-9.990E+02
03:04:02.327;+00:45:51.992;6.43E+20;1.131;+0.05/-0.05;22444.1;8.47971e-13;2.3402e-14;8.78488e-13;4.07045e-14;-9.990E+02;1.1113e-12;4.5842e-14;-9.990E+02;7.9315e-13;4.47859e-14;-9.990E+02
03:04:10.410;+00:52:22.324;6.44E+20;0.8;-999/-999;23387.9;1.36261e-14;4.15854e-15;5.63692e-15;3.776e-15;-9.990E+02;9.83254e-15;5.36826e-15;-9.990E+02;2.39741e-14;1.03505e-14;-9.990E+02
03:05:03.768;+00:38:26.464;6.34E+20;0.8;-999/-999;14805.0;3.88276e-14;6.75796e-15;8.88676e-15;4.64276e-15;-9.990E+02;4.15566e-14;1.08536e-14;-9.990E+02;6.08464e-14;1.58916e-14;-9.990E+02
03:04:00.011;+00:48:29.993;6.44E+20;0.8;-999/-999;21777.6;2.318e-14;5.23668e-15;1.59867e-14;6.3029e-15;-9.990E+02;2.23029e-14;8.01719e-15;-9.990E+02;2.17468e-14;9.38046e-15;-9.990E+02
03:05:16.346;+00:39:12.515;6.32E+20;0.144;+0.26/-0.19;11252.5;9.96221e-14;1.35707e-14;3.52914e-14;8.77422e-15;-9.990E+02;3.46245e-14;1.0428e-14;-9.990E+02;1.40094e-13;2.69176e-14;-9.990E+02
02:02:23.867;-01:07:12.295;2.47E+20;0.8;-999/-999;1675.0;3.72288e-13;5.71704e-14;3.80343e-13;7.65452e-14;-9.990E+02;3.22276e-13;8.51461e-14;-9.990E+02;1.22785e-13;6.65085e-14;-9.990E+02
02:02:16.445;-01:07:46.051;2.47E+20;0.8;-999/-999;1951.5;6.62904e-14;2.58628e-14;2.32209e-14;1.96868e-14;-9.990E+02;1.03278e-13;5.2558e-14;-9.990E+02;5.24744e-14;4.4488e-14;-9.990E+02
02:02:44.094;-00:57:30.402;2.46E+20;0.8;-999/-999;1869.3;7.39813e-14;2.85747e-14;1.03582e-13;4.48856e-14;-9.990E+02;3.84157e-14;3.42525e-14;-9.990E+02;5.8591e-14;-1.12981e-10;3.88111e-13
21:00:11.654;+00:37:29.126;5.58E+20;0.8;-999/-999;4146.2;7.8788e-14;2.10462e-14;6.74617e-14;2.73209e-14;-9.990E+02;0;-5.13069e-11;1.8161e-13;1.6208e-13;5.68229e-14;-9.990E+02
20:59:48.971;+00:38:20.590;5.72E+20;0.8;-999/-999;4064.1;4.02708e-14;1.66034e-14;3.46849e-14;-3.33206e-11;1.06874e-13;5.88127e-14;2.97737e-14;-9.990E+02;5.77556e-14;3.76034e-14;-9.990E+02
00:52:39.785;-00:38:38.912;3.39E+20;0.747;+0.10/-0.08;2295.9;2.53601e-12;1.37795e-13;1.21445e-12;1.26353e-13;-9.990E+02;2.66562e-12;2.31964e-13;-9.990E+02;2.77328e-12;2.79515e-13;-9.990E+02
00:52:25.251;-00:37:04.956;3.36E+20;0.8;-999/-999;2454.7;7.94745e-14;2.66646e-14;5.41981e-14;2.91031e-14;-9.990E+02;7.58378e-14;4.07231e-14;-9.990E+02;7.6362e-14;4.97702e-14;-9.990E+02
20:35:49.962;-00:25:51.390;7.96E+20;0.8;-999/-999;5364.8;3.77667e-14;1.26637e-14;9.23447e-15;9.05811e-15;-9.990E+02;1.97469e-14;1.36588e-14;-9.990E+02;8.53383e-14;3.43309e-14;-9.990E+02
20:35:55.858;-00:23:37.746;7.86E+20;0.8;-999/-999;4599.9;3.60552e-13;3.67747e-14;1.33923e-14;1.07468e-14;-9.990E+02;1.15254e-13;3.1773e-14;-9.990E+02;1.03845e-12;1.16608e-13;-9.990E+02
20:35:53.472;-00:32:25.454;8.09E+20;0.8;-999/-999;5518.6;2.36405e-14;1.02925e-14;1.74343e-14;1.32189e-14;-9.990E+02;9.25585e-15;9.87921e-15;-9.990E+02;3.9934e-14;2.46776e-14;-9.990E+02
20:36:40.934;-00:23:22.087;7.39E+20;0.8;-999/-999;5518.6;3.01723e-14;1.26376e-14;6.48865e-14;2.71776e-14;-9.990E+02;1.19301e-14;-2.99452e-11;1.1829e-13;5.18298e-14;-4.33742e-11;1.71337e-13
00:14:30.663;-00:44:15.462;3.00E+20;0.8;-999/-999;3614.8;4.2829e-14;1.52515e-14;3.83437e-14;1.91222e-14;-9.990E+02;1.83109e-14;1.56504e-14;-9.990E+02;5.55149e-14;3.38803e-14;-9.990E+02
00:14:20.808;-00:36:13.784;2.96E+20;0.8;-999/-999;3806.1;5.14933e-14;1.66152e-14;2.302e-14;1.44834e-14;-9.990E+02;3.30562e-14;2.07979e-14;-9.990E+02;1.00189e-13;4.44626e-14;-9.990E+02
01:16:00.223;-00:51:59.340;4.03E+20;0.8;-999/-999;4805.4;8.32095e-14;1.86472e-14;3.1139e-14;1.52044e-14;-9.990E+02;1.46224e-13;3.67631e-14;-9.990E+02;3.13167e-14;2.15562e-14;-9.990E+02
01:15:21.893;-00:49:34.402;3.91E+20;0.8;-999/-999;4726.9;4.79539e-14;1.41461e-14;1.78526e-14;1.12889e-14;-9.990E+02;9.65059e-14;3.05123e-14;-9.990E+02;1.8114e-14;-5.33813e-11;2.39271e-13
03:09:49.946;+01:13:36.240;5.95E+20;0.8;-999/-999;882.6;9.87545e-14;4.70983e-14;1.33491e-13;7.6866e-14;-9.990E+02;0;-1.14078e-10;5.26372e-13;1.17341e-13;9.82804e-14;-9.990E+02
03:18:17.445;-00:17:47.838;5.11E+20;0.025;+0.17/-0.14;10190.3;1.55151e-13;1.50566e-14;9.4139e-15;3.74721e-15;-9.990E+02;1.07533e-13;1.63085e-14;-9.990E+02;2.2938e-13;3.04418e-14;-9.990E+02
03:18:29.285;-00:15:11.216;5.15E+20;0.8;-999/-999;22674.2;7.44031e-15;2.82055e-15;1.82443e-15;1.9578e-15;-9.990E+02;1.37158e-14;6.13363e-15;-9.990E+02;3.38817e-15;3.63587e-15;-9.990E+02
03:18:19.993;-00:13:27.789;5.15E+20;0.8;-999/-999;21439.4;8.24046e-15;2.969e-15;6.92789e-15;3.80903e-15;-9.990E+02;5.787e-15;3.92976e-15;-9.990E+02;8.57725e-15;5.82452e-15;-9.990E+02
03:18:45.024;-00:18:47.740;5.13E+20;0.660;+0.24/-0.18;9612.3;6.90648e-14;8.55088e-15;1.31194e-14;4.81823e-15;-9.990E+02;8.60803e-14;1.4332e-14;-9.990E+02;7.84798e-14;1.69797e-14;-9.990E+02
03:18:36.372;-00:22:13.993;5.08E+20;0.969;+0.27/-0.20;8889.4;5.04402e-14;6.70644e-15;1.47183e-14;5.56641e-15;-9.990E+02;8.78545e-14;1.47455e-14;-9.990E+02;5.04557e-14;1.3415e-14;-9.990E+02
03:18:04.304;-00:15:14.457;5.13E+20;0.8;-999/-999;22050.5;1.55789e-14;4.00599e-15;5.55137e-15;3.36456e-15;-9.990E+02;2.39339e-14;-9.83839e-12;2.3e-14;4.6443e-14;1.32115e-14;-9.990E+02
03:18:08.006;-00:25:17.124;4.89E+20;1.265;+0.17/-0.14;6567.6;1.12487e-13;9.00287e-15;1.33018e-13;1.7572e-14;-9.990E+02;1.84235e-13;2.16337e-14;-9.990E+02;9.94779e-14;1.86809e-14;-9.990E+02
03:17:57.019;-00:10:03.881;5.18E+20;0.8;-999/-999;15727.5;4.47553e-14;6.98373e-15;3.51667e-14;8.62679e-15;-9.990E+02;3.29823e-14;9.40631e-15;-9.990E+02;4.88694e-14;1.39372e-14;-9.990E+02
03:17:53.120;-00:10:43.513;5.17E+20;0.8;-999/-999;15109.1;4.52007e-14;7.12992e-15;4.03324e-14;9.40215e-15;-9.990E+02;4.03657e-14;1.07192e-14;-9.990E+02;2.99187e-14;1.12384e-14;-9.990E+02
03:17:40.056;-00:15:54.821;5.13E+20;0.8;-999/-999;18328.2;2.7582e-14;5.78643e-15;4.50449e-15;3.34711e-15;-9.990E+02;2.8253e-14;9.09421e-15;-9.990E+02;5.0261e-14;1.48663e-14;-9.990E+02
03:17:32.768;-00:17:45.121;4.97E+20;0.235;+0.24/-0.19;13282.1;1.09652e-13;1.445e-14;3.99818e-14;9.4358e-15;-9.990E+02;4.57663e-14;1.25365e-14;-9.990E+02;1.48461e-13;2.89855e-14;-9.990E+02
00:09:11.631;-00:36:57.360;3.25E+20;0.8;-999/-999;23126.7;8.27654e-14;7.69065e-15;9.25047e-15;3.43032e-15;-9.990E+02;1.82478e-14;5.6866e-15;-9.990E+02;2.71806e-13;2.75041e-14;-9.990E+02
00:09:28.212;-00:39:49.586;3.26E+20;0.8;-999/-999;24716.5;1.20968e-14;3.35712e-15;1.99158e-15;1.84591e-15;-9.990E+02;1.1221e-14;5.19843e-15;-9.990E+02;2.54341e-14;9.7056e-15;-9.990E+02
00:09:09.367;-00:36:57.698;3.25E+20;0.8;-999/-999;24136.7;1.18268e-14;3.35592e-15;9.734e-15;4.12398e-15;-9.990E+02;5.48682e-15;3.67096e-15;-9.990E+02;1.65801e-14;7.856e-15;-9.990E+02
00:09:48.736;-00:34:55.387;3.26E+20;0.8;-999/-999;25953.6;2.19751e-14;4.47616e-15;9.95159e-15;3.98013e-15;-9.990E+02;2.56924e-14;7.68169e-15;-9.990E+02;2.47115e-14;9.40904e-15;-9.990E+02
00:09:04.333;-00:43:33.332;3.26E+20;0.8;-999/-999;24508.4;3.17248e-14;5.17556e-15;1.36784e-14;4.60084e-15;-9.990E+02;3.85333e-14;9.11955e-15;-9.990E+02;3.49348e-14;1.05198e-14;-9.990E+02
00:09:53.175;-00:42:13.965;3.27E+20;0.8;-999/-999;21720.8;2.19115e-14;4.61736e-15;9.92902e-15;4.18358e-15;-9.990E+02;2.32903e-14;7.60405e-15;-9.990E+02;2.81522e-14;1.03798e-14;-9.990E+02
00:09:02.329;-00:44:59.412;3.27E+20;0.8;-999/-999;24556.6;2.11559e-14;4.47744e-15;1.27815e-14;4.59179e-15;-9.990E+02;2.09887e-14;7.10805e-15;-9.990E+02;2.26522e-14;9.11804e-15;-9.990E+02
00:08:44.801;-00:44:45.025;3.25E+20;0.8;-999/-999;20235.9;1.52694e-14;4.33473e-15;3.95183e-15;3.03286e-15;-9.990E+02;1.66995e-14;7.2884e-15;-9.990E+02;2.52395e-14;1.10157e-14;-9.990E+02
00:08:42.712;-00:44:04.099;3.24E+20;0.8;-999/-999;19997.9;2.94097e-14;5.73098e-15;3.54917e-15;2.67136e-15;-9.990E+02;2.50161e-14;8.42192e-15;-9.990E+02;6.80445e-14;1.70812e-14;-9.990E+02
00:08:52.062;-00:27:39.406;3.23E+20;0.695;+0.25/-0.19;15999.2;6.53345e-14;8.80846e-15;3.27293e-14;7.98456e-15;-9.990E+02;5.95303e-14;1.29384e-14;-9.990E+02;7.33602e-14;1.78968e-14;-9.990E+02
21:42:37.706;+00:28:11.462;4.37E+20;0.8;-999/-999;2822.2;5.88329e-14;2.02972e-14;4.46763e-14;2.40861e-14;-9.990E+02;0;-5.05766e-11;1.93702e-13;1.31524e-13;6.14139e-14;-9.990E+02
21:41:56.963;+00:20:38.445;4.38E+20;0.8;-999/-999;2346.2;6.69122e-14;2.32032e-14;1.27102e-13;4.40752e-14;-9.990E+02;0;-5.77789e-11;5.51033e-13;1.49514e-13;-8.6316e-11;8.23189e-13
21:42:43.973;+00:36:51.541;4.37E+20;0.8;-999/-999;3021.1;7.88256e-14;2.46466e-14;2.99494e-14;2.03452e-14;-9.990E+02;7.86306e-14;4.00926e-14;-9.990E+02;1.1748e-13;5.99015e-14;-9.990E+02
21:42:25.126;+00:16:39.889;4.35E+20;0.8;-999/-999;2913.8;5.49278e-14;2.17335e-14;6.25009e-14;3.22674e-14;-9.990E+02;2.7408e-14;2.35731e-14;-9.990E+02;4.09581e-14;3.52273e-14;-9.990E+02
03:50:00.714;-01:27:55.977;9.37E+20;0.8;-999/-999;7599.1;4.46908e-14;1.14464e-14;9.45485e-15;7.99165e-15;-9.990E+02;2.81796e-14;1.38175e-14;-9.990E+02;9.33663e-14;2.96322e-14;-9.990E+02
03:50:10.081;-01:21:29.321;9.69E+20;0.8;-999/-999;7756.8;2.48522e-14;8.85789e-15;1.17176e-14;9.24019e-15;-9.990E+02;3.43559e-14;1.57209e-14;-9.990E+02;1.62042e-14;1.27782e-14;-9.990E+02
03:49:42.113;-01:26:32.216;9.35E+20;0.8;-999/-999;8109.5;4.00265e-14;1.09435e-14;2.0683e-14;1.15677e-14;-9.990E+02;5.14153e-14;1.81736e-14;-9.990E+02;2.92011e-14;1.63317e-14;-9.990E+02
03:49:40.526;-01:27:17.665;9.34E+20;0.8;-999/-999;7827.8;4.66145e-14;1.17697e-14;2.40805e-14;1.29323e-14;-9.990E+02;3.59294e-14;1.5837e-14;-9.990E+02;6.80475e-14;2.59996e-14;-9.990E+02
03:50:16.257;-01:31:21.233;9.35E+20;0.8;-999/-999;7658.9;4.9428e-13;3.48201e-14;1.00986e-12;7.53828e-14;-9.990E+02;1.38794e-13;2.77627e-14;-9.990E+02;7.21317e-13;-1.14213e-10;7.65957e-14
03:49:32.781;-01:23:08.839;9.38E+20;0.8;-999/-999;7683.1;3.28044e-14;1.04536e-14;2.29159e-14;1.298e-14;-9.990E+02;3.03311e-14;1.49009e-14;-9.990E+02;3.2295e-14;1.82925e-14;-9.990E+02
03:49:32.257;-01:28:02.644;9.31E+20;0.8;-999/-999;7961.1;1.89338e-14;7.9512e-15;1.09886e-14;9.3578e-15;-9.990E+02;2.18978e-14;1.31026e-14;-9.990E+02;1.55524e-14;1.32443e-14;-9.990E+02
03:50:16.003;-01:33:51.535;9.31E+20;0.8;-999/-999;7660.2;2.75807e-14;9.77335e-15;1.60079e-14;-2.26695e-11;1.05655e-13;3.19039e-14;1.59769e-14;-9.990E+02;4.5318e-14;2.26944e-14;-9.990E+02
03:50:39.105;-01:21:13.109;9.86E+20;1.779;+0.27/-0.21;2586.3;1.38697e-13;1.38628e-14;3.81143e-13;6.20678e-14;-9.990E+02;3.5182e-13;5.08028e-14;-9.990E+02;9.89366e-14;2.8558e-14;-9.990E+02
03:49:19.116;-01:27:11.403;9.30E+20;0.8;-999/-999;6300.1;2.1993e-13;2.64976e-14;4.35887e-13;5.78876e-14;-9.990E+02;7.44921e-14;2.34436e-14;-9.990E+02;9.04165e-14;-8.69871e-11;1.16382e-13
03:50:18.798;-01:35:48.874;9.31E+20;0.8;-999/-999;7620.4;3.81492e-14;1.19268e-14;7.0847e-14;2.49234e-14;-9.990E+02;1.29149e-14;-2.75657e-11;1.16617e-13;2.50678e-14;1.74195e-14;-9.990E+02
03:49:22.510;-01:30:57.311;9.26E+20;0.8;-999/-999;7352.0;4.479e-14;1.29059e-14;5.19137e-14;2.09342e-14;-9.990E+02;1.72852e-14;1.19499e-14;-9.990E+02;4.91194e-14;2.43148e-14;-9.990E+02
03:49:40.848;-01:37:38.504;9.21E+20;0.775;+0.19/-0.16;6378.3;3.53325e-13;3.52989e-14;2.48066e-13;4.55376e-14;-9.990E+02;2.86498e-13;4.88937e-14;-9.990E+02;3.83666e-13;6.57432e-14;-9.990E+02
03:50:23.917;-01:38:22.029;9.32E+20;0.8;-999/-999;5287.0;7.6118e-14;1.82259e-14;7.06988e-14;2.64591e-14;-9.990E+02;3.52158e-14;1.87079e-14;-9.990E+02;1.00001e-13;3.74254e-14;-9.990E+02
23:22:45.692;-00:51:08.490;3.93E+20;0.8;-999/-999;3645.2;4.5339e-14;1.4298e-14;3.38138e-14;1.67497e-14;-9.990E+02;4.56383e-14;2.2607e-14;-9.990E+02;3.42322e-14;2.42896e-14;-9.990E+02
23:23:00.047;-00:53:59.121;3.98E+20;1.004;+0.18/-0.15;4051.6;3.44224e-13;3.24513e-14;3.83122e-13;5.232e-14;-9.990E+02;2.91356e-13;5.03923e-14;-9.990E+02;3.39979e-13;6.49982e-14;-9.990E+02
23:22:13.817;-00:53:38.484;3.84E+20;0.8;-999/-999;4548.1;2.76728e-14;1.18333e-14;4.11048e-14;1.90384e-14;-9.990E+02;2.00611e-14;-2.97898e-11;9.20783e-14;2.09508e-14;1.97095e-14;-9.990E+02
23:22:09.712;-00:46:54.008;3.80E+20;0.8;-999/-999;4431.6;4.76688e-14;1.70856e-14;5.88739e-14;2.43597e-14;-9.990E+02;3.45804e-14;-4.30549e-11;2.64865e-13;6.02261e-14;3.68642e-14;-9.990E+02
02:13:59.612;+00:42:25.142;2.91E+20;0.8;-999/-999;803.5;5.33391e-13;9.53718e-14;4.50821e-13;1.16873e-13;-9.990E+02;4.33123e-13;1.38677e-13;-9.990E+02;4.37748e-13;1.68999e-13;-9.990E+02
02:17:04.592;+01:14:38.549;3.16E+20;0.906;+0.11/-0.10;9251.1;2.51222e-13;1.52796e-14;1.6893e-13;1.7779e-14;-9.990E+02;2.90385e-13;2.73856e-14;-9.990E+02;2.58326e-13;3.14202e-14;-9.990E+02
02:16:47.416;+01:12:45.061;3.16E+20;1.994;+0.09/-0.08;9749.9;2.51162e-13;7.61208e-15;1.38775e-12;5.16683e-14;-9.990E+02;5.69614e-13;3.44725e-14;-9.990E+02;1.64211e-13;1.92892e-14;-9.990E+02
02:16:58.339;+01:09:31.908;3.15E+20;0.8;-999/-999;10393.3;4.59052e-14;7.6648e-15;4.13759e-14;9.78753e-15;-9.990E+02;4.89227e-14;1.26565e-14;-9.990E+02;1.47983e-14;8.64716e-15;-9.990E+02
02:17:16.235;+01:19:08.358;3.17E+20;0.8;-999/-999;10073.3;4.9449e-14;7.66975e-15;3.96522e-14;9.22617e-15;-9.990E+02;5.61702e-14;1.30696e-14;-9.990E+02;2.12467e-14;9.88207e-15;-9.990E+02
02:17:25.014;+01:17:32.780;3.16E+20;0.8;-999/-999;10397.3;5.38541e-14;8.08578e-15;6.17714e-14;1.15699e-14;-9.990E+02;2.50279e-14;8.76314e-15;-9.990E+02;3.78617e-14;1.32567e-14;-9.990E+02
02:16:53.269;+01:08:35.646;3.15E+20;0.738;+0.24/-0.18;10242.3;7.20097e-14;9.52315e-15;5.01912e-14;9.93904e-15;-9.990E+02;5.17885e-14;1.20267e-14;-9.990E+02;7.9235e-14;1.84005e-14;-9.990E+02
02:17:25.452;+01:19:19.435;3.16E+20;0.8;-999/-999;10405.2;7.43892e-14;9.47988e-15;5.21676e-14;1.05416e-14;-9.990E+02;1.05664e-13;1.79717e-14;-9.990E+02;1.59846e-14;8.55568e-15;-9.990E+02
02:17:31.091;+01:13:21.948;3.16E+20;0.8;-999/-999;10405.3;3.09908e-14;6.41286e-15;2.79568e-14;8.21356e-15;-9.990E+02;1.32071e-14;6.65343e-15;-9.990E+02;3.99534e-14;1.43781e-14;-9.990E+02
02:16:33.680;+01:12:39.965;3.17E+20;0.8;-999/-999;9375.7;3.77073e-14;7.11195e-15;5.83209e-14;1.19032e-14;-9.990E+02;1.37681e-14;6.78961e-15;-9.990E+02;4.86017e-14;-2.74682e-11;1.37799e-13
02:16:42.228;+01:20:28.125;3.17E+20;0.8;-999/-999;10392.2;3.45278e-14;6.83305e-15;2.49235e-14;7.75683e-15;-9.990E+02;5.29269e-14;1.354e-14;-9.990E+02;4.44882e-14;-2.63899e-11;8.83618e-14
02:16:34.379;+01:10:50.982;3.17E+20;0.8;-999/-999;9350.4;4.72038e-14;7.94865e-15;2.12879e-14;7.25111e-15;-9.990E+02;1.50761e-14;7.30284e-15;-9.990E+02;1.14078e-13;2.45138e-14;-9.990E+02
02:17:17.703;+01:07:22.465;3.15E+20;0.8;-999/-999;7221.8;5.74999e-14;8.91904e-15;8.29528e-14;1.4209e-14;-9.990E+02;1.83754e-14;-2.27831e-11;1.94551e-13;4.45027e-14;1.52457e-14;-9.990E+02
02:17:07.137;+01:05:03.256;3.13E+20;0.604;+0.17/-0.15;7876.5;1.53348e-13;1.50595e-14;9.10825e-14;1.41625e-14;-9.990E+02;9.13907e-14;1.74966e-14;-9.990E+02;1.78803e-13;3.05597e-14;-9.990E+02
02:17:38.531;+01:10:25.635;3.15E+20;0.8;-999/-999;7163.7;9.50575e-14;1.14275e-14;1.71357e-13;2.06e-14;-9.990E+02;6.48146e-14;-2.91897e-11;2.00537e-13;1.22537e-13;-4.41631e-11;3.03405e-13
02:17:31.928;+01:07:44.138;3.15E+20;0.072;+0.27/-0.20;7867.9;1.11054e-13;1.56629e-14;1.0745e-14;4.92523e-15;-9.990E+02;7.65178e-14;1.77617e-14;-9.990E+02;1.6095e-13;3.32999e-14;-9.990E+02
02:16:58.536;+01:04:33.921;3.13E+20;0.8;-999/-999;6680.0;7.94896e-14;1.08623e-14;1.43174e-13;1.95647e-14;-9.990E+02;8.13296e-14;-2.77582e-11;1.49158e-13;1.53802e-13;-4.20059e-11;2.25717e-13
02:17:59.882;+01:19:17.329;3.15E+20;0.769;+0.05/-0.04;2066.0;2.44553e-12;6.71771e-14;1.52537e-12;7.039e-14;-9.990E+02;2.18345e-12;1.00742e-13;-9.990E+02;2.65742e-12;1.39366e-13;-9.990E+02
23:22:45.692;-00:51:08.490;3.93E+20;0.8;-999/-999;3645.2;4.5339e-14;1.4298e-14;3.38138e-14;1.67497e-14;-9.990E+02;4.56383e-14;2.2607e-14;-9.990E+02;3.42322e-14;2.42896e-14;-9.990E+02
23:23:00.047;-00:53:59.121;3.98E+20;1.004;+0.18/-0.15;4051.6;3.44224e-13;3.24513e-14;3.83122e-13;5.232e-14;-9.990E+02;2.91356e-13;5.03923e-14;-9.990E+02;3.39979e-13;6.49982e-14;-9.990E+02
23:22:13.817;-00:53:38.484;3.84E+20;0.8;-999/-999;4548.1;2.76728e-14;1.18333e-14;4.11048e-14;1.90384e-14;-9.990E+02;2.00611e-14;-2.97898e-11;9.20783e-14;2.09508e-14;1.97095e-14;-9.990E+02
23:22:09.712;-00:46:54.008;3.80E+20;0.8;-999/-999;4431.6;4.76688e-14;1.70856e-14;5.88739e-14;2.43597e-14;-9.990E+02;3.45804e-14;-4.30549e-11;2.64865e-13;6.02261e-14;3.68642e-14;-9.990E+02
01:33:52.535;+01:13:43.999;2.56E+20;0.8;-999/-999;1908.5;3.79336e-13;5.7351e-14;2.8992e-13;6.5976e-14;-9.990E+02;2.99163e-13;8.10625e-14;-9.990E+02;3.90323e-13;1.15153e-13;-9.990E+02
01:33:48.007;+01:06:38.237;2.56E+20;0.8;-999/-999;2011.6;5.95221e-14;2.4579e-14;6.276e-14;3.2736e-14;-9.990E+02;4.69532e-14;-6.36186e-11;2.03771e-13;9.39318e-14;6.16697e-14;-9.990E+02
23:01:42.562;-01:06:02.555;4.32E+20;0.8;-999/-999;4686.0;4.98085e-14;1.4475e-14;2.8329e-14;1.48885e-14;-9.990E+02;4.97163e-14;2.27119e-14;-9.990E+02;5.57923e-14;2.9322e-14;-9.990E+02
23:01:30.622;-01:09:56.907;4.34E+20;0.8;-999/-999;4875.6;4.95063e-14;1.4484e-14;5.63033e-14;2.11261e-14;-9.990E+02;2.47089e-14;1.66786e-14;-9.990E+02;3.6928e-14;2.49265e-14;-9.990E+02
23:01:28.799;-01:10:31.676;4.34E+20;0.8;-999/-999;4872.4;4.00772e-14;1.33253e-14;7.59957e-14;2.52678e-14;-9.990E+02;1.99963e-14;-3.32163e-11;9.42531e-14;2.98848e-14;-4.96424e-11;1.40863e-13
23:01:21.709;-01:03:17.142;4.31E+20;0.8;-999/-999;4874.8;2.95353e-14;1.18662e-14;5.59316e-14;-2.24494e-11;7.39086e-14;5.89954e-14;2.53937e-14;-9.990E+02;2.20465e-14;1.92974e-14;-9.990E+02
23:02:12.401;-01:12:15.399;4.31E+20;0.8;-999/-999;4633.2;2.92459e-14;1.21556e-14;4.42849e-14;1.99501e-14;-9.990E+02;5.84174e-14;-3.03178e-11;9.65313e-14;2.1825e-14;1.96593e-14;-9.990E+02
23:02:08.309;-00:58:13.168;4.27E+20;0.8;-999/-999;4470.3;3.12185e-14;1.25741e-14;2.36161e-14;1.45801e-14;-9.990E+02;3.12099e-14;1.92683e-14;-9.990E+02;2.33306e-14;2.03603e-14;-9.990E+02
23:01:26.950;-00:54:51.448;4.26E+20;0.8;-999/-999;3926.7;6.20397e-14;1.87824e-14;1.17243e-13;3.54952e-14;-9.990E+02;6.20284e-14;-4.69004e-11;1.70777e-13;4.63795e-14;-7.01525e-11;2.55444e-13
02:42:40.037;-00:23:01.316;2.92E+20;0.860;+0.07/-0.06;17302.5;5.29057e-13;2.10256e-14;3.48193e-13;2.39789e-14;-9.990E+02;5.61839e-13;3.5358e-14;-9.990E+02;5.53009e-13;4.40074e-14;-9.990E+02
02:42:35.977;-00:19:05.679;2.91E+20;0.8;-999/-999;17279.8;3.65868e-14;6.49634e-15;1.5066e-14;5.60814e-15;-9.990E+02;4.7043e-14;1.18496e-14;-9.990E+02;3.84128e-14;1.30737e-14;-9.990E+02
02:42:20.710;-00:20:57.485;2.91E+20;0.8;-999/-999;17760.4;4.31385e-14;6.911e-15;1.24149e-14;4.9324e-15;-9.990E+02;3.21875e-14;9.56495e-15;-9.990E+02;9.22597e-14;1.98962e-14;-9.990E+02
02:42:21.017;-00:17:49.772;2.90E+20;0.8;-999/-999;18649.4;1.42049e-14;4.1454e-15;3.89606e-15;2.82162e-15;-9.990E+02;2.52846e-14;8.91372e-15;-9.990E+02;8.51985e-15;6.17029e-15;-9.990E+02
02:42:56.913;-00:20:15.976;2.92E+20;0.8;-999/-999;17999.5;1.02057e-14;3.73329e-15;3.03576e-15;2.73465e-15;-9.990E+02;2.18576e-14;8.61013e-15;-9.990E+02;6.11663e-15;-1.45344e-11;4.37218e-14
02:42:52.908;-00:18:10.444;2.91E+20;0.8;-999/-999;18801.6;1.54945e-14;4.42304e-15;9.21372e-15;4.46629e-15;-9.990E+02;1.32744e-14;6.43466e-15;-9.990E+02;2.01333e-14;9.75948e-15;-9.990E+02
02:42:42.165;-00:28:11.649;2.93E+20;0.8;-999/-999;18131.2;1.00351e-14;3.73464e-15;6.72114e-15;4.05837e-15;-9.990E+02;9.67016e-15;5.83906e-15;-9.990E+02;9.77601e-15;7.27542e-15;-9.990E+02
02:42:56.800;-00:15:58.001;2.91E+20;0.8;-999/-999;18504.7;2.07054e-14;5.11414e-15;1.23088e-14;5.31219e-15;-9.990E+02;2.06826e-14;8.23964e-15;-9.990E+02;2.24129e-14;1.04169e-14;-9.990E+02
02:43:06.537;-00:25:30.887;2.94E+20;0.8;-999/-999;18980.2;3.41774e-14;6.36502e-15;2.74886e-14;7.63601e-15;-9.990E+02;3.07385e-14;9.81014e-15;-9.990E+02;2.66285e-14;1.0978e-14;-9.990E+02
02:43:08.128;-00:23:38.094;2.94E+20;-0.422;+0.15/-0.13;18839.3;2.76101e-13;2.22264e-14;5.93339e-15;2.92909e-15;-9.990E+02;1.36274e-13;2.00261e-14;-9.990E+02;4.90365e-13;5.06168e-14;-9.990E+02
02:42:31.149;-00:12:24.405;2.90E+20;0.8;-999/-999;14585.0;2.12244e-14;5.5272e-15;2.52344e-14;8.13712e-15;-9.990E+02;1.21183e-14;6.76789e-15;-9.990E+02;9.19346e-15;7.1834e-15;-9.990E+02
02:41:58.630;-00:18:32.252;2.90E+20;0.8;-999/-999;12758.8;2.09619e-14;5.5272e-15;1.06827e-14;5.23664e-15;-9.990E+02;7.6987e-15;5.32905e-15;-9.990E+02;4.67272e-14;1.61667e-14;-9.990E+02
02:43:00.384;-00:30:29.548;2.95E+20;0.8;-999/-999;18010.7;3.47132e-14;6.50527e-15;2.58523e-14;7.61714e-15;-9.990E+02;2.2285e-14;8.35378e-15;-9.990E+02;4.50545e-14;1.48475e-14;-9.990E+02
02:06:13.515;-01:14:39.560;2.53E+20;0.8;-999/-999;1097.9;1.98204e-13;5.4564e-14;8.69886e-14;4.875e-14;-9.990E+02;3.85533e-13;1.23477e-13;-9.990E+02;0;-2.15217e-10;1.2899e-12
03:23:43.627;-01:11:47.838;5.68E+20;0.8;-999/-999;7902.1;1.77306e-13;1.96001e-14;2.03233e-13;3.05666e-14;-9.990E+02;1.67466e-13;3.18226e-14;-9.990E+02;2.59913e-14;1.44625e-14;-9.990E+02
03:23:50.381;-01:12:04.021;5.69E+20;0.8;-999/-999;7711.1;3.95725e-14;1.04059e-14;1.44377e-14;8.9464e-15;-9.990E+02;4.38093e-14;1.69839e-14;-9.990E+02;5.1648e-14;2.2571e-14;-9.990E+02
03:23:56.695;-01:08:29.477;5.73E+20;0.766;+0.07/-0.07;7646.8;1.2347e-12;5.26592e-14;7.85899e-13;5.68362e-14;-9.990E+02;1.06836e-12;7.30537e-14;-9.990E+02;1.34306e-12;1.03173e-13;-9.990E+02
03:23:16.062;-01:06:02.172;5.65E+20;0.8;-999/-999;8205.2;1.58624e-14;6.7788e-15;1.0406e-14;-1.35649e-11;4.20584e-14;2.31822e-14;1.27546e-14;-9.990E+02;2.27912e-14;1.54142e-14;-9.990E+02
03:23:50.391;-01:03:34.730;5.76E+20;0.8;-999/-999;8133.2;2.07927e-14;7.85772e-15;1.67313e-14;1.0006e-14;-9.990E+02;1.01105e-14;8.46766e-15;-9.990E+02;2.97894e-14;1.78152e-14;-9.990E+02
03:23:49.444;-01:02:04.907;5.77E+20;0.8;-999/-999;7759.5;3.3646e-14;9.82475e-15;3.38934e-14;1.44367e-14;-9.990E+02;2.04621e-14;1.24235e-14;-9.990E+02;3.01364e-14;1.82973e-14;-9.990E+02
03:24:05.911;-01:12:27.743;5.71E+20;0.8;-999/-999;7904.8;3.26698e-14;9.8085e-15;3.27824e-14;1.39492e-14;-9.990E+02;2.65007e-14;1.36783e-14;-9.990E+02;1.95297e-14;1.42955e-14;-9.990E+02
03:23:49.997;-01:00:56.274;5.79E+20;0.8;-999/-999;6929.3;6.32032e-14;1.33091e-14;5.3043e-14;1.69793e-14;-9.990E+02;6.40079e-14;2.04891e-14;-9.990E+02;3.7705e-14;1.90555e-14;-9.990E+02
03:23:53.061;-01:16:46.967;5.66E+20;0.8;-999/-999;7625.2;3.52742e-14;1.03969e-14;4.70995e-14;1.7291e-14;-9.990E+02;1.43239e-14;1.06383e-14;-9.990E+02;2.11192e-14;1.56851e-14;-9.990E+02
03:22:56.447;-01:08:11.321;5.57E+20;0.8;-999/-999;6007.9;3.70465e-14;1.09712e-14;2.9591e-14;1.4335e-14;-9.990E+02;3.61676e-14;1.75209e-14;-9.990E+02;2.66743e-14;1.83186e-14;-9.990E+02
03:22:56.840;-01:15:57.641;5.33E+20;0.8;-999/-999;5560.9;6.09347e-14;1.44763e-14;4.51584e-14;1.75236e-14;-9.990E+02;5.59825e-14;2.17239e-14;-9.990E+02;5.5232e-14;2.62366e-14;-9.990E+02
03:24:32.316;-01:12:03.537;5.75E+20;1.022;+0.15/-0.12;1970.4;3.86033e-13;3.7797e-14;3.676e-13;-9.5883e-11;2.15313e-12;7.36869e-13;8.5914e-14;-9.990E+02;5.19779e-13;8.52397e-14;-9.990E+02
02:14:08.783;-00:17:56.323;2.73E+20;0.8;-999/-999;10194.1;1.73773e-14;5.76954e-15;2.19692e-14;8.70205e-15;-9.990E+02;6.40672e-15;5.7898e-15;-9.990E+02;9.73521e-15;8.79779e-15;-9.990E+02
02:14:13.443;-00:11:21.155;2.73E+20;0.8;-999/-999;10057.3;1.38057e-14;5.35743e-15;8.1451e-15;5.50141e-15;-9.990E+02;1.18739e-14;8.01992e-15;-9.990E+02;1.80427e-14;1.21865e-14;-9.990E+02
02:14:27.390;-00:18:18.650;2.75E+20;0.8;-999/-999;10570.4;5.28534e-14;9.75966e-15;3.51257e-14;1.07764e-14;-9.990E+02;2.84094e-14;1.16212e-14;-9.990E+02;8.63094e-14;2.50092e-14;-9.990E+02
02:13:42.822;-00:08:46.611;2.70E+20;0.8;-999/-999;10265.7;2.62914e-14;7.27266e-15;4.22679e-15;3.92592e-15;-9.990E+02;6.174e-15;5.73452e-15;-9.990E+02;8.44713e-14;2.58478e-14;-9.990E+02
02:13:44.998;-00:21:03.410;2.66E+20;0.8;-999/-999;10845.6;1.64299e-14;5.89229e-15;2.90014e-14;1.04008e-14;-9.990E+02;3.86133e-15;-1.52186e-11;5.60424e-14;5.28455e-14;-2.31421e-11;8.52208e-14
02:13:32.179;-00:08:39.622;2.69E+20;0.8;-999/-999;10822.7;4.50088e-14;9.6026e-15;2.48511e-14;9.87499e-15;-9.990E+02;5.0889e-14;1.69146e-14;-9.990E+02;4.42012e-14;1.9539e-14;-9.990E+02
22:47:30.098;+00:00:05.955;6.03E+20;1.015;+0.13/-0.11;21855.3;1.44851e-13;9.85292e-15;1.2296e-13;1.45029e-14;-9.990E+02;1.72079e-13;1.79684e-14;-9.990E+02;1.42308e-13;1.96304e-14;-9.990E+02
22:47:21.548;+00:05:05.503;6.07E+20;0.8;-999/-999;22426.3;1.24132e-14;3.65856e-15;1.26466e-14;5.3991e-15;-9.990E+02;1.26117e-14;-8.8455e-12;1.98489e-14;2.20481e-14;9.41283e-15;-9.990E+02
22:47:02.974;+00:00:24.230;5.92E+20;0.8;-999/-999;22579.3;3.18628e-14;5.6166e-15;1.38256e-14;5.26337e-15;-9.990E+02;4.13879e-14;9.96403e-15;-9.990E+02;2.84104e-14;9.8654e-15;-9.990E+02
22:47:10.159;-00:03:35.732;5.90E+20;0.8;-999/-999;22580.5;1.31077e-14;3.79275e-15;1.32598e-14;5.43715e-15;-9.990E+02;1.13568e-14;5.36734e-15;-9.990E+02;6.68149e-15;5.07609e-15;-9.990E+02
22:47:39.283;-00:04:14.122;6.01E+20;0.8;-999/-999;21981.4;1.60104e-14;4.26132e-15;1.77393e-14;6.44727e-15;-9.990E+02;1.0568e-14;5.52178e-15;-9.990E+02;1.03542e-14;6.34685e-15;-9.990E+02
22:47:32.286;+00:07:29.011;6.15E+20;0.8;-999/-999;17594.6;1.75391e-14;4.43062e-15;7.97481e-15;4.34819e-15;-9.990E+02;9.42619e-15;5.13954e-15;-9.990E+02;3.45633e-14;1.1624e-14;-9.990E+02
22:47:10.186;-00:05:06.407;5.88E+20;0.8;-999/-999;22247.4;3.32373e-14;5.91357e-15;8.76541e-15;4.29839e-15;-9.990E+02;4.90965e-14;1.12142e-14;-9.990E+02;3.0959e-14;1.08882e-14;-9.990E+02
22:47:51.358;-00:02:08.988;6.10E+20;0.8;-999/-999;22894.7;1.13375e-14;3.66168e-15;1.1571e-14;5.41662e-15;-9.990E+02;2.74204e-15;2.8782e-15;-9.990E+02;1.61024e-14;8.44927e-15;-9.990E+02
22:46:50.173;+00:02:00.690;5.88E+20;-0.273;+0.22/-0.17;19030.4;3.43618e-14;8.1873e-15;1.54831e-14;-7.37044e-12;2.04258e-14;5.43529e-15;-1.29387e-11;3.58572e-14;9.1856e-14;2.18863e-14;-9.990E+02
22:46:58.284;-00:04:09.643;5.84E+20;0.777;+0.16/-0.14;20883.2;1.2093e-13;1.04781e-14;6.50581e-14;1.07103e-14;-9.990E+02;1.21621e-13;1.63047e-14;-9.990E+02;1.31164e-13;2.05297e-14;-9.990E+02
22:48:01.643;-00:00:05.958;6.18E+20;0.864;+0.26/-0.20;17091.7;6.16325e-14;8.008e-15;2.56364e-14;7.67946e-15;-9.990E+02;8.14659e-14;1.47866e-14;-9.990E+02;6.43672e-14;1.57111e-14;-9.990E+02
22:48:00.489;+00:03:56.345;6.24E+20;0.8;-999/-999;16181.3;3.47849e-14;6.27997e-15;4.39091e-14;1.00453e-14;-9.990E+02;2.58283e-14;8.46777e-15;-9.990E+02;9.4642e-15;6.20834e-15;-9.990E+02
22:47:21.050;-00:08:13.817;5.88E+20;0.8;-999/-999;22236.8;1.46111e-14;4.24564e-15;1.18129e-14;5.46343e-15;-9.990E+02;1.41806e-14;6.55847e-15;-9.990E+02;1.04334e-14;6.8924e-15;-9.990E+02
22:47:59.556;-00:02:15.667;6.13E+20;0.8;-999/-999;18724.7;1.19137e-14;3.9702e-15;4.05522e-15;3.24418e-15;-9.990E+02;1.43998e-14;6.71817e-15;-9.990E+02;1.40881e-14;8.09752e-15;-9.990E+02
22:47:27.231;-00:09:26.906;5.88E+20;0.8;-999/-999;17890.6;3.29189e-14;6.36846e-15;1.10924e-14;-1.28645e-11;2.73969e-14;2.49642e-14;8.70783e-15;-9.990E+02;8.07814e-14;1.88959e-14;-9.990E+02
22:47:52.785;-00:06:49.625;6.02E+20;0.8;-999/-999;21060.4;2.27279e-14;5.17582e-15;8.4051e-15;4.54154e-15;-9.990E+02;3.00192e-14;9.0946e-15;-9.990E+02;2.20519e-14;9.38506e-15;-9.990E+02
22:46:58.979;-00:08:21.470;5.79E+20;0.8;-999/-999;12443.3;2.866e-14;6.35208e-15;1.04989e-14;-1.2784e-11;7.62284e-14;5.5699e-14;1.38972e-14;-9.990E+02;2.05172e-14;1.02315e-14;-9.990E+02
22:48:13.870;+00:03:09.051;6.28E+20;0.8;-999/-999;10482.5;6.32374e-14;9.35374e-15;3.89878e-14;1.09588e-14;-9.990E+02;6.09767e-14;1.48873e-14;-9.990E+02;6.70169e-14;1.88373e-14;-9.990E+02
03:36:47.260;+00:35:13.898;6.42E+20;1.476;+0.02/-0.02;5098.3;1.57324e-11;1.57573e-13;2.97076e-11;4.53661e-13;-9.990E+02;2.79133e-11;4.27803e-13;-9.990E+02;1.2747e-11;3.19224e-13;-9.990E+02
03:36:26.064;+00:38:33.753;6.53E+20;0.8;-999/-999;5230.3;3.05866e-14;1.14256e-14;1.58766e-14;1.18626e-14;-9.990E+02;3.67245e-14;1.94415e-14;-9.990E+02;2.68388e-14;2.00533e-14;-9.990E+02
03:36:21.395;+00:29:21.469;6.53E+20;0.8;-999/-999;5499.1;2.48893e-14;1.03448e-14;2.58444e-14;1.50366e-14;-9.990E+02;9.96555e-15;1.01324e-14;-9.990E+02;2.91152e-14;2.09475e-14;-9.990E+02
03:35:57.753;+00:34:21.848;6.66E+20;0.8;-999/-999;4587.6;7.01878e-14;1.85928e-14;5.8611e-14;2.51167e-14;-9.990E+02;1.00957e-13;3.40833e-14;-9.990E+02;8.18571e-14;-6.49978e-11;3.24393e-13
02:38:15.475;-01:18:24.986;3.07E+20;0.8;-999/-999;135960.0;3.68853e-15;8.89472e-16;1.3253e-15;7.20327e-16;-9.990E+02;2.36199e-15;1.15519e-15;-9.990E+02;7.86998e-15;2.57499e-15;-9.990E+02
02:38:09.430;-01:18:00.054;3.06E+20;0.8;-999/-999;143184.0;2.59938e-15;7.78008e-16;2.00041e-15;9.04152e-16;-9.990E+02;9.51072e-16;7.62068e-16;-9.990E+02;4.32194e-15;1.95344e-15;-9.990E+02
02:38:10.996;-01:19:03.608;3.06E+20;0.8;-999/-999;134236.0;5.62666e-15;1.02808e-15;1.44355e-15;6.92335e-16;-9.990E+02;6.86608e-15;1.82918e-15;-9.990E+02;8.31723e-15;2.49301e-15;-9.990E+02
02:38:03.544;-01:16:32.570;3.06E+20;0.8;-999/-999;155656.0;5.69752e-15;9.86403e-16;3.33069e-15;1.00644e-15;-9.990E+02;5.08994e-15;1.49317e-15;-9.990E+02;7.19605e-15;2.17445e-15;-9.990E+02
02:38:05.409;-01:15:30.822;3.06E+20;0.8;-999/-999;152655.0;5.61972e-15;9.86403e-16;1.29361e-15;6.4593e-16;-9.990E+02;6.27522e-15;1.66509e-15;-9.990E+02;9.5031e-15;2.52158e-15;-9.990E+02
02:38:16.694;-01:21:02.652;3.06E+20;0.170;+0.23/-0.17;149983.0;1.53928e-14;1.91654e-15;1.85618e-15;6.9201e-16;-9.990E+02;1.14312e-14;2.26018e-15;-9.990E+02;2.14279e-14;3.99409e-15;-9.990E+02
02:38:20.936;-01:20:54.232;3.07E+20;0.8;-999/-999;152220.0;5.2868e-15;9.7286e-16;2.92126e-15;9.55276e-16;-9.990E+02;5.20813e-15;1.53574e-15;-9.990E+02;6.30677e-15;2.06237e-15;-9.990E+02
02:38:10.737;-01:22:45.463;3.06E+20;0.8;-999/-999;157708.0;3.82891e-15;8.47473e-16;4.74031e-16;4.07168e-16;-9.990E+02;3.04329e-15;1.22337e-15;-9.990E+02;9.2228e-15;2.59327e-15;-9.990E+02
02:38:13.313;-01:22:39.949;3.06E+20;0.8;-999/-999;150815.0;3.23568e-15;8.19687e-16;8.29804e-16;5.66093e-16;-9.990E+02;1.77578e-15;9.69225e-16;-9.990E+02;8.06928e-15;2.56848e-15;-9.990E+02
02:38:11.393;-01:23:46.653;3.06E+20;0.8;-999/-999;158454.0;2.61605e-15;7.64115e-16;1.49494e-15;7.74916e-16;-9.990E+02;2.13279e-15;1.10555e-15;-9.990E+02;3.69074e-15;1.81384e-15;-9.990E+02
02:38:09.785;-01:12:00.302;3.07E+20;0.8;-999/-999;146528.0;3.2702e-15;8.3388e-16;1.53304e-15;7.6502e-16;-9.990E+02;2.18578e-15;1.09075e-15;-9.990E+02;6.06959e-15;2.23648e-15;-9.990E+02
02:37:56.974;-01:22:42.150;3.06E+20;0.8;-999/-999;139657.0;6.07819e-15;1.06976e-15;3.43049e-15;1.12071e-15;-9.990E+02;6.67387e-15;1.87296e-15;-9.990E+02;6.06409e-15;2.1793e-15;-9.990E+02
02:38:37.260;-01:20:10.144;3.07E+20;0.8;-999/-999;159614.0;2.97417e-15;7.92186e-16;1.67985e-15;-1.42168e-12;1.60719e-15;1.73154e-15;9.78617e-16;-9.990E+02;8.91572e-15;2.71083e-15;-9.990E+02
02:38:38.221;-01:15:21.626;3.08E+20;0.8;-999/-999;159379.0;6.21186e-15;1.04272e-15;4.63009e-15;1.17114e-15;-9.990E+02;3.88073e-15;1.29061e-15;-9.990E+02;8.22036e-15;2.29092e-15;-9.990E+02
02:37:54.262;-01:13:20.990;3.06E+20;0.8;-999/-999;157930.0;4.11927e-15;8.89152e-16;2.55977e-15;9.3434e-16;-9.990E+02;4.46705e-15;1.47822e-15;-9.990E+02;3.68966e-15;1.65159e-15;-9.990E+02
02:38:32.830;-01:22:48.558;3.07E+20;0.8;-999/-999;159420.0;4.25001e-15;9.17268e-16;5.09098e-16;4.28451e-16;-9.990E+02;1.81448e-15;9.63309e-16;-9.990E+02;1.26351e-14;3.09517e-15;-9.990E+02
02:38:41.553;-01:18:40.038;3.07E+20;0.8;-999/-999;160062.0;4.37231e-15;9.17268e-16;6.83124e-16;4.92369e-16;-9.990E+02;1.46063e-15;8.64344e-16;-9.990E+02;1.32712e-14;3.14853e-15;-9.990E+02
02:38:42.899;-01:18:24.486;3.07E+20;0.8;-999/-999;160312.0;4.25418e-15;9.31166e-16;2.71152e-15;1.00371e-15;-9.990E+02;2.81232e-15;1.24027e-15;-9.990E+02;6.38762e-15;2.27529e-15;-9.990E+02
02:38:25.187;-01:24:30.378;3.07E+20;0.8;-999/-999;153245.0;3.81083e-15;8.89472e-16;4.66902e-15;1.32855e-15;-9.990E+02;2.66316e-15;1.20325e-15;-9.990E+02;6.72183e-16;7.36329e-16;-9.990E+02
02:38:31.307;-01:12:23.030;3.08E+20;0.8;-999/-999;144703.0;2.69718e-15;8.06374e-16;8.0758e-16;6.00438e-16;-9.990E+02;5.75344e-16;5.89942e-16;-9.990E+02;7.83764e-15;2.67957e-15;-9.990E+02
02:38:41.065;-01:14:30.403;3.08E+20;0.8;-999/-999;159035.0;4.38779e-15;9.31501e-16;3.09839e-15;1.04196e-15;-9.990E+02;3.21103e-15;1.26569e-15;-9.990E+02;5.47126e-15;2.02679e-15;-9.990E+02
02:38:39.434;-01:21:59.042;3.07E+20;0.914;+0.11/-0.10;159736.0;3.12505e-14;1.89015e-15;2.45822e-14;2.34125e-15;-9.990E+02;3.1874e-14;3.23183e-15;-9.990E+02;3.20081e-14;3.91808e-15;-9.990E+02
02:38:44.019;-01:17:21.786;3.07E+20;0.8;-999/-999;160053.0;2.79906e-15;7.92186e-16;3.84507e-15;1.23592e-15;-9.990E+02;8.4334e-16;6.94181e-16;-9.990E+02;1.27699e-15;1.05113e-15;-9.990E+02
02:38:23.352;-01:10:30.365;3.08E+20;0.8;-999/-999;156358.0;3.82193e-15;8.75889e-16;2.86101e-15;1.00947e-15;-9.990E+02;3.67067e-15;1.36538e-15;-9.990E+02;3.08654e-15;1.55028e-15;-9.990E+02
02:38:34.444;-01:11:35.993;3.09E+20;0.722;+0.26/-0.19;153148.0;1.00487e-14;1.34753e-15;4.98437e-15;1.23354e-15;-9.990E+02;9.79756e-15;2.06308e-15;-9.990E+02;1.11464e-14;2.75855e-15;-9.990E+02
02:38:17.268;-01:10:09.440;3.08E+20;0.8;-999/-999;156066.0;2.91407e-15;8.06374e-16;1.30957e-15;7.24623e-16;-9.990E+02;2.98638e-15;1.30307e-15;-9.990E+02;3.95386e-15;1.86077e-15;-9.990E+02
02:37:44.563;-01:21:18.043;3.06E+20;0.8;-999/-999;159542.0;2.7786e-15;7.91901e-16;7.48719e-16;5.48379e-16;-9.990E+02;3.5594e-15;1.44227e-15;-9.990E+02;3.77321e-15;1.81384e-15;-9.990E+02
02:38:44.062;-01:20:57.804;3.07E+20;0.8;-999/-999;160073.0;4.65027e-15;9.7286e-16;2.08882e-15;8.7388e-16;-9.990E+02;3.40326e-15;1.32215e-15;-9.990E+02;8.37668e-15;2.57985e-15;-9.990E+02
02:38:33.229;-01:24:28.122;3.07E+20;0.8;-999/-999;160013.0;3.83029e-15;8.89472e-16;1.29035e-15;6.91114e-16;-9.990E+02;5.51785e-15;1.72406e-15;-9.990E+02;3.71399e-15;1.72493e-15;-9.990E+02
02:37:58.148;-01:10:31.770;3.06E+20;0.8;-999/-999;149880.0;3.16621e-15;8.19687e-16;3.24836e-15;1.11397e-15;-9.990E+02;5.7947e-16;5.67724e-16;-9.990E+02;4.3877e-15;1.89092e-15;-9.990E+02
02:37:40.005;-01:15:26.066;3.06E+20;0.8;-999/-999;159050.0;4.98759e-15;1.0003e-15;3.1785e-15;1.11372e-15;-9.990E+02;5.3569e-15;1.74268e-15;-9.990E+02;4.3683e-15;1.94051e-15;-9.990E+02
02:37:44.661;-01:23:13.980;3.06E+20;0.632;+0.16/-0.13;159623.0;2.17917e-14;1.90044e-15;1.26662e-14;1.77427e-15;-9.990E+02;1.46036e-14;2.34999e-15;-9.990E+02;2.50557e-14;3.85823e-15;-9.990E+02
02:38:49.401;-01:19:19.871;3.07E+20;0.8;-999/-999;158571.0;7.0991e-15;1.13964e-15;1.55526e-15;7.3356e-16;-9.990E+02;1.01991e-14;2.21355e-15;-9.990E+02;8.72706e-15;2.54157e-15;-9.990E+02
02:37:40.685;-01:21:44.312;3.06E+20;0.8;-999/-999;160029.0;2.18537e-15;7.36329e-16;1.50966e-15;8.1683e-16;-9.990E+02;4.30687e-16;5.27147e-16;-9.990E+02;4.56612e-15;2.1006e-15;-9.990E+02
02:38:43.254;-01:12:33.356;3.08E+20;0.8;-999/-999;157679.0;2.68745e-15;8.06374e-16;3.48819e-15;1.23461e-15;-9.990E+02;1.52879e-15;9.68758e-16;-9.990E+02;5.78929e-16;7.33094e-16;-9.990E+02
02:37:39.614;-01:21:30.904;3.06E+20;0.8;-999/-999;160228.0;2.18259e-15;7.50222e-16;1.38367e-15;7.94626e-16;-9.990E+02;2.30329e-15;1.23226e-15;-9.990E+02;1.99333e-15;1.41819e-15;-9.990E+02
02:38:28.152;-01:09:36.673;3.09E+20;0.8;-999/-999;141585.0;2.55212e-15;8.06664e-16;1.63821e-15;8.70244e-16;-9.990E+02;9.33259e-16;7.74452e-16;-9.990E+02;4.94578e-15;2.22789e-15;-9.990E+02
02:37:44.294;-01:11:57.817;3.06E+20;0.8;-999/-999;142865.0;3.1037e-15;8.47473e-16;8.36041e-16;5.82809e-16;-9.990E+02;1.59034e-15;9.70292e-16;-9.990E+02;7.82672e-15;2.62346e-15;-9.990E+02
02:38:09.328;-01:08:29.016;3.07E+20;0.8;-999/-999;144009.0;4.7823e-15;9.7286e-16;7.81249e-16;5.24328e-16;-9.990E+02;1.67066e-15;9.22014e-16;-9.990E+02;1.43331e-14;3.32049e-15;-9.990E+02
02:37:58.751;-01:09:13.010;3.06E+20;0.8;-999/-999;139998.0;3.5969e-15;8.75259e-16;2.30654e-15;9.50806e-16;-9.990E+02;2.63289e-15;1.19026e-15;-9.990E+02;4.98333e-15;2.05424e-15;-9.990E+02
02:38:43.653;-01:23:52.934;3.07E+20;0.8;-999/-999;158698.0;2.44327e-15;7.78288e-16;2.74398e-16;3.45058e-16;-9.990E+02;2.73828e-15;1.32037e-15;-9.990E+02;4.73924e-15;2.15616e-15;-9.990E+02
02:37:43.305;-01:24:11.366;3.06E+20;0.8;-999/-999;158980.0;3.47603e-15;8.75259e-16;1.31406e-15;7.29758e-16;-9.990E+02;2.81264e-15;1.25469e-15;-9.990E+02;6.38751e-15;2.34478e-15;-9.990E+02
02:37:33.744;-01:16:45.946;3.05E+20;0.8;-999/-999;150974.0;5.04587e-15;1.0139e-15;3.01902e-15;1.04556e-15;-9.990E+02;6.15707e-15;1.79658e-15;-9.990E+02;3.73056e-15;1.71624e-15;-9.990E+02
02:37:49.887;-01:26:03.864;3.06E+20;0.8;-999/-999;158676.0;2.27428e-15;7.78008e-16;1.92282e-15;9.48561e-16;-9.990E+02;1.71421e-15;1.08277e-15;-9.990E+02;2.07688e-15;1.45322e-15;-9.990E+02
02:37:49.585;-01:09:42.899;3.06E+20;0.8;-999/-999;135282.0;4.06787e-15;9.44724e-16;5.21933e-16;4.53822e-16;-9.990E+02;2.97851e-15;1.29455e-15;-9.990E+02;1.01499e-14;2.94095e-15;-9.990E+02
02:37:34.232;-01:20:33.705;3.05E+20;0.8;-999/-999;158403.0;2.37641e-15;7.63895e-16;1.93906e-15;9.28144e-16;-9.990E+02;5.5378e-16;6.02183e-16;-9.990E+02;4.1925e-15;2.00677e-15;-9.990E+02
02:37:57.502;-01:27:30.753;3.06E+20;0.945;+0.27/-0.20;142161.0;8.9136e-15;1.18815e-15;5.337e-15;1.29022e-15;-9.990E+02;1.21822e-14;2.29406e-15;-9.990E+02;8.97365e-15;2.37416e-15;-9.990E+02
02:38:48.276;-01:23:39.621;3.07E+20;0.8;-999/-999;157250.0;2.38073e-15;7.78288e-16;2.01292e-15;9.54776e-16;-9.990E+02;2.15196e-15;1.19114e-15;-9.990E+02;1.63006e-15;1.28831e-15;-9.990E+02
02:37:31.651;-01:17:42.912;3.05E+20;0.8;-999/-999;147049.0;8.20979e-15;1.22223e-15;5.70648e-15;1.35295e-15;-9.990E+02;8.14655e-15;1.93147e-15;-9.990E+02;7.19592e-15;2.2531e-15;-9.990E+02
02:38:46.018;-01:24:14.590;3.07E+20;0.8;-999/-999;158139.0;2.81851e-15;8.19982e-16;3.50551e-15;1.22418e-15;-9.990E+02;1.66639e-15;1.00567e-15;-9.990E+02;8.41441e-16;8.95884e-16;-9.990E+02
02:37:32.906;-01:20:21.238;3.05E+20;0.299;+0.19/-0.16;153828.0;1.92518e-14;2.14951e-15;4.08534e-15;1.05255e-15;-9.990E+02;1.40647e-14;2.53084e-15;-9.990E+02;2.54466e-14;4.35432e-15;-9.990E+02
02:37:32.449;-01:19:41.809;3.05E+20;0.8;-999/-999;151780.0;2.4653e-15;7.91673e-16;3.16112e-16;3.87661e-16;-9.990E+02;1.80512e-15;1.08016e-15;-9.990E+02;6.15022e-15;2.4741e-15;-9.990E+02
02:37:50.056;-01:26:39.633;3.06E+20;0.823;+0.21/-0.17;158549.0;1.20221e-14;1.3629e-15;7.76795e-15;1.44606e-15;-9.990E+02;1.18582e-14;2.1315e-15;-9.990E+02;1.27713e-14;2.7198e-15;-9.990E+02
02:38:54.381;-01:15:04.321;3.08E+20;0.8;-999/-999;149759.0;2.44137e-15;8.06374e-16;6.26924e-16;5.50464e-16;-9.990E+02;2.23266e-15;1.22866e-15;-9.990E+02;4.73331e-15;2.21599e-15;-9.990E+02
02:37:59.509;-01:28:08.831;3.06E+20;0.8;-999/-999;144039.0;4.39297e-15;1.0003e-15;1.0758e-15;6.82605e-16;-9.990E+02;5.11486e-15;1.79394e-15;-9.990E+02;6.97505e-15;2.56147e-15;-9.990E+02
02:38:33.440;-01:08:09.701;3.09E+20;-0.075;+0.20/-0.16;135345.0;2.69462e-14;2.97622e-15;3.46995e-15;1.01063e-15;-9.990E+02;1.36223e-14;2.74711e-15;-9.990E+02;4.1489e-14;6.14726e-15;-9.990E+02
02:37:30.007;-01:17:16.480;3.05E+20;0.8;-999/-999;140497.0;2.60002e-15;8.19451e-16;1.94479e-15;9.49584e-16;-9.990E+02;1.66597e-15;1.03674e-15;-9.990E+02;3.36402e-15;1.81165e-15;-9.990E+02
02:38:18.399;-01:28:58.826;3.06E+20;1.291;+0.18/-0.15;149689.0;1.3365e-14;1.12602e-15;1.87288e-14;2.36002e-15;-9.990E+02;2.05471e-14;2.8012e-15;-9.990E+02;1.17062e-14;2.45988e-15;-9.990E+02
02:38:43.351;-01:09:50.849;3.09E+20;0.8;-999/-999;144419.0;4.64944e-15;1.0431e-15;1.31987e-15;7.53961e-16;-9.990E+02;3.75654e-15;1.48659e-15;-9.990E+02;9.48728e-15;2.91734e-15;-9.990E+02
02:38:16.381;-01:28:59.282;3.06E+20;0.8;-999/-999;148140.0;4.33184e-15;9.7251e-16;3.88955e-15;1.22899e-15;-9.990E+02;3.17036e-15;1.32267e-15;-9.990E+02;3.60126e-15;1.77017e-15;-9.990E+02
02:37:29.210;-01:19:04.593;3.05E+20;0.8;-999/-999;140390.0;2.85558e-15;8.47229e-16;2.5628e-15;1.06451e-15;-9.990E+02;6.09657e-16;6.24249e-16;-9.990E+02;4.61994e-15;2.09625e-15;-9.990E+02
02:38:10.962;-01:29:26.391;3.06E+20;0.8;-999/-999;153195.0;7.51889e-15;1.1948e-15;4.64301e-15;1.26941e-15;-9.990E+02;4.81587e-15;1.53054e-15;-9.990E+02;1.18533e-14;2.97437e-15;-9.990E+02
02:37:28.901;-01:15:14.233;3.05E+20;0.8;-999/-999;132967.0;8.1084e-15;1.2639e-15;1.21284e-15;6.61642e-16;-9.990E+02;8.65905e-15;2.10515e-15;-9.990E+02;1.5734e-14;3.47452e-15;-9.990E+02
02:37:29.867;-01:21:04.266;3.05E+20;0.8;-999/-999;140701.0;2.85002e-15;8.3334e-16;2.9218e-15;1.13481e-15;-9.990E+02;5.21393e-16;5.64457e-16;-9.990E+02;3.95102e-15;1.93293e-15;-9.990E+02
02:37:31.212;-01:13:30.476;3.05E+20;0.8;-999/-999;129556.0;7.23895e-15;1.20834e-15;6.87819e-15;1.62668e-15;-9.990E+02;5.45239e-15;1.73394e-15;-9.990E+02;4.95683e-15;2.01647e-15;-9.990E+02
02:38:35.196;-01:28:27.846;3.07E+20;0.711;+0.16/-0.14;150700.0;2.41503e-14;2.2389e-15;1.02541e-14;1.81776e-15;-9.990E+02;2.5508e-14;3.5856e-15;-9.990E+02;2.6934e-14;4.45939e-15;-9.990E+02
02:37:37.527;-01:10:42.150;3.06E+20;0.8;-999/-999;109855.0;6.7131e-15;1.20869e-15;8.6099e-16;5.7233e-16;-9.990E+02;6.14352e-15;1.82989e-15;-9.990E+02;1.48826e-14;3.49561e-15;-9.990E+02
02:37:44.143;-01:26:38.005;3.06E+20;0.8;-999/-999;158418.0;6.96178e-15;1.20869e-15;6.06011e-15;1.48322e-15;-9.990E+02;3.78364e-15;1.39351e-15;-9.990E+02;8.18787e-15;2.54045e-15;-9.990E+02
02:37:37.344;-01:25:26.316;3.06E+20;0.8;-999/-999;153583.0;2.91614e-15;8.47473e-16;8.72966e-16;6.08756e-16;-9.990E+02;4.35671e-15;1.65014e-15;-9.990E+02;2.82883e-15;1.62194e-15;-9.990E+02
02:39:00.799;-01:20:38.816;3.06E+20;0.037;+0.28/-0.21;140136.0;1.66559e-14;2.42187e-15;3.19901e-15;1.06351e-15;-9.990E+02;8.10836e-15;2.3035e-15;-9.990E+02;2.44778e-14;5.17331e-15;-9.990E+02
02:37:41.565;-01:26:56.234;3.06E+20;0.8;-999/-999;151847.0;2.86196e-15;8.61366e-16;1.28462e-15;7.63439e-16;-9.990E+02;1.83274e-15;1.08918e-15;-9.990E+02;5.55201e-15;2.3437e-15;-9.990E+02
02:38:55.950;-01:23:51.279;3.06E+20;0.8;-999/-999;145399.0;6.52832e-15;1.20869e-15;1.80381e-15;8.32049e-16;-9.990E+02;7.07609e-15;1.98686e-15;-9.990E+02;1.07159e-14;3.00887e-15;-9.990E+02
02:37:35.876;-01:25:41.019;3.05E+20;0.8;-999/-999;140790.0;3.18058e-15;9.16674e-16;2.07592e-15;9.99693e-16;-9.990E+02;7.40984e-16;7.13579e-16;-9.990E+02;6.73236e-15;2.65683e-15;-9.990E+02
00:03:40.934;+00:04:30.576;2.92E+20;0.8;-999/-999;8428.3;2.43632e-14;7.46658e-15;3.10734e-14;1.12767e-14;-9.990E+02;8.94771e-15;7.38062e-15;-9.990E+02;1.35698e-14;1.11932e-14;-9.990E+02
00:03:17.866;+00:08:52.398;2.91E+20;0.8;-999/-999;8802.4;2.22672e-14;7.18744e-15;2.48346e-14;1.01829e-14;-9.990E+02;7.15594e-15;6.51994e-15;-9.990E+02;2.17069e-14;1.40114e-14;-9.990E+02
00:03:35.700;+00:02:04.675;2.91E+20;0.8;-999/-999;9235.2;1.59229e-14;6.2199e-15;4.7351e-15;4.64139e-15;-9.990E+02;1.36439e-14;9.30202e-15;-9.990E+02;3.1046e-14;1.71963e-14;-9.990E+02
00:03:26.322;+00:11:56.461;2.92E+20;0.8;-999/-999;8673.0;2.64372e-14;7.74312e-15;1.17926e-14;6.98472e-15;-9.990E+02;3.39644e-14;1.41216e-14;-9.990E+02;2.57491e-14;1.52512e-14;-9.990E+02
00:03:55.132;+00:07:34.380;2.92E+20;0.8;-999/-999;9179.6;4.74957e-14;1.00937e-14;5.08675e-14;1.44137e-14;-9.990E+02;4.06876e-14;1.55643e-14;-9.990E+02;1.2341e-14;1.04926e-14;-9.990E+02
00:03:15.062;+00:02:16.602;2.90E+20;0.8;-999/-999;9321.0;2.68484e-14;7.73808e-15;2.87337e-14;-1.37853e-11;3.96259e-14;4.31653e-14;1.59161e-14;-9.990E+02;3.92689e-14;1.84624e-14;-9.990E+02
00:03:30.149;-00:00:08.863;2.92E+20;0.8;-999/-999;9174.8;6.38393e-14;1.17529e-14;8.68278e-14;1.79826e-14;-9.990E+02;2.34389e-14;1.16519e-14;-9.990E+02;2.36959e-14;1.43943e-14;-9.990E+02
00:04:02.764;+00:09:45.528;2.93E+20;0.8;-999/-999;9582.8;2.66958e-14;7.88424e-15;2.64795e-14;1.04461e-14;-9.990E+02;2.28693e-14;1.17634e-14;-9.990E+02;1.15598e-14;1.02395e-14;-9.990E+02
00:03:37.810;-00:01:34.554;2.93E+20;0.8;-999/-999;8710.0;1.91712e-14;7.05432e-15;5.70593e-15;5.22426e-15;-9.990E+02;3.2838e-14;1.48091e-14;-9.990E+02;1.24491e-14;1.13982e-14;-9.990E+02
00:02:51.385;+00:07:57.497;2.89E+20;0.8;-999/-999;7672.8;5.95202e-14;1.18792e-14;3.85858e-14;1.28685e-14;-9.990E+02;6.95876e-14;2.06809e-14;-9.990E+02;4.22212e-14;1.99655e-14;-9.990E+02
01:34:40.772;+00:37:00.592;2.54E+20;0.584;+0.17/-0.15;12351.9;1.42725e-13;1.48571e-14;7.04315e-14;1.18799e-14;-9.990E+02;1.01409e-13;1.80578e-14;-9.990E+02;1.67554e-13;2.90176e-14;-9.990E+02
01:34:24.565;+00:37:30.690;2.52E+20;0.8;-999/-999;13006.6;9.35702e-14;1.14542e-14;8.52448e-14;1.49818e-14;-9.990E+02;8.39942e-14;1.80932e-14;-9.990E+02;4.97693e-14;1.72719e-14;-9.990E+02
01:34:50.274;+00:35:32.984;2.56E+20;0.8;-999/-999;13071.3;3.74557e-14;7.6468e-15;3.2904e-14;9.4872e-15;-9.990E+02;2.15659e-14;9.32342e-15;-9.990E+02;4.10359e-14;1.59695e-14;-9.990E+02
01:34:18.127;+00:34:48.303;2.49E+20;0.8;-999/-999;12832.4;3.41231e-14;7.08344e-15;2.24202e-14;7.52351e-15;-9.990E+02;2.76716e-14;1.03057e-14;-9.990E+02;4.21515e-14;1.56984e-14;-9.990E+02
01:34:53.298;+00:33:32.011;2.56E+20;0.8;-999/-999;12949.6;1.4843e-14;5.05235e-15;9.7848e-15;-8.8704e-12;2.4552e-14;1.64849e-14;8.43177e-15;-9.990E+02;3.34578e-14;1.486e-14;-9.990E+02
01:34:16.659;+00:32:56.062;2.49E+20;0.8;-999/-999;13275.5;1.30689e-14;4.7677e-15;4.58285e-15;3.74982e-15;-9.990E+02;2.03568e-14;9.59508e-15;-9.990E+02;1.034e-14;8.46046e-15;-9.990E+02
01:34:58.324;+00:36:06.077;2.57E+20;0.8;-999/-999;12172.8;2.50388e-14;6.4202e-15;4.89027e-15;3.70853e-15;-9.990E+02;2.88298e-14;1.0931e-14;-9.990E+02;4.38806e-14;1.66377e-14;-9.990E+02
01:34:57.561;+00:39:42.107;2.57E+20;0.8;-999/-999;13128.6;1.19388e-14;4.6444e-15;5.24815e-15;4.08323e-15;-9.990E+02;1.54641e-14;8.53888e-15;-9.990E+02;1.17686e-14;9.15637e-15;-9.990E+02
01:34:41.679;+00:43:29.198;2.54E+20;0.8;-999/-999;11797.2;1.70575e-14;5.4584e-15;3.74286e-15;3.32832e-15;-9.990E+02;1.65767e-14;8.64565e-15;-9.990E+02;3.36673e-14;1.52583e-14;-9.990E+02
01:35:04.927;+00:40:57.110;2.58E+20;0.8;-999/-999;13246.4;2.04155e-14;6.0126e-15;6.52872e-15;4.51193e-15;-9.990E+02;3.36436e-14;1.2458e-14;-9.990E+02;1.46289e-14;1.01099e-14;-9.990E+02
01:34:36.014;+00:26:21.334;2.51E+20;0.8;-999/-999;12188.0;2.30228e-14;6.67919e-15;1.21132e-14;6.47614e-15;-9.990E+02;2.98526e-14;1.22317e-14;-9.990E+02;1.81926e-14;1.17998e-14;-9.990E+02
01:34:57.604;+00:27:39.987;2.54E+20;0.8;-999/-999;11778.8;2.10831e-14;6.41362e-15;1.85082e-14;7.93142e-15;-9.990E+02;2.73236e-14;1.17091e-14;-9.990E+02;1.6637e-14;-2.52868e-11;9.15064e-14
01:34:31.881;+00:25:45.503;2.51E+20;0.8;-999/-999;11229.5;2.35407e-14;6.8155e-15;2.06404e-14;8.45555e-15;-9.990E+02;2.28969e-14;1.07819e-14;-9.990E+02;1.16221e-14;9.52174e-15;-9.990E+02
01:35:11.575;+00:43:40.582;2.58E+20;0.8;-999/-999;12769.2;1.88987e-14;6.2859e-15;1.66271e-14;-1.10455e-11;4.38453e-14;3.91789e-14;1.43479e-14;-9.990E+02;1.49036e-14;1.09178e-14;-9.990E+02
03:27:29.661;-01:00:00.579;6.49E+20;0.8;-999/-999;917.4;4.77342e-13;9.09957e-14;1.31957e-13;6.93836e-14;-9.990E+02;6.12026e-13;1.58363e-13;-9.990E+02;5.59292e-13;1.83775e-13;-9.990E+02
03:26:52.913;-00:53:37.355;6.58E+20;0.8;-999/-999;575.2;3.74465e-13;9.58582e-14;7.79157e-13;1.99454e-13;-9.990E+02;4.79448e-13;-2.29853e-10;1.98125e-12;4.37798e-13;-3.35733e-10;2.8939e-12
21:27:47.301;+00:49:29.308;3.83E+20;0.8;-999/-999;16163.2;4.11313e-14;7.126e-15;3.66569e-14;9.21713e-15;-9.990E+02;3.31596e-14;1.00689e-14;-9.990E+02;3.11503e-14;1.22669e-14;-9.990E+02
21:27:34.876;+00:43:12.369;3.84E+20;0.8;-999/-999;16099.9;2.10291e-14;5.41766e-15;1.06507e-14;5.19567e-15;-9.990E+02;1.44566e-14;7.05227e-15;-9.990E+02;3.61916e-14;1.36703e-14;-9.990E+02
21:27:24.015;+00:47:19.847;3.85E+20;0.8;-999/-999;16918.9;1.79831e-14;4.99135e-15;3.34014e-15;2.91898e-15;-9.990E+02;9.06514e-15;5.59071e-15;-9.990E+02;4.76609e-14;1.5743e-14;-9.990E+02
21:27:55.257;+00:41:34.793;3.81E+20;0.8;-999/-999;15658.8;1.26791e-14;4.41533e-15;7.83555e-15;4.67703e-15;-9.990E+02;1.42072e-14;7.35498e-15;-9.990E+02;1.06747e-14;7.76585e-15;-9.990E+02
21:27:23.612;+00:44:28.235;3.85E+20;0.8;-999/-999;16748.0;1.78833e-14;5.13396e-15;1.32811e-14;6.0684e-15;-9.990E+02;9.00765e-15;5.6446e-15;-9.990E+02;2.7066e-14;1.23645e-14;-9.990E+02
21:28:14.586;+00:50:40.233;3.80E+20;0.8;-999/-999;16688.0;4.25859e-14;7.54614e-15;3.78682e-14;9.74282e-15;-9.990E+02;3.00702e-14;1.00509e-14;-9.990E+02;3.8726e-14;1.41391e-14;-9.990E+02
21:28:06.760;+00:41:37.850;3.80E+20;0.8;-999/-999;16971.6;4.54762e-14;7.8309e-15;3.71029e-14;9.61879e-15;-9.990E+02;5.50844e-14;1.37783e-14;-9.990E+02;1.37883e-14;8.28378e-15;-9.990E+02
21:27:26.102;+00:53:52.693;3.86E+20;0.8;-999/-999;16662.6;2.72623e-14;6.13438e-15;7.99716e-15;4.58836e-15;-9.990E+02;4.33723e-14;1.22391e-14;-9.990E+02;2.17125e-14;1.05513e-14;-9.990E+02
21:28:10.868;+00:54:30.907;3.80E+20;0.8;-999/-999;16824.4;1.84952e-14;5.26806e-15;6.85586e-15;4.35946e-15;-9.990E+02;2.33265e-14;9.49075e-15;-9.990E+02;2.10306e-14;1.10522e-14;-9.990E+02
21:27:40.578;+00:57:01.684;3.86E+20;0.8;-999/-999;15966.4;3.84469e-14;7.41832e-15;3.12518e-14;9.12901e-15;-9.990E+02;3.62933e-14;1.14055e-14;-9.990E+02;2.72715e-14;1.20301e-14;-9.990E+02
21:27:38.920;+00:38:20.028;3.83E+20;0.8;-999/-999;12140.0;2.26322e-14;6.27088e-15;4.66543e-15;3.87992e-15;-9.990E+02;4.43637e-14;1.3909e-14;-9.990E+02;9.51996e-15;7.91711e-15;-9.990E+02
21:27:53.500;+00:37:03.494;3.81E+20;0.8;-999/-999;12792.2;3.88976e-14;7.83365e-15;1.60276e-14;6.77919e-15;-9.990E+02;5.45159e-14;1.47495e-14;-9.990E+02;3.27526e-14;1.38533e-14;-9.990E+02
21:27:33.560;+00:58:05.515;3.87E+20;0.8;-999/-999;9955.0;4.61349e-14;8.8474e-15;6.66889e-14;1.45421e-14;-9.990E+02;1.29093e-14;7.50406e-15;-9.990E+02;1.93867e-14;1.12694e-14;-9.990E+02
23:48:25.979;+00:43:48.437;3.36E+20;0.8;-999/-999;11156.4;2.79417e-14;7.017e-15;1.90651e-14;7.70721e-15;-9.990E+02;8.89121e-15;6.40138e-15;-9.990E+02;5.36961e-14;1.88263e-14;-9.990E+02
23:48:30.374;+00:39:18.751;3.37E+20;0.790;+0.17/-0.15;11087.6;1.79614e-13;1.69848e-14;8.75498e-14;1.59089e-14;-9.990E+02;2.02874e-13;2.8604e-14;-9.990E+02;1.93744e-13;3.46067e-14;-9.990E+02
23:48:37.203;+00:47:30.612;3.35E+20;0.8;-999/-999;10973.5;1.26228e-14;5.0508e-15;6.20889e-15;-9.17304e-12;3.03812e-14;2.57162e-14;1.15294e-14;-9.990E+02;9.70686e-15;8.70382e-15;-9.990E+02
23:48:07.871;+00:48:22.542;3.34E+20;0.8;-999/-999;10605.7;3.39826e-14;7.71375e-15;1.54418e-14;7.14995e-15;-9.990E+02;4.32842e-14;1.41423e-14;-9.990E+02;3.2669e-14;1.51265e-14;-9.990E+02
01:58:56.342;+01:10:47.851;2.30E+20;0.8;-999/-999;2327.9;4.16048e-14;1.7589e-14;4.82037e-14;2.48308e-14;-9.990E+02;3.61559e-14;2.63673e-14;-9.990E+02;0;-6.99356e-11;3.64537e-13
01:59:10.155;+01:05:13.571;2.30E+20;0.8;-999/-999;2315.2;4.12665e-13;5.2767e-14;4.22782e-13;7.03069e-14;-9.990E+02;3.31046e-13;7.56627e-14;-9.990E+02;1.68405e-13;6.64899e-14;-9.990E+02
01:59:42.139;+01:13:39.457;2.30E+20;0.8;-999/-999;2434.6;9.01098e-14;2.706e-14;1.04402e-13;3.76224e-14;-9.990E+02;7.83083e-14;3.99654e-14;-9.990E+02;3.67821e-14;-1.07568e-10;3.94686e-13
01:59:15.229;+01:19:41.243;2.30E+20;0.8;-999/-999;1818.9;2.49899e-13;4.6002e-14;1.57944e-13;4.91913e-14;-9.990E+02;2.96161e-13;8.07069e-14;-9.990E+02;1.80788e-13;7.7419e-14;-9.990E+02
01:58:52.728;+01:01:33.411;2.35E+20;0.8;-999/-999;2428.0;8.86161e-14;2.7108e-14;1.92846e-14;1.7049e-14;-9.990E+02;1.15379e-13;5.0966e-14;-9.990E+02;1.31967e-13;6.57949e-14;-9.990E+02
01:10:12.111;-00:07:54.492;3.07E+20;0.8;-999/-999;3554.0;1.46902e-13;2.22368e-14;0;-3.98989e-11;4.35941e-13;9.40882e-14;2.91129e-14;-9.990E+02;4.27459e-13;7.66515e-14;-9.990E+02
20:08:09.194;+00:23:38.487;8.07E+20;0.8;-999/-999;9336.1;3.70023e-14;9.32292e-15;1.25837e-14;8.13924e-15;-9.990E+02;4.01117e-14;1.48738e-14;-9.990E+02;4.80983e-14;1.94501e-14;-9.990E+02
20:08:30.846;+00:21:33.768;7.99E+20;1.054;+0.04/-0.04;9544.6;3.2455e-12;6.85204e-14;3.27109e-12;1.17041e-13;-9.990E+02;3.61243e-12;1.21942e-13;-9.990E+02;3.13206e-12;1.31472e-13;-9.990E+02
20:08:14.263;+00:29:24.423;8.01E+20;0.8;-999/-999;9274.7;1.97255e-14;7.2225e-15;6.21413e-15;6.09381e-15;-9.990E+02;3.31346e-14;1.42593e-14;-9.990E+02;9.53947e-15;9.35476e-15;-9.990E+02
20:07:53.354;+00:21:30.699;8.16E+20;0.8;-999/-999;9562.1;6.61316e-14;1.22436e-14;2.44499e-14;1.12815e-14;-9.990E+02;6.89654e-14;1.94532e-14;-9.990E+02;8.67234e-14;2.60496e-14;-9.990E+02
20:08:24.026;+00:13:55.644;8.09E+20;0.8;-999/-999;9997.9;1.8832e-14;7.55854e-15;1.38806e-14;9.5976e-15;-9.990E+02;2.94865e-14;1.44694e-14;-9.990E+02;2.47374e-14;-2.55089e-11;1.4034e-13
20:08:48.627;+00:30:58.711;7.84E+20;0.8;-999/-999;6781.2;4.13748e-14;1.10269e-14;6.79234e-14;2.08529e-14;-9.990E+02;2.43787e-14;1.29955e-14;-9.990E+02;5.46902e-14;-3.74359e-11;2.32121e-13
20:08:33.309;+00:14:13.859;8.05E+20;0.8;-999/-999;9451.4;3.68715e-14;1.01216e-14;6.10628e-14;-2.23317e-11;5.98919e-14;5.77743e-14;1.95073e-14;-9.990E+02;4.15664e-14;1.98515e-14;-9.990E+02
20:08:46.765;+00:14:20.263;8.00E+20;0.8;-999/-999;8586.7;2.82891e-14;9.6276e-15;1.03867e-14;8.61845e-15;-9.990E+02;2.21717e-14;1.29747e-14;-9.990E+02;4.78594e-14;2.30877e-14;-9.990E+02
20:09:08.841;+00:21:01.450;7.84E+20;0.8;-999/-999;8498.5;6.71681e-14;1.42231e-14;6.30592e-14;2.01041e-14;-9.990E+02;4.52393e-14;1.76776e-14;-9.990E+02;6.52263e-14;2.54877e-14;-9.990E+02
20:08:39.217;+00:10:38.024;8.07E+20;0.8;-999/-999;8496.8;5.28835e-14;1.36629e-14;6.67908e-14;2.26485e-14;-9.990E+02;3.55e-14;1.71211e-14;-9.990E+02;2.55297e-14;1.7315e-14;-9.990E+02
01:09:38.908;+00:59:48.511;2.66E+20;0.8;-999/-999;1047.5;6.85835e-13;1.02772e-13;4.91742e-13;1.13369e-13;-9.990E+02;5.54047e-13;1.46128e-13;-9.990E+02;7.58476e-13;2.12136e-13;-9.990E+02
01:09:55.630;+00:54:59.007;2.70E+20;0.8;-999/-999;1083.2;1.09364e-13;4.39104e-14;3.22469e-14;3.13006e-14;-9.990E+02;1.41272e-13;7.95673e-14;-9.990E+02;1.43138e-13;1.00364e-13;-9.990E+02
02:04:41.761;+00:49:56.284;2.21E+20;0.8;-999/-999;8066.5;3.05458e-14;8.0916e-15;1.44191e-14;7.25625e-15;-9.990E+02;5.80337e-14;1.80866e-14;-9.990E+02;0;-3.22657e-11;7.34241e-14
02:05:04.147;+00:52:11.997;2.26E+20;0.8;-999/-999;8128.8;1.6158e-14;6.3497e-15;5.6113e-15;4.97141e-15;-9.990E+02;1.6874e-14;1.05066e-14;-9.990E+02;2.57654e-14;1.60428e-14;-9.990E+02
02:04:45.643;+00:40:03.345;2.21E+20;0.8;-999/-999;8368.2;2.69855e-14;8.0916e-15;1.75196e-14;8.57535e-15;-9.990E+02;8.81252e-15;7.55107e-15;-9.990E+02;5.38838e-14;2.27378e-14;-9.990E+02
02:05:13.577;+00:52:21.928;2.26E+20;0.8;-999/-999;8170.4;2.12512e-14;7.2954e-15;9.21856e-15;6.4176e-15;-9.990E+02;6.93505e-15;-1.90212e-11;9.17387e-14;6.35253e-14;2.53832e-14;-9.990E+02
02:04:17.546;+00:48:30.672;2.21E+20;0.219;+0.22/-0.18;4042.5;1.94648e-13;2.60117e-14;8.87674e-14;1.69836e-14;-9.990E+02;3.97376e-14;1.56414e-14;-9.990E+02;2.65507e-13;5.07987e-14;-9.990E+02
22:54:04.297;+00:54:21.907;5.20E+20;0.765;+0.21/-0.17;8489.4;1.73456e-13;1.98497e-14;1.217e-13;2.21633e-14;-9.990E+02;1.35651e-13;2.68776e-14;-9.990E+02;1.88816e-13;3.8402e-14;-9.990E+02
22:54:33.522;+01:00:24.133;5.08E+20;0.8;-999/-999;9123.4;2.4904e-14;7.85195e-15;1.94806e-14;9.7736e-15;-9.990E+02;2.45107e-14;1.22973e-14;-9.990E+02;1.818e-14;1.27401e-14;-9.990E+02
22:53:59.393;+00:52:38.267;5.22E+20;0.8;-999/-999;8719.2;4.12065e-14;1.01157e-14;1.87104e-14;9.28642e-15;-9.990E+02;4.67065e-14;1.63491e-14;-9.990E+02;4.61038e-14;1.99202e-14;-9.990E+02
22:53:51.870;+00:59:25.194;5.21E+20;0.8;-999/-999;8421.1;3.2763e-14;9.22064e-15;8.05435e-15;6.52771e-15;-9.990E+02;5.02798e-14;1.81109e-14;-9.990E+02;2.9796e-14;1.67667e-14;-9.990E+02
22:54:51.751;+00:46:25.936;5.06E+20;0.294;+0.10/-0.09;1616.6;1.02214e-12;6.73134e-14;1.59018e-13;-8.36976e-11;2.09384e-12;9.4664e-13;9.04315e-14;-9.990E+02;1.52231e-12;1.45425e-13;-9.990E+02
22:53:35.003;+01:03:41.270;5.23E+20;0.8;-999/-999;3978.8;1.96876e-13;2.52977e-14;1.54904e-13;3.14553e-14;-9.990E+02;2.89875e-13;4.90125e-14;-9.990E+02;3.57684e-13;-9.18414e-11;9.44917e-13
22:53:31.668;+00:48:24.788;5.32E+20;0.315;+0.12/-0.11;3584.8;8.88817e-13;6.49216e-14;2.27497e-13;3.73968e-14;-9.990E+02;5.9691e-13;7.26739e-14;-9.990E+02;1.16666e-12;1.30773e-13;-9.990E+02
02:01:46.812;+01:17:09.093;2.29E+20;1.934;+0.14/-0.12;1727.5;5.58617e-13;2.73578e-14;2.40308e-12;1.54717e-13;-9.990E+02;1.64911e-12;1.35713e-13;-9.990E+02;3.7327e-13;6.94157e-14;-9.990E+02
02:02:09.810;+01:22:58.219;2.29E+20;0.8;-999/-999;3091.8;3.28252e-14;1.48775e-14;5.70224e-14;2.58445e-14;-9.990E+02;2.98164e-14;-3.87606e-11;1.41323e-13;8.80773e-15;-5.91669e-11;2.15725e-13
02:01:24.922;+01:26:04.574;2.34E+20;0.8;-999/-999;1801.9;1.31656e-13;3.25176e-14;2.29205e-13;-5.6564e-11;3.02634e-13;1.37172e-13;5.37114e-14;-9.990E+02;3.13899e-13;9.77232e-14;-9.990E+02
02:01:51.562;+01:29:03.486;2.33E+20;0.8;-999/-999;2814.6;2.99458e-13;4.7404e-14;1.38945e-13;4.32038e-14;-9.990E+02;1.55999e-13;5.58577e-14;-9.990E+02;6.34785e-13;1.39071e-13;-9.990E+02
22:44:23.860;+01:15:57.475;5.68E+20;0.8;-999/-999;3578.6;8.12047e-14;2.11078e-14;0;-4.22974e-11;8.95833e-14;3.29462e-14;2.0881e-14;-9.990E+02;2.42863e-13;6.86859e-14;-9.990E+02
22:44:56.671;+01:15:56.884;5.77E+20;0.8;-999/-999;3740.4;3.08951e-14;1.34524e-14;1.55472e-14;1.32197e-14;-9.990E+02;1.87823e-14;1.59705e-14;-9.990E+02;5.53249e-14;3.4007e-14;-9.990E+02
22:45:12.457;+01:08:26.236;5.83E+20;0.8;-999/-999;3919.0;3.47183e-14;1.43839e-14;1.75124e-14;-2.89938e-11;9.25115e-14;1.68719e-14;1.56213e-14;-9.990E+02;9.93451e-14;4.53793e-14;-9.990E+02
00:45:47.690;-00:50:14.014;2.27E+20;0.8;-999/-999;3059.1;6.59127e-14;1.8921e-14;0;-3.28177e-11;1.89118e-13;0;-4.93301e-11;2.84274e-13;2.62558e-13;7.53704e-14;-9.990E+02
00:45:49.771;-00:50:59.813;2.28E+20;0.8;-999/-999;3163.1;1.63592e-13;2.9744e-14;3.78684e-14;1.84741e-14;-9.990E+02;2.84553e-13;6.26659e-14;-9.990E+02;1.30337e-13;5.01105e-14;-9.990E+02
00:45:54.196;-00:51:35.761;2.29E+20;0.8;-999/-999;3115.3;3.9493e-14;1.623e-14;1.7149e-14;1.4097e-14;-9.990E+02;2.57428e-14;2.11614e-14;-9.990E+02;7.8602e-14;4.57184e-14;-9.990E+02
00:46:18.260;-00:44:10.491;2.19E+20;0.8;-999/-999;2753.7;1.11932e-13;2.6952e-14;8.60605e-14;3.01631e-14;-9.990E+02;9.75436e-14;3.93838e-14;-9.990E+02;9.93683e-14;5.06639e-14;-9.990E+02
00:45:33.388;-00:58:10.126;2.31E+20;0.8;-999/-999;3061.1;1.69323e-13;3.2484e-14;2.02375e-13;4.65934e-14;-9.990E+02;8.27622e-14;3.59836e-14;-9.990E+02;8.41504e-14;4.52248e-14;-9.990E+02
21:40:54.529;+00:25:39.374;4.48E+20;1.171;+0.10/-0.09;5665.5;7.69186e-13;3.86946e-14;1.04391e-12;7.62259e-14;-9.990E+02;8.44646e-13;7.29037e-14;-9.990E+02;7.07455e-13;7.85037e-14;-9.990E+02
21:40:32.611;+00:26:18.478;4.51E+20;0.8;-999/-999;6001.0;6.00641e-14;1.42698e-14;7.30013e-14;2.21423e-14;-9.990E+02;4.07385e-14;1.90729e-14;-9.990E+02;2.02598e-14;1.65428e-14;-9.990E+02
21:41:20.109;+00:28:11.992;4.45E+20;0.8;-999/-999;6010.3;2.87483e-14;1.01738e-14;1.09561e-14;8.45868e-15;-9.990E+02;4.2954e-14;1.88824e-14;-9.990E+02;2.13761e-14;1.65034e-14;-9.990E+02
01:10:24.588;-00:15:42.791;3.09E+20;0.8;-999/-999;16288.4;2.57576e-14;5.5632e-15;2.45119e-14;7.27454e-15;-9.990E+02;1.93987e-14;7.76945e-15;-9.990E+02;1.76215e-14;9.01831e-15;-9.990E+02
01:10:31.036;-00:16:08.564;3.08E+20;0.8;-999/-999;17169.5;1.84354e-14;4.72702e-15;8.28069e-15;4.07788e-15;-9.990E+02;2.35941e-14;8.71561e-15;-9.990E+02;1.78638e-14;8.79713e-15;-9.990E+02
01:10:15.056;-00:10:36.576;3.08E+20;0.8;-999/-999;16834.6;1.23681e-14;4.03187e-15;8.33816e-15;4.43769e-15;-9.990E+02;1.18807e-14;6.32309e-15;-9.990E+02;1.19882e-14;7.65437e-15;-9.990E+02
01:10:25.222;-00:23:29.577;3.11E+20;0.8;-999/-999;17129.6;1.67282e-14;4.59261e-15;1.5052e-14;5.85552e-15;-9.990E+02;1.07023e-14;5.87647e-15;-9.990E+02;1.61991e-14;8.89466e-15;-9.990E+02
01:10:49.557;-00:11:02.270;3.06E+20;0.8;-999/-999;17619.2;2.17981e-14;5.41827e-15;2.60717e-15;2.5448e-15;-9.990E+02;2.23246e-14;8.75612e-15;-9.990E+02;4.50791e-14;1.55241e-14;-9.990E+02
01:10:29.323;-00:25:18.102;3.20E+20;0.8;-999/-999;13710.4;2.18877e-14;5.44401e-15;5.64883e-15;3.62383e-15;-9.990E+02;7.9865e-15;5.12348e-15;-9.990E+02;6.03848e-14;1.77057e-14;-9.990E+02
01:10:40.043;-00:24:34.683;3.10E+20;0.8;-999/-999;13861.3;5.60236e-14;8.20808e-15;3.9441e-14;9.30216e-15;-9.990E+02;6.23549e-14;1.38669e-14;-9.990E+02;3.77612e-14;1.33579e-14;-9.990E+02
01:10:12.027;-00:07:55.911;3.07E+20;0.127;+0.23/-0.18;15665.9;1.16076e-13;1.50776e-14;8.60655e-15;4.07478e-15;-9.990E+02;9.06876e-14;1.77531e-14;-9.990E+02;1.64463e-13;3.10555e-14;-9.990E+02
01:10:35.850;-00:07:46.009;3.05E+20;0.8;-999/-999;17186.0;2.29168e-14;5.5556e-15;1.54267e-14;6.13777e-15;-9.990E+02;2.93582e-14;9.85487e-15;-9.990E+02;1.112e-14;7.46543e-15;-9.990E+02
01:10:56.247;-00:11:15.470;3.05E+20;0.8;-999/-999;16740.3;9.63758e-15;3.75003e-15;6.48679e-15;-6.72362e-12;2.28409e-14;4.93989e-15;4.21741e-15;-9.990E+02;2.9921e-14;1.31359e-14;-9.990E+02
01:10:59.887;-00:12:41.118;3.05E+20;0.8;-999/-999;16072.1;1.2582e-14;4.30559e-15;2.50796e-15;2.57527e-15;-9.990E+02;7.16427e-15;5.22461e-15;-9.990E+02;3.2546e-14;1.34863e-14;-9.990E+02
01:11:04.917;-00:16:28.007;3.06E+20;0.8;-999/-999;12125.7;3.04257e-14;6.52971e-15;6.07009e-15;-1.17136e-11;4.50579e-14;1.94842e-14;8.25425e-15;-9.990E+02;8.85087e-14;2.19547e-14;-9.990E+02
01:10:18.631;-00:06:36.637;3.06E+20;0.8;-999/-999;16486.3;1.39625e-14;4.58469e-15;1.50393e-14;6.27218e-15;-9.990E+02;1.43088e-14;7.27185e-15;-9.990E+02;4.06105e-14;-1.77718e-11;7.13137e-14
01:09:37.905;-00:14:58.554;3.13E+20;0.8;-999/-999;10305.5;5.98122e-14;9.33042e-15;3.07768e-14;8.89694e-15;-9.990E+02;8.73857e-14;1.79723e-14;-9.990E+02;3.30678e-14;1.35958e-14;-9.990E+02
00:39:12.377;-00:19:38.519;2.16E+20;0.8;-999/-999;3835.7;4.61208e-14;1.61544e-14;1.77056e-14;1.39524e-14;-9.990E+02;8.04311e-14;3.45741e-14;-9.990E+02;2.04862e-14;2.17242e-14;-9.990E+02
00:39:57.151;-00:12:45.048;2.12E+20;0.8;-999/-999;3852.7;4.36596e-14;1.61304e-14;7.52854e-14;2.78148e-14;-9.990E+02;7.62389e-14;-4.22024e-11;1.5114e-13;1.94247e-14;-6.45338e-11;2.31116e-13
03:41:35.516;-00:40:33.570;6.26E+20;0.810;+0.21/-0.17;7544.3;1.93636e-13;2.12954e-14;1.27506e-13;2.40939e-14;-9.990E+02;1.79141e-13;3.29134e-14;-9.990E+02;2.07425e-13;4.12581e-14;-9.990E+02
03:41:04.000;-00:39:15.155;6.32E+20;0.8;-999/-999;7550.7;2.29344e-14;8.75007e-15;1.49866e-14;-1.79953e-11;3.46064e-14;3.06882e-14;1.62967e-14;-9.990E+02;3.59491e-14;2.13365e-14;-9.990E+02
03:41:11.440;-00:31:21.862;6.21E+20;0.8;-999/-999;7612.9;3.26281e-14;1.01006e-14;3.34372e-14;1.46798e-14;-9.990E+02;2.95436e-14;1.48531e-14;-9.990E+02;1.44366e-14;1.2676e-14;-9.990E+02
03:41:12.243;-00:29:52.285;6.19E+20;0.8;-999/-999;7618.1;3.0592e-14;1.00954e-14;2.50678e-14;1.30084e-14;-9.990E+02;4.43637e-14;1.89017e-14;-9.990E+02;1.35477e-14;-3.57136e-11;1.43114e-13
03:41:44.764;-00:28:55.671;6.11E+20;0.8;-999/-999;7442.1;7.37564e-14;1.5261e-14;2.82259e-14;1.38217e-14;-9.990E+02;8.91601e-14;2.7678e-14;-9.990E+02;8.17861e-14;3.08079e-14;-9.990E+02
03:41:32.035;-00:47:51.268;6.51E+20;0.8;-999/-999;7225.2;4.99656e-14;1.2962e-14;2.5925e-14;1.36397e-14;-9.990E+02;7.00422e-14;2.44721e-14;-9.990E+02;2.92447e-14;1.88606e-14;-9.990E+02
03:41:06.708;-00:29:26.550;6.21E+20;0.8;-999/-999;7618.1;2.40273e-14;9.1824e-15;7.03562e-15;7.01366e-15;-9.990E+02;3.31461e-14;1.65268e-14;-9.990E+02;2.43065e-14;1.71397e-14;-9.990E+02
00:56:28.756;+00:34:43.320;2.79E+20;0.8;-999/-999;6222.9;2.61122e-14;9.22255e-15;1.98648e-14;1.06044e-14;-9.990E+02;1.92266e-14;1.26947e-14;-9.990E+02;2.91976e-14;1.92783e-14;-9.990E+02
00:56:29.946;+00:30:15.596;2.79E+20;0.8;-999/-999;6381.1;1.98216e-14;8.12135e-15;1.50782e-14;-1.44014e-11;5.81041e-14;2.55421e-14;1.48129e-14;-9.990E+02;3.87882e-14;2.24949e-14;-9.990E+02
00:56:02.413;+00:34:41.260;2.80E+20;0.8;-999/-999;6296.9;3.04179e-14;1.00521e-14;2.31423e-14;1.16323e-14;-9.990E+02;3.35821e-14;1.68797e-14;-9.990E+02;1.70048e-14;1.50274e-14;-9.990E+02
00:56:49.195;+00:39:41.945;2.81E+20;0.8;-999/-999;6373.8;3.28258e-14;1.07445e-14;6.48019e-15;6.40922e-15;-9.990E+02;3.75829e-14;1.87843e-14;-9.990E+02;5.706e-14;2.85192e-14;-9.990E+02
00:55:48.504;+00:29:46.069;2.80E+20;0.8;-999/-999;6381.1;1.99665e-14;8.6751e-15;1.7726e-14;1.08645e-14;-9.990E+02;2.28659e-14;-2.23336e-11;8.48777e-14;3.90583e-14;2.39393e-14;-9.990E+02
00:55:45.617;+00:38:48.877;2.81E+20;0.8;-999/-999;6381.1;2.3693e-14;9.50475e-15;3.15689e-14;1.4622e-14;-9.990E+02;1.52603e-14;1.23715e-14;-9.990E+02;4.63323e-14;-3.71402e-11;1.53291e-13
01:07:22.577;-00:18:56.845;3.53E+20;0.8;-999/-999;1534.2;1.66675e-13;3.24599e-14;0;-5.94263e-11;4.04968e-13;3.38182e-13;7.44873e-14;-9.990E+02;1.27413e-13;5.61007e-14;-9.990E+02
01:08:26.441;-00:37:21.879;3.76E+20;0.8;-999/-999;1637.2;7.16261e-13;8.9586e-14;5.68033e-13;1.08371e-13;-9.990E+02;1.03333e-12;1.71025e-13;-9.990E+02;5.43397e-13;-3.39637e-10;2.56751e-12
00:00:11.977;+00:02:27.101;2.83E+20;0.8;-999/-999;965.4;1.47902e-13;5.5136e-14;2.19144e-13;8.87997e-14;-9.990E+02;0;-1.41846e-10;4.1993e-13;9.62889e-14;8.94458e-14;-9.990E+02
23:59:40.175;-00:03:06.684;3.30E+20;0.8;-999/-999;952.6;2.03507e-13;6.58282e-14;1.67853e-13;8.08388e-14;-9.990E+02;2.82962e-13;1.23722e-13;-9.990E+02;1.30548e-13;-2.53168e-10;4.71233e-13
01:34:59.398;-00:35:52.460;2.53E+20;0.8;-999/-999;14384.1;4.26827e-14;7.77537e-15;3.25878e-14;8.96942e-15;-9.990E+02;3.84826e-14;1.181e-14;-9.990E+02;3.66342e-14;1.44716e-14;-9.990E+02
01:34:44.482;-00:35:01.732;2.53E+20;0.8;-999/-999;13358.8;5.6692e-14;8.73024e-15;3.55329e-14;9.11788e-15;-9.990E+02;4.72543e-14;1.28959e-14;-9.990E+02;7.19543e-14;1.96366e-14;-9.990E+02
01:35:00.511;-00:41:03.924;2.55E+20;0.584;+0.21/-0.16;13495.2;1.12183e-13;1.29224e-14;6.63336e-14;1.16732e-14;-9.990E+02;6.24804e-14;1.42092e-14;-9.990E+02;1.31725e-13;2.5998e-14;-9.990E+02
01:35:15.245;-00:36:59.528;2.54E+20;0.8;-999/-999;14770.0;1.11351e-14;4.23026e-15;3.9106e-15;3.35468e-15;-9.990E+02;1.15464e-14;6.89813e-15;-9.990E+02;1.75796e-14;1.05025e-14;-9.990E+02
01:35:14.782;-00:38:33.379;2.54E+20;0.8;-999/-999;14769.7;4.40493e-14;7.91468e-15;5.52324e-15;3.89143e-15;-9.990E+02;6.11634e-14;1.53881e-14;-9.990E+02;6.82932e-14;2.03048e-14;-9.990E+02
01:34:54.523;-00:42:57.456;2.64E+20;0.8;-999/-999;14203.2;1.9555e-14;5.4776e-15;1.03487e-14;5.34945e-15;-9.990E+02;1.51762e-14;7.84487e-15;-9.990E+02;3.07796e-14;1.35906e-14;-9.990E+02
01:35:18.195;-00:35:17.849;2.53E+20;0.8;-999/-999;14793.0;1.0048e-14;4.0923e-15;5.29162e-15;-7.17602e-12;1.93803e-14;4.3399e-15;4.42125e-15;-9.990E+02;3.30473e-14;1.4811e-14;-9.990E+02
01:35:17.194;-00:33:57.779;2.53E+20;0.8;-999/-999;14763.1;1.19427e-14;4.36512e-15;7.85842e-15;4.73612e-15;-9.990E+02;1.54779e-14;8.02545e-15;-9.990E+02;5.89207e-15;6.26907e-15;-9.990E+02
01:34:23.863;-00:39:48.091;2.63E+20;0.8;-999/-999;14463.2;1.93426e-14;5.4756e-15;1.42113e-14;6.25501e-15;-9.990E+02;2.50228e-14;9.97584e-15;-9.990E+02;6.34003e-15;6.37235e-15;-9.990E+02
01:34:21.014;-00:36:32.337;2.61E+20;0.8;-999/-999;13919.9;7.59458e-14;1.0396e-14;7.69321e-14;1.36637e-14;-9.990E+02;5.40619e-14;1.38677e-14;-9.990E+02;4.48418e-14;1.57444e-14;-9.990E+02
01:34:52.139;-00:45:25.055;2.65E+20;0.8;-999/-999;14483.8;1.14688e-14;4.38368e-15;8.66978e-15;5.10712e-15;-9.990E+02;1.69383e-14;8.55417e-15;-9.990E+02;6.76043e-15;-1.72216e-11;4.24803e-14
01:34:36.345;-00:44:33.913;2.65E+20;0.8;-999/-999;14150.4;1.36305e-14;4.79465e-15;1.06904e-14;5.63886e-15;-9.990E+02;1.17491e-14;7.0842e-15;-9.990E+02;1.19156e-14;8.9798e-15;-9.990E+02
01:34:29.605;-00:43:52.191;2.65E+20;0.8;-999/-999;14336.6;1.04688e-14;4.24669e-15;6.1561e-15;4.26117e-15;-9.990E+02;1.35308e-14;7.75011e-15;-9.990E+02;6.8574e-15;6.87356e-15;-9.990E+02
01:34:56.886;-00:27:38.767;2.50E+20;0.8;-999/-999;14486.7;2.07539e-14;5.85961e-15;1.65346e-14;6.9965e-15;-9.990E+02;1.95777e-14;9.25319e-15;-9.990E+02;1.49071e-14;1.00709e-14;-9.990E+02
01:35:02.679;-00:26:07.291;2.50E+20;0.8;-999/-999;13339.5;1.87508e-14;5.72334e-15;1.64343e-14;7.14221e-15;-9.990E+02;8.11113e-15;6.03915e-15;-9.990E+02;2.47033e-14;1.30329e-14;-9.990E+02
01:34:49.024;-00:25:06.225;2.49E+20;0.8;-999/-999;12904.9;7.89259e-14;1.13063e-14;4.03386e-14;1.10609e-14;-9.990E+02;1.02421e-13;2.152e-14;-9.990E+02;6.50018e-14;2.12346e-14;-9.990E+02
01:34:36.106;-00:24:39.977;2.50E+20;0.8;-999/-999;7439.5;1.07667e-13;1.49897e-14;4.35699e-14;1.28297e-14;-9.990E+02;1.71911e-13;3.20308e-14;-9.990E+02;6.54877e-14;2.36962e-14;-9.990E+02
20:14:19.438;-00:47:38.878;9.18E+20;0.8;-999/-999;4896.5;6.70509e-14;1.81665e-14;3.44068e-14;1.96904e-14;-9.990E+02;3.4515e-14;1.97524e-14;-9.990E+02;1.22728e-13;4.4672e-14;-9.990E+02
20:14:28.506;-00:47:23.100;9.11E+20;1.234;+0.20/-0.16;4516.0;3.07572e-13;2.91925e-14;4.77624e-13;6.89381e-14;-9.990E+02;3.46013e-13;5.42108e-14;-9.990E+02;2.7562e-13;5.6341e-14;-9.990E+02
20:14:00.625;-00:42:25.957;9.21E+20;0.8;-999/-999;4956.9;2.75984e-14;1.18987e-14;2.71522e-14;-2.74924e-11;8.44302e-14;3.83546e-14;2.11984e-14;-9.990E+02;3.63464e-14;2.47207e-14;-9.990E+02
20:14:40.980;-00:49:45.045;9.00E+20;0.8;-999/-999;4658.3;6.38685e-14;1.80884e-14;7.32386e-14;2.92841e-14;-9.990E+02;7.41533e-14;2.96499e-14;-9.990E+02;8.44972e-14;-5.97955e-11;1.74544e-13
20:14:14.212;-00:39:00.425;9.12E+20;0.8;-999/-999;4712.8;3.03599e-14;1.25332e-14;4.6626e-14;2.36284e-14;-9.990E+02;3.51904e-14;-2.90303e-11;1.55132e-13;3.33867e-14;2.40645e-14;-9.990E+02
20:13:59.435;-00:51:59.410;9.32E+20;0.8;-999/-999;4954.7;7.52564e-14;1.98828e-14;1.55406e-13;4.36046e-14;-9.990E+02;1.93403e-14;1.5588e-14;-9.990E+02;8.24176e-14;-6.527e-11;1.81711e-13
20:15:08.312;-00:47:53.708;8.78E+20;0.8;-999/-999;3709.8;8.04274e-14;2.12641e-14;3.04764e-14;1.95689e-14;-9.990E+02;1.24846e-13;4.00665e-14;-9.990E+02;4.45734e-14;2.86205e-14;-9.990E+02
03:53:59.180;+00:23:05.386;1.18E+21;0.8;-999/-999;5771.8;7.64093e-14;1.68048e-14;9.77307e-14;3.04743e-14;-9.990E+02;0;-3.78354e-11;5.68518e-13;1.19299e-13;3.71996e-14;-9.990E+02
03:54:30.339;+00:28:43.263;1.19E+21;0.8;-999/-999;5671.5;3.9066e-14;1.36828e-14;5.01734e-14;2.52308e-14;-9.990E+02;4.40019e-14;2.21273e-14;-9.990E+02;6.08344e-14;-4.25895e-11;2.00977e-13
01:58:04.809;-00:50:00.352;2.48E+20;0.606;+0.23/-0.18;83934.6;1.70559e-14;2.22124e-15;7.53773e-15;1.74681e-15;-9.990E+02;1.41697e-14;3.0716e-15;-9.990E+02;1.98455e-14;4.40017e-15;-9.990E+02
01:58:12.778;-00:54:28.457;2.47E+20;0.8;-999/-999;83601.2;4.11491e-15;1.19786e-15;1.20061e-15;8.43617e-16;-9.990E+02;1.78068e-15;1.25121e-15;-9.990E+02;1.08514e-14;3.86772e-15;-9.990E+02
01:58:05.570;-00:54:03.484;2.48E+20;1.040;+0.13/-0.11;81985.0;3.56283e-14;2.40658e-15;3.22649e-14;3.32864e-15;-9.990E+02;4.4129e-14;4.62403e-15;-9.990E+02;3.45486e-14;5.13675e-15;-9.990E+02
01:58:26.177;-00:51:36.633;2.46E+20;0.8;-999/-999;85772.4;5.22781e-15;1.29267e-15;2.40739e-15;1.11059e-15;-9.990E+02;4.28686e-15;1.83137e-15;-9.990E+02;8.71325e-15;3.20904e-15;-9.990E+02
01:58:13.924;-00:47:38.383;2.47E+20;0.8;-999/-999;83475.7;3.59629e-15;1.11618e-15;3.70572e-15;1.54377e-15;-9.990E+02;1.09888e-15;1.0144e-15;-9.990E+02;4.18438e-15;2.47293e-15;-9.990E+02
01:58:06.368;-00:55:06.410;2.52E+20;0.8;-999/-999;83928.6;3.75808e-15;1.15906e-15;3.51697e-15;1.48287e-15;-9.990E+02;3.24978e-15;1.75345e-15;-9.990E+02;1.97924e-15;1.66903e-15;-9.990E+02
01:58:25.227;-00:48:44.824;2.47E+20;0.934;+0.25/-0.19;88254.1;1.52976e-14;1.93488e-15;1.28739e-14;2.52933e-15;-9.990E+02;1.53422e-14;3.25571e-15;-9.990E+02;1.54904e-14;4.00518e-15;-9.990E+02
01:58:23.327;-00:48:18.987;2.47E+20;0.8;-999/-999;87759.1;3.01914e-15;1.03451e-15;2.40216e-15;1.21514e-15;-9.990E+02;7.12555e-16;8.16116e-16;-9.990E+02;5.42838e-15;2.74596e-15;-9.990E+02
01:58:27.461;-00:54:12.528;2.46E+20;0.8;-999/-999;85201.7;4.0508e-15;1.1702e-15;1.09035e-15;8.19133e-16;-9.990E+02;3.23582e-15;1.72217e-15;-9.990E+02;8.63248e-15;3.47345e-15;-9.990E+02
01:58:21.480;-00:56:09.427;2.46E+20;0.8;-999/-999;86477.9;5.49451e-15;1.31988e-15;2.66933e-15;1.23727e-15;-9.990E+02;3.96173e-15;1.83632e-15;-9.990E+02;9.66643e-15;3.50738e-15;-9.990E+02
01:58:35.372;-00:52:34.024;2.46E+20;0.8;-999/-999;85301.5;5.91224e-15;1.33349e-15;9.85341e-16;7.00073e-16;-9.990E+02;6.58049e-15;2.16464e-15;-9.990E+02;1.1142e-14;3.62801e-15;-9.990E+02
01:58:07.085;-00:57:50.918;2.51E+20;0.8;-999/-999;85635.0;8.03139e-15;1.49941e-15;5.51272e-15;1.64354e-15;-9.990E+02;5.43514e-15;2.01776e-15;-9.990E+02;1.10405e-14;3.51734e-15;-9.990E+02
01:58:09.962;-00:44:40.046;2.48E+20;0.8;-999/-999;81464.4;3.58263e-15;1.14383e-15;2.78807e-15;1.29315e-15;-9.990E+02;1.03325e-15;9.44879e-16;-9.990E+02;6.29542e-15;2.91991e-15;-9.990E+02
01:57:49.299;-00:56:06.753;2.54E+20;0.8;-999/-999;85946.0;4.59461e-15;1.25543e-15;4.0328e-15;1.51176e-15;-9.990E+02;4.46433e-15;1.92935e-15;-9.990E+02;2.26639e-15;1.69871e-15;-9.990E+02
01:58:27.645;-00:56:50.875;2.46E+20;0.8;-999/-999;85433.8;3.82629e-15;1.14299e-15;2.23261e-15;1.18012e-15;-9.990E+02;3.31357e-15;1.7515e-15;-9.990E+02;5.04916e-15;2.66891e-15;-9.990E+02
01:58:06.569;-00:58:42.496;2.51E+20;0.8;-999/-999;84479.8;8.4444e-15;1.63572e-15;8.14477e-15;2.15154e-15;-9.990E+02;6.57026e-15;2.25433e-15;-9.990E+02;5.0043e-15;2.42352e-15;-9.990E+02
01:58:40.793;-00:52:54.273;2.45E+20;0.8;-999/-999;68454.9;8.21561e-15;1.63224e-15;1.91613e-15;1.02457e-15;-9.990E+02;9.95797e-15;2.74392e-15;-9.990E+02;1.30104e-14;4.18153e-15;-9.990E+02
01:58:15.925;-00:58:53.575;2.49E+20;0.8;-999/-999;83689.3;3.73515e-15;1.15787e-15;5.95054e-16;5.91713e-16;-9.990E+02;3.52621e-15;1.75285e-15;-9.990E+02;8.05656e-15;3.28079e-15;-9.990E+02
01:58:04.918;-00:58:58.088;2.51E+20;0.8;-999/-999;85435.3;6.66829e-15;1.49941e-15;4.17638e-15;1.55748e-15;-9.990E+02;8.64955e-15;2.72287e-15;-9.990E+02;3.76346e-15;2.23287e-15;-9.990E+02
01:58:03.667;-00:59:00.302;2.51E+20;0.8;-999/-999;86463.0;4.167e-15;1.26768e-15;2.43602e-15;1.25985e-15;-9.990E+02;5.40685e-15;2.27448e-15;-9.990E+02;2.7445e-15;2.00344e-15;-9.990E+02
01:58:07.565;-00:59:03.280;2.51E+20;0.8;-999/-999;84798.9;4.59365e-15;1.30858e-15;1.46472e-15;1.02222e-15;-9.990E+02;4.33538e-15;2.1295e-15;-9.990E+02;8.25074e-15;3.61912e-15;-9.990E+02
01:58:01.697;-00:43:28.803;2.48E+20;0.8;-999/-999;78402.9;6.39046e-15;1.49787e-15;3.73014e-15;1.5741e-15;-9.990E+02;1.84345e-15;1.34326e-15;-9.990E+02;1.40449e-14;4.57751e-15;-9.990E+02
01:58:39.585;-00:47:20.487;2.46E+20;0.363;+0.23/-0.17;63627.7;2.31831e-14;2.97696e-15;5.39735e-15;1.53412e-15;-9.990E+02;1.82077e-14;3.6178e-15;-9.990E+02;2.97714e-14;5.91546e-15;-9.990E+02
01:58:37.152;-00:46:23.141;2.46E+20;0.254;+0.25/-0.19;64955.2;2.11608e-14;2.9637e-15;4.90673e-15;1.43703e-15;-9.990E+02;1.37013e-14;3.26036e-15;-9.990E+02;2.84118e-14;5.82455e-15;-9.990E+02
01:57:58.985;-00:43:27.072;2.48E+20;1.188;+0.18/-0.15;75962.4;2.24562e-14;1.97562e-15;2.54436e-14;3.4828e-15;-9.990E+02;3.28199e-14;4.65834e-15;-9.990E+02;2.05417e-14;4.23907e-15;-9.990E+02
01:57:59.277;-00:43:03.087;2.48E+20;0.8;-999/-999;73025.5;1.11401e-14;1.90638e-15;9.75704e-15;2.50425e-15;-9.990E+02;7.23241e-15;2.53629e-15;-9.990E+02;1.10183e-14;3.86395e-15;-9.990E+02
01:57:48.564;-00:58:12.169;2.54E+20;0.8;-999/-999;85472.4;5.81729e-15;1.3646e-15;1.91552e-15;1.04402e-15;-9.990E+02;5.65646e-15;2.1982e-15;-9.990E+02;1.00447e-14;3.61609e-15;-9.990E+02
01:57:57.864;-00:43:03.461;2.48E+20;0.8;-999/-999;72932.9;8.70399e-15;1.77021e-15;7.62008e-15;2.18848e-15;-9.990E+02;9.88712e-15;2.97356e-15;-9.990E+02;2.15143e-15;1.68829e-15;-9.990E+02
01:58:00.879;-01:00:01.303;2.51E+20;0.8;-999/-999;85056.5;9.83204e-15;1.77203e-15;6.63152e-16;6.04344e-16;-9.990E+02;1.56972e-14;3.5751e-15;-9.990E+02;1.34478e-14;3.88948e-15;-9.990E+02
01:57:33.809;-00:48:22.628;2.58E+20;1.267;+0.17/-0.14;81730.2;2.29581e-14;1.91028e-15;3.50759e-14;4.09088e-15;-9.990E+02;2.93143e-14;4.26186e-15;-9.990E+02;2.02563e-14;4.04985e-15;-9.990E+02
01:57:33.375;-00:47:54.285;2.58E+20;0.8;-999/-999;81027.2;5.94974e-15;1.50315e-15;1.74444e-15;1.08051e-15;-9.990E+02;1.28438e-14;3.5162e-15;-9.990E+02;3.83336e-15;-5.91943e-12;2.58699e-14
01:58:32.319;-00:42:37.922;2.46E+20;0.508;+0.09/-0.08;35045.2;1.19031e-13;6.28445e-15;4.18339e-14;4.33119e-15;-9.990E+02;9.56661e-14;8.20718e-15;-9.990E+02;1.44237e-13;1.26526e-14;-9.990E+02
01:58:51.341;-00:53:10.573;2.45E+20;0.8;-999/-999;41408.5;1.99813e-14;2.58438e-15;1.49759e-14;2.90525e-15;-9.990E+02;2.22411e-14;4.31465e-15;-9.990E+02;1.13033e-14;4.01944e-15;-9.990E+02
01:58:22.581;-00:41:20.586;2.47E+20;0.389;+0.14/-0.12;37665.1;5.56194e-14;4.76476e-15;1.65361e-14;2.74911e-15;-9.990E+02;3.9527e-14;5.45866e-15;-9.990E+02;7.0806e-14;9.3616e-15;-9.990E+02
01:58:51.324;-00:49:10.993;2.45E+20;1.172;+0.24/-0.18;32525.9;1.93375e-14;2.1019e-15;1.86805e-14;3.31567e-15;-9.990E+02;3.14243e-14;4.93386e-15;-9.990E+02;1.7771e-14;4.64926e-15;-9.990E+02
01:58:01.448;-00:41:10.300;2.48E+20;0.901;+0.16/-0.14;55214.9;3.34739e-14;2.99208e-15;2.95622e-14;3.95297e-15;-9.990E+02;2.84048e-14;4.61205e-15;-9.990E+02;3.44942e-14;6.08167e-15;-9.990E+02
01:57:48.260;-00:42:42.244;2.49E+20;0.8;-999/-999;64420.5;1.13676e-14;2.0433e-15;6.64036e-15;2.14821e-15;-9.990E+02;9.83548e-15;3.18186e-15;-9.990E+02;1.49822e-14;4.84686e-15;-9.990E+02
01:57:43.522;-00:59:56.770;2.54E+20;0.8;-999/-999;86526.1;4.01465e-15;1.28272e-15;3.91539e-15;1.67902e-15;-9.990E+02;1.15606e-15;1.11856e-15;-9.990E+02;5.28249e-15;2.94555e-15;-9.990E+02
01:57:39.885;-00:59:12.987;2.55E+20;0.8;-999/-999;86517.5;3.74856e-15;1.25589e-15;5.06479e-16;6.27823e-16;-9.990E+02;7.47204e-16;9.26222e-16;-9.990E+02;1.25114e-14;4.57371e-15;-9.990E+02
01:57:25.366;-00:51:11.064;2.58E+20;-0.190;+0.17/-0.14;75101.8;5.16692e-14;4.93206e-15;2.99831e-15;1.07875e-15;-9.990E+02;2.88695e-14;4.8751e-15;-9.990E+02;8.34233e-14;1.05669e-14;-9.990E+02
01:58:10.876;-01:03:22.989;2.49E+20;0.558;+0.13/-0.11;50822.7;6.29242e-14;4.76325e-15;3.12992e-14;3.94928e-15;-9.990E+02;4.14054e-14;5.67207e-15;-9.990E+02;7.45004e-14;9.48135e-15;-9.990E+02
01:57:55.397;-01:03:21.499;2.51E+20;0.8;-999/-999;66614.9;1.27e-14;2.18096e-15;8.10174e-15;2.3906e-15;-9.990E+02;1.34835e-14;3.77313e-15;-9.990E+02;1.14067e-14;4.30848e-15;-9.990E+02
01:57:16.807;-00:53:02.904;2.59E+20;-0.681;+0.17/-0.14;50971.4;8.41606e-14;7.25522e-15;3.77797e-15;1.24043e-15;-9.990E+02;2.70519e-14;5.09529e-15;-9.990E+02;1.65954e-13;1.70199e-14;-9.990E+02
01:57:26.276;-01:00:45.738;2.56E+20;0.528;+0.17/-0.14;37547.0;5.31479e-14;5.0409e-15;1.79242e-14;3.302e-15;-9.990E+02;4.5726e-14;6.81732e-15;-9.990E+02;6.37909e-14;1.03725e-14;-9.990E+02
01:57:22.722;-00:42:49.534;2.51E+20;1.448;+0.13/-0.10;22359.6;6.83009e-14;3.72998e-15;1.23115e-13;9.66462e-15;-9.990E+02;1.26257e-13;1.10134e-14;-9.990E+02;5.57762e-14;8.39286e-15;-9.990E+02
01:57:27.365;-00:40:38.694;2.51E+20;0.640;+0.05/-0.04;11511.8;5.13018e-13;1.53301e-14;3.22775e-13;1.46996e-14;-9.990E+02;3.12296e-13;1.80292e-14;-9.990E+02;5.86911e-13;3.05519e-14;-9.990E+02
22:33:32.403;+00:24:14.332;5.28E+20;0.8;-999/-999;6653.8;3.03127e-14;1.0134e-14;4.27066e-14;1.66564e-14;-9.990E+02;0;-2.48243e-11;7.0201e-14;3.14329e-14;1.93108e-14;-9.990E+02
22:33:23.108;+00:32:23.667;5.41E+20;0.8;-999/-999;6810.9;2.55051e-14;9.27458e-15;1.68604e-14;1.10346e-14;-9.990E+02;2.08034e-14;1.36152e-14;-9.990E+02;3.07521e-14;2.01263e-14;-9.990E+02
22:33:31.903;+00:36:05.340;5.45E+20;0.8;-999/-999;6136.1;3.02535e-14;1.01844e-14;2.00316e-14;-2.02071e-11;6.62466e-14;2.46549e-14;1.49401e-14;-9.990E+02;7.28808e-14;3.11055e-14;-9.990E+02
22:33:26.291;+00:22:53.958;5.26E+20;0.8;-999/-999;7113.4;2.59453e-14;9.53216e-15;4.26162e-14;1.7657e-14;-9.990E+02;1.06098e-14;9.82061e-15;-9.990E+02;6.28526e-14;-3.45851e-11;1.03691e-13
22:34:30.600;+00:25:40.133;5.34E+20;0.8;-999/-999;5369.1;8.8529e-14;1.79148e-14;4.37737e-14;1.7294e-14;-9.990E+02;8.13317e-14;2.58148e-14;-9.990E+02;1.20312e-13;3.81871e-14;-9.990E+02
22:34:31.442;+00:24:25.328;5.32E+20;0.8;-999/-999;5162.3;6.17688e-14;1.492e-14;3.48689e-14;1.56041e-14;-9.990E+02;8.64668e-14;2.79582e-14;-9.990E+02;3.19918e-14;2.00476e-14;-9.990E+02
22:34:37.781;+00:31:38.544;5.40E+20;0.8;-999/-999;2744.8;1.87386e-13;2.84145e-14;1.48625e-13;3.60447e-14;-9.990E+02;1.83492e-13;4.45007e-14;-9.990E+02;1.35634e-13;4.52293e-14;-9.990E+02
22:33:04.481;+00:29:40.417;5.38E+20;0.8;-999/-999;4530.2;8.29503e-14;1.79352e-14;1.64286e-13;3.55212e-14;-9.990E+02;8.12231e-14;-4.38678e-11;2.23693e-13;6.0051e-14;-6.48659e-11;3.30767e-13
22:34:42.061;+00:26:45.976;5.34E+20;0.978;+0.09/-0.08;1008.0;1.606e-12;7.6169e-14;1.91179e-12;1.29564e-13;-9.990E+02;1.1202e-12;1.07661e-13;-9.990E+02;1.60061e-12;1.53831e-13;-9.990E+02
03:01:02.634;-00:35:02.635;7.28E+20;0.8;-999/-999;14054.3;2.09659e-14;6.14328e-15;1.22384e-14;6.83923e-15;-9.990E+02;1.35801e-14;7.58898e-15;-9.990E+02;3.28237e-14;1.43905e-14;-9.990E+02
03:00:54.272;-00:34:03.230;7.29E+20;0.8;-999/-999;12418.2;2.42958e-14;6.45996e-15;5.78086e-15;4.61321e-15;-9.990E+02;2.56474e-14;1.02283e-14;-9.990E+02;3.7181e-14;1.48301e-14;-9.990E+02
03:00:56.130;-00:30:45.884;7.29E+20;0.8;-999/-999;13854.5;2.9637e-14;6.93264e-15;1.26922e-14;6.63466e-15;-9.990E+02;2.81548e-14;1.05127e-14;-9.990E+02;4.08221e-14;1.52425e-14;-9.990E+02
03:00:45.164;-00:34:56.235;7.29E+20;0.8;-999/-999;14582.1;2.29092e-14;6.3024e-15;3.77629e-15;3.63455e-15;-9.990E+02;2.09355e-14;9.21404e-15;-9.990E+02;4.25096e-14;1.58611e-14;-9.990E+02
03:01:03.009;-00:29:14.025;7.29E+20;0.8;-999/-999;13613.4;2.40279e-14;6.45996e-15;2.339e-14;9.42554e-15;-9.990E+02;1.03817e-14;6.67288e-15;-9.990E+02;3.00997e-14;1.3544e-14;-9.990E+02
03:01:25.186;-00:36:08.636;7.26E+20;0.8;-999/-999;14405.7;1.86724e-14;5.82528e-15;7.98529e-15;5.53683e-15;-9.990E+02;1.77483e-14;8.78808e-15;-9.990E+02;2.57414e-14;1.27459e-14;-9.990E+02
03:01:04.425;-00:41:12.260;7.27E+20;0.8;-999/-999;14410.4;1.73858e-14;5.66928e-15;1.65308e-14;8.15588e-15;-9.990E+02;1.37653e-14;7.73015e-15;-9.990E+02;1.3305e-14;9.28423e-15;-9.990E+02
03:00:58.841;-00:26:18.133;7.30E+20;0.8;-999/-999;13727.8;1.40658e-14;5.3584e-15;1.20522e-14;7.32787e-15;-9.990E+02;2.004e-14;1.002e-14;-9.990E+02;1.07606e-14;-1.84335e-11;6.38687e-14
03:00:45.864;-00:41:38.896;7.29E+20;0.8;-999/-999;14300.7;1.68747e-14;5.67216e-15;1.35494e-14;7.41422e-15;-9.990E+02;1.50261e-14;8.22227e-15;-9.990E+02;1.45262e-14;9.59912e-15;-9.990E+02
03:01:26.663;-00:29:00.785;7.23E+20;0.8;-999/-999;14567.1;2.05132e-14;6.13509e-15;2.5051e-14;9.95251e-15;-9.990E+02;6.96743e-15;5.40042e-15;-9.990E+02;2.02165e-14;1.13616e-14;-9.990E+02
03:00:41.244;-00:27:43.938;7.29E+20;0.8;-999/-999;14589.7;2.71949e-14;6.93264e-15;1.58881e-14;7.75844e-15;-9.990E+02;4.11301e-14;1.32709e-14;-9.990E+02;8.51386e-15;7.12473e-15;-9.990E+02
03:00:29.515;-00:30:49.892;7.30E+20;0.8;-999/-999;14698.7;1.11786e-14;4.728e-15;4.79182e-15;4.40348e-15;-9.990E+02;5.31132e-15;4.88087e-15;-9.990E+02;2.31002e-14;1.23885e-14;-9.990E+02
03:01:34.235;-00:38:14.749;7.24E+20;0.8;-999/-999;11320.6;2.37456e-14;6.92384e-15;6.3402e-15;5.19997e-15;-9.990E+02;2.82168e-14;1.1565e-14;-9.990E+02;3.06943e-14;1.45197e-14;-9.990E+02
03:00:46.111;-00:25:11.735;7.29E+20;0.8;-999/-999;14721.2;1.33012e-14;5.19948e-15;1.70996e-14;8.53124e-15;-9.990E+02;1.57971e-14;-1.2339e-11;4.18037e-14;1.833e-14;1.14278e-14;-9.990E+02
03:01:03.038;-00:44:32.218;7.25E+20;0.8;-999/-999;6689.4;7.31123e-14;1.22772e-14;4.46628e-14;1.42201e-14;-9.990E+02;9.92782e-14;2.23694e-14;-9.990E+02;3.60015e-14;1.62237e-14;-9.990E+02
03:00:52.764;-00:22:22.011;7.30E+20;0.8;-999/-999;10388.6;2.92663e-14;8.3528e-15;1.04481e-14;7.24345e-15;-9.990E+02;4.63009e-14;1.6297e-14;-9.990E+02;1.67893e-14;1.16396e-14;-9.990E+02
03:00:18.753;-00:27:54.775;7.29E+20;0.8;-999/-999;9255.0;5.84075e-14;1.13443e-14;5.3624e-14;1.58678e-14;-9.990E+02;1.98203e-14;1.01721e-14;-9.990E+02;8.62239e-14;2.55145e-14;-9.990E+02
22:53:34.269;-01:06:58.875;5.37E+20;0.8;-999/-999;3330.1;4.58719e-14;1.64362e-14;3.63242e-14;2.12591e-14;-9.990E+02;4.49239e-14;2.62922e-14;-9.990E+02;3.32228e-14;2.73746e-14;-9.990E+02
22:53:12.127;-01:08:05.416;5.46E+20;0.8;-999/-999;3621.6;3.80967e-14;1.64791e-14;2.52314e-14;1.85544e-14;-9.990E+02;3.10408e-14;2.28265e-14;-9.990E+02;4.58611e-14;3.37249e-14;-9.990E+02
22:23:29.319;+01:02:24.832;4.32E+20;0.8;-999/-999;4324.4;6.27347e-14;1.59225e-14;1.05637e-13;2.79999e-14;-9.990E+02;0;-3.9708e-11;1.15041e-13;2.60058e-14;1.99459e-14;-9.990E+02
22:22:30.180;+01:02:30.019;4.30E+20;0.8;-999/-999;3919.5;1.78366e-13;3.03786e-14;1.24378e-13;3.51337e-14;-9.990E+02;1.64066e-13;4.63445e-14;-9.990E+02;1.75256e-13;5.98409e-14;-9.990E+02
00:05:54.846;-00:25:07.671;3.04E+20;0.8;-999/-999;10104.0;1.86046e-14;6.2478e-15;4.77046e-15;4.20498e-15;-9.990E+02;3.40807e-14;1.34408e-14;-9.990E+02;1.0322e-14;9.09849e-15;-9.990E+02
00:05:46.364;-00:24:17.325;3.03E+20;0.8;-999/-999;9899.7;3.56829e-14;8.3274e-15;4.92115e-15;4.12709e-15;-9.990E+02;2.81382e-14;1.1799e-14;-9.990E+02;8.52159e-14;2.55324e-14;-9.990E+02
00:05:44.284;-00:26:29.995;3.03E+20;0.8;-999/-999;10214.3;2.95345e-14;7.63345e-15;2.40606e-14;9.1279e-15;-9.990E+02;1.37631e-14;8.22656e-15;-9.990E+02;4.17024e-14;1.80457e-14;-9.990E+02
00:06:06.688;-00:19:19.084;3.06E+20;0.8;-999/-999;10681.8;1.506e-14;5.83506e-15;9.01158e-15;6.03267e-15;-9.990E+02;1.28566e-14;8.60663e-15;-9.990E+02;1.94698e-14;1.30337e-14;-9.990E+02
00:05:33.769;-00:28:01.598;3.02E+20;0.8;-999/-999;10179.2;4.34704e-14;9.1575e-15;2.74836e-14;9.98611e-15;-9.990E+02;3.27806e-14;1.29145e-14;-9.990E+02;5.95584e-14;2.16404e-14;-9.990E+02
00:05:27.427;-00:21:17.662;3.01E+20;0.8;-999/-999;10650.3;1.55067e-14;5.9641e-15;5.55713e-15;4.82645e-15;-9.990E+02;7.95412e-15;6.90828e-15;-9.990E+02;3.61548e-14;1.79426e-14;-9.990E+02
00:05:49.257;-00:15:21.750;3.03E+20;0.8;-999/-999;10403.2;2.01107e-14;6.80071e-15;9.01837e-15;6.09854e-15;-9.990E+02;1.28914e-14;8.71759e-15;-9.990E+02;3.90452e-14;1.85524e-14;-9.990E+02
00:05:48.792;-00:34:40.496;3.06E+20;0.8;-999/-999;7889.3;2.65356e-14;7.78008e-15;6.80858e-15;5.44886e-15;-9.990E+02;2.91479e-14;1.35542e-14;-9.990E+02;4.41412e-14;2.05263e-14;-9.990E+02
00:05:19.580;-00:29:00.744;3.00E+20;0.8;-999/-999;10268.4;1.88703e-14;6.6552e-15;1.35221e-14;7.53712e-15;-9.990E+02;1.93673e-14;1.07952e-14;-9.990E+02;1.46764e-14;1.14156e-14;-9.990E+02
00:05:45.393;-00:34:48.157;3.06E+20;0.8;-999/-999;7696.8;3.21345e-14;8.61366e-15;1.64888e-14;8.66229e-15;-9.990E+02;4.70553e-14;1.74339e-14;-9.990E+02;1.78149e-14;1.30337e-14;-9.990E+02
01:07:30.079;-00:48:07.758;4.21E+20;0.8;-999/-999;3147.2;5.81656e-14;1.87538e-14;5.48433e-14;2.61403e-14;-9.990E+02;4.84969e-14;2.65145e-14;-9.990E+02;3.62887e-14;2.89985e-14;-9.990E+02
01:07:14.270;-00:50:00.220;4.22E+20;0.8;-999/-999;3203.1;4.54834e-14;1.7316e-14;4.2905e-14;2.3595e-14;-9.990E+02;2.8441e-14;2.21328e-14;-9.990E+02;4.2559e-14;3.31194e-14;-9.990E+02
01:22:24.232;+00:56:49.819;3.19E+20;0.8;-999/-999;18885.5;2.42259e-14;5.16335e-15;1.45801e-14;5.35731e-15;-9.990E+02;3.09398e-14;9.26161e-15;-9.990E+02;1.55973e-14;8.06553e-15;-9.990E+02
01:22:26.640;+00:56:03.014;3.19E+20;0.8;-999/-999;19181.2;2.16023e-14;4.88425e-15;1.23173e-14;4.96168e-15;-9.990E+02;2.3236e-14;8.05667e-15;-9.990E+02;2.19646e-14;9.43495e-15;-9.990E+02
01:22:20.975;+00:59:05.707;3.17E+20;0.8;-999/-999;17885.4;1.59391e-14;4.32295e-15;5.22825e-15;3.39912e-15;-9.990E+02;7.4062e-15;4.8151e-15;-9.990E+02;3.92156e-14;1.32839e-14;-9.990E+02
01:22:41.100;+00:54:11.236;3.20E+20;0.8;-999/-999;15796.3;2.43724e-14;5.44401e-15;2.371e-14;7.19217e-15;-9.990E+02;4.78833e-15;3.73654e-15;-9.990E+02;3.61985e-14;1.28695e-14;-9.990E+02
01:22:30.783;+01:03:07.829;3.16E+20;0.8;-999/-999;17759.4;1.45126e-14;4.32171e-15;1.52732e-14;5.88048e-15;-9.990E+02;9.27631e-15;5.42752e-15;-9.990E+02;9.35356e-15;6.74427e-15;-9.990E+02
01:21:54.113;+01:01:22.701;3.14E+20;0.8;-999/-999;18710.0;9.59149e-15;3.62206e-15;7.40538e-15;4.29763e-15;-9.990E+02;7.00803e-15;4.97011e-15;-9.990E+02;1.06041e-14;7.52044e-15;-9.990E+02
01:22:31.162;+00:48:09.066;3.22E+20;0.8;-999/-999;13908.3;2.90555e-14;6.14636e-15;1.57578e-14;6.13745e-15;-9.990E+02;3.70885e-14;1.12407e-14;-9.990E+02;2.24291e-14;1.06215e-14;-9.990E+02
01:21:39.242;+00:57:56.260;3.14E+20;0.8;-999/-999;18906.9;1.96148e-14;5.01516e-15;1.96331e-14;6.63974e-15;-9.990E+02;1.11444e-14;6.02113e-15;-9.990E+02;1.6863e-14;9.11079e-15;-9.990E+02
01:22:54.482;+01:01:08.702;3.18E+20;0.8;-999/-999;10178.2;5.31216e-14;8.37e-15;5.47895e-14;1.13784e-14;-9.990E+02;3.87818e-14;1.13529e-14;-9.990E+02;2.93341e-14;1.23784e-14;-9.990E+02
01:21:59.471;+01:06:49.610;3.12E+20;0.8;-999/-999;17655.1;1.38385e-14;4.45504e-15;1.42338e-14;-8.01296e-12;2.34248e-14;2.0225e-14;8.73046e-15;-9.990E+02;2.29594e-14;1.138e-14;-9.990E+02
01:21:34.148;+00:52:38.139;3.19E+20;0.8;-999/-999;16348.8;4.06509e-14;7.39615e-15;2.59046e-14;7.98052e-15;-9.990E+02;3.66472e-14;1.129e-14;-9.990E+02;4.61935e-14;1.56836e-14;-9.990E+02
01:21:15.929;+00:52:34.862;3.18E+20;0.386;+0.16/-0.14;4808.4;3.09192e-13;2.98736e-14;7.59141e-14;1.67868e-14;-9.990E+02;2.43638e-13;3.71745e-14;-9.990E+02;3.94234e-13;6.01525e-14;-9.990E+02
00:52:05.441;+00:35:39.282;2.52E+20;0.8;-999/-999;4679.9;1.07397e-13;1.90904e-14;7.32823e-14;2.0097e-14;-9.990E+02;7.73808e-14;2.47562e-14;-9.990E+02;1.41375e-13;4.14699e-14;-9.990E+02
00:52:36.475;+00:32:35.705;2.58E+20;0.8;-999/-999;4862.8;3.3001e-14;1.14786e-14;3.48311e-14;1.55334e-14;-9.990E+02;3.41851e-14;1.89807e-14;-9.990E+02;4.33589e-14;-4.5201e-11;1.72089e-13
00:52:25.595;+00:26:24.660;2.57E+20;0.8;-999/-999;4931.0;3.59531e-14;1.20208e-14;2.5292e-14;1.36572e-14;-9.990E+02;1.86277e-14;1.41336e-14;-9.990E+02;5.67156e-14;3.06254e-14;-9.990E+02
03:22:27.165;+00:54:04.996;7.04E+20;1.040;+0.10/-0.09;15284.3;3.58808e-13;1.81216e-14;3.33074e-13;2.87238e-14;-9.990E+02;4.16566e-13;3.31315e-14;-9.990E+02;3.48542e-13;3.54879e-14;-9.990E+02
03:22:36.729;+00:54:30.427;7.14E+20;0.8;-999/-999;17080.7;1.7797e-14;5.17902e-15;3.78881e-15;3.39122e-15;-9.990E+02;1.69423e-14;7.58761e-15;-9.990E+02;3.07549e-14;1.23964e-14;-9.990E+02
03:22:13.852;+00:55:11.732;7.01E+20;0.427;+0.15/-0.12;16671.6;2.25724e-13;1.78047e-14;9.77412e-14;1.49091e-14;-9.990E+02;1.28962e-13;1.94362e-14;-9.990E+02;2.82835e-13;3.59104e-14;-9.990E+02
03:22:14.475;+00:56:55.673;7.15E+20;0.8;-999/-999;16760.9;4.04851e-14;7.53504e-15;1.72481e-14;7.10451e-15;-9.990E+02;4.2407e-14;1.20533e-14;-9.990E+02;5.03666e-14;1.57925e-14;-9.990E+02
03:22:44.987;+00:51:06.387;7.06E+20;0.8;-999/-999;16941.9;1.03566e-14;4.07186e-15;2.74596e-15;3.06e-15;-9.990E+02;9.25262e-15;5.8636e-15;-9.990E+02;1.79331e-14;9.99174e-15;-9.990E+02
03:22:51.850;+00:54:13.136;7.15E+20;0.8;-999/-999;16998.7;1.01707e-14;4.08148e-15;3.61076e-15;3.51715e-15;-9.990E+02;8.07041e-15;5.55214e-15;-9.990E+02;1.75773e-14;9.73805e-15;-9.990E+02
03:22:39.179;+00:49:40.141;7.03E+20;0.8;-999/-999;15829.5;1.17258e-14;4.38172e-15;1.06496e-14;5.99641e-15;-9.990E+02;7.98455e-15;5.66008e-15;-9.990E+02;1.16076e-14;8.22836e-15;-9.990E+02
03:22:00.461;+00:56:09.723;6.98E+20;0.8;-999/-999;16556.0;1.11475e-14;4.21956e-15;1.68349e-14;7.40432e-15;-9.990E+02;7.59577e-15;5.3547e-15;-9.990E+02;1.10481e-14;-1.46277e-11;3.64581e-14
03:22:30.705;+00:48:10.429;6.98E+20;0.8;-999/-999;16780.2;1.37042e-14;4.6884e-15;6.44242e-15;4.67728e-15;-9.990E+02;1.81709e-14;8.23341e-15;-9.990E+02;1.05708e-14;7.67454e-15;-9.990E+02
03:21:57.612;+00:56:00.145;6.97E+20;0.8;-999/-999;15729.7;3.31385e-14;6.87456e-15;2.50316e-14;8.68081e-15;-9.990E+02;3.38949e-14;1.0708e-14;-9.990E+02;2.46611e-14;1.09394e-14;-9.990E+02
03:23:06.537;+00:52:59.527;7.16E+20;0.8;-999/-999;14446.2;2.23611e-14;6.12417e-15;2.04182e-14;8.62161e-15;-9.990E+02;7.60439e-15;5.46694e-15;-9.990E+02;3.311e-14;1.39807e-14;-9.990E+02
03:22:18.770;+00:45:12.083;6.91E+20;0.8;-999/-999;16997.8;2.12614e-14;5.92762e-15;6.40544e-15;4.5927e-15;-9.990E+02;2.17661e-14;9.24744e-15;-9.990E+02;3.16818e-14;1.34601e-14;-9.990E+02
03:23:10.734;+00:54:16.173;7.17E+20;0.615;+0.27/-0.20;12817.8;8.45334e-14;1.22848e-14;4.12393e-14;1.09865e-14;-9.990E+02;6.54429e-14;1.52523e-14;-9.990E+02;9.81782e-14;2.28817e-14;-9.990E+02
03:21:53.208;+00:48:44.680;6.88E+20;0.8;-999/-999;17281.3;1.94981e-14;5.61096e-15;1.17345e-14;6.2711e-15;-9.990E+02;1.99612e-14;8.75536e-15;-9.990E+02;1.93811e-14;1.03575e-14;-9.990E+02
21:40:54.529;+00:25:39.374;4.48E+20;1.171;+0.10/-0.09;5665.5;7.69186e-13;3.86946e-14;1.04391e-12;7.62259e-14;-9.990E+02;8.44646e-13;7.29037e-14;-9.990E+02;7.07455e-13;7.85037e-14;-9.990E+02
21:40:32.611;+00:26:18.478;4.51E+20;0.8;-999/-999;6001.0;6.00641e-14;1.42698e-14;7.30013e-14;2.21423e-14;-9.990E+02;4.07385e-14;1.90729e-14;-9.990E+02;2.02598e-14;1.65428e-14;-9.990E+02
21:41:20.109;+00:28:11.992;4.45E+20;0.8;-999/-999;6010.3;2.87483e-14;1.01738e-14;1.09561e-14;8.45868e-15;-9.990E+02;4.2954e-14;1.88824e-14;-9.990E+02;2.13761e-14;1.65034e-14;-9.990E+02
00:42:47.600;-01:31:23.433;2.52E+20;0.8;-999/-999;8120.1;2.25676e-14;7.63616e-15;1.31994e-14;7.78998e-15;-9.990E+02;1.95114e-14;1.15152e-14;-9.990E+02;2.97129e-14;1.75358e-14;-9.990E+02
00:42:55.399;-01:32:07.888;2.52E+20;0.8;-999/-999;7888.5;2.62766e-14;8.31796e-15;5.76353e-15;4.90941e-15;-9.990E+02;8.51967e-15;7.2571e-15;-9.990E+02;7.78772e-14;2.74778e-14;-9.990E+02
00:43:19.705;-01:27:40.785;2.51E+20;0.8;-999/-999;7960.6;2.12916e-14;7.63336e-15;1.8661e-14;9.48351e-15;-9.990E+02;1.37983e-14;9.90136e-15;-9.990E+02;2.10146e-14;1.50797e-14;-9.990E+02
00:42:59.081;-01:32:52.508;2.53E+20;0.8;-999/-999;7552.3;6.64453e-14;1.25497e-14;4.80317e-14;1.45388e-14;-9.990E+02;5.06852e-14;1.82226e-14;-9.990E+02;7.71785e-14;2.77476e-14;-9.990E+02
00:42:15.094;-01:27:33.973;2.48E+20;0.8;-999/-999;8238.6;2.84595e-14;8.57871e-15;2.13577e-14;9.85959e-15;-9.990E+02;2.11069e-14;1.20611e-14;-9.990E+02;3.21556e-14;1.83746e-14;-9.990E+02
00:43:31.653;-01:29:04.326;2.52E+20;0.8;-999/-999;4829.4;8.56204e-14;1.63632e-14;3.75622e-14;1.4355e-14;-9.990E+02;1.38776e-13;3.35057e-14;-9.990E+02;4.22724e-14;2.27923e-14;-9.990E+02
21:31:37.238;-00:35:05.303;3.55E+20;0.8;-999/-999;1487.3;6.36241e-14;2.8246e-14;2.33402e-14;2.26616e-14;-9.990E+02;0;-7.15324e-11;2.13201e-13;1.94418e-13;9.44038e-14;-9.990E+02
21:31:10.716;-00:35:28.254;3.57E+20;0.8;-999/-999;1473.8;6.23504e-13;8.33788e-14;7.32489e-13;1.21986e-13;-9.990E+02;3.79238e-13;1.04103e-13;-9.990E+02;2.8559e-13;1.10697e-13;-9.990E+02
01:26:50.378;+01:16:11.311;2.84E+20;0.8;-999/-999;12434.5;2.06146e-14;5.92927e-15;2.13942e-14;8.00136e-15;-9.990E+02;4.42342e-15;4.47313e-15;-9.990E+02;2.68504e-14;1.35842e-14;-9.990E+02
01:26:59.117;+01:12:47.423;2.82E+20;0.8;-999/-999;11868.3;2.87175e-14;6.7522e-15;1.09352e-14;5.63783e-15;-9.990E+02;3.16917e-14;1.13294e-14;-9.990E+02;4.01044e-14;1.6003e-14;-9.990E+02
01:27:13.375;+01:14:23.941;2.78E+20;0.8;-999/-999;12248.8;3.25448e-14;7.29333e-15;1.64948e-14;6.87526e-15;-9.990E+02;2.39676e-14;9.99004e-15;-9.990E+02;5.45794e-14;1.87391e-14;-9.990E+02
01:27:13.860;+01:13:19.311;2.78E+20;0.8;-999/-999;12444.9;3.99619e-14;7.84377e-15;1.32964e-14;5.93529e-15;-9.990E+02;7.08456e-14;1.66524e-14;-9.990E+02;1.95581e-14;1.08405e-14;-9.990E+02
01:27:11.462;+01:20:23.510;2.79E+20;0.8;-999/-999;12542.0;1.31951e-14;4.81775e-15;4.39079e-15;-8.54457e-12;2.21299e-14;1.94288e-14;9.3135e-15;-9.990E+02;2.21285e-14;1.22577e-14;-9.990E+02
01:26:36.971;+01:19:47.672;2.88E+20;0.8;-999/-999;11713.5;1.26316e-14;4.8328e-15;7.4996e-15;4.99974e-15;-9.990E+02;1.08294e-14;7.21726e-15;-9.990E+02;1.64248e-14;1.09498e-14;-9.990E+02
01:27:28.140;+01:21:39.220;2.75E+20;-0.683;+0.26/-0.20;12793.0;1.68885e-13;2.15396e-14;1.21633e-14;4.68704e-15;-9.990E+02;4.32628e-14;1.34753e-14;-9.990E+02;3.33498e-13;5.04766e-14;-9.990E+02
01:27:29.470;+01:08:32.852;2.75E+20;0.8;-999/-999;11644.4;2.99525e-14;7.42284e-15;3.09603e-14;1.00091e-14;-9.990E+02;2.57639e-14;1.10325e-14;-9.990E+02;9.78388e-15;8.53935e-15;-9.990E+02
01:26:38.909;+01:06:25.247;2.92E+20;0.8;-999/-999;12813.9;1.63159e-14;5.80734e-15;1.24886e-14;6.91068e-15;-9.990E+02;1.1986e-14;8.14107e-15;-9.990E+02;1.81774e-14;1.23464e-14;-9.990E+02
21:04:42.727;+01:08:08.285;7.06E+20;0.8;-999/-999;2661.6;1.27528e-13;3.1322e-14;7.72976e-14;3.55915e-14;-9.990E+02;4.34078e-14;2.93255e-14;-9.990E+02;2.52452e-13;8.1366e-14;-9.990E+02
21:04:24.341;+01:11:53.956;7.04E+20;0.8;-999/-999;2754.7;5.96692e-14;2.19142e-14;1.26513e-13;4.64632e-14;-9.990E+02;2.03217e-14;-5.22037e-11;1.87844e-13;1.18193e-13;-7.58846e-11;2.73054e-13
21:04:31.349;+01:07:08.527;6.99E+20;0.8;-999/-999;2548.8;8.14896e-14;2.65744e-14;1.50897e-13;5.37832e-14;-9.990E+02;2.77721e-14;-6.33235e-11;1.60509e-13;3.53415e-14;3.3275e-14;-9.990E+02
21:05:15.292;+01:16:46.879;7.34E+20;0.8;-999/-999;1009.3;6.53168e-13;7.8885e-14;1.40176e-12;1.69295e-13;-9.990E+02;2.21462e-13;-1.87048e-10;1.0238e-12;2.80837e-13;-2.71069e-10;1.48369e-12
21:05:23.175;+01:08:11.385;7.24E+20;0.8;-999/-999;2666.0;1.30876e-13;3.46192e-14;7.99504e-14;3.93193e-14;-9.990E+02;1.77776e-13;6.1715e-14;-9.990E+02;6.44597e-14;4.47637e-14;-9.990E+02
21:00:11.654;+00:37:29.126;5.58E+20;0.8;-999/-999;4146.2;7.8788e-14;2.10462e-14;6.74617e-14;2.73209e-14;-9.990E+02;0;-5.13069e-11;1.8161e-13;1.6208e-13;5.68229e-14;-9.990E+02
20:59:48.971;+00:38:20.590;5.72E+20;0.8;-999/-999;4064.1;4.02708e-14;1.66034e-14;3.46849e-14;-3.33206e-11;1.06874e-13;5.88127e-14;2.97737e-14;-9.990E+02;5.77556e-14;3.76034e-14;-9.990E+02
23:06:09.110;+00:08:44.356;3.90E+20;0.8;-999/-999;3853.3;9.10034e-14;1.99976e-14;1.18578e-13;3.1027e-14;-9.990E+02;6.87024e-14;2.71214e-14;-9.990E+02;0;-7.55096e-11;2.26961e-13
23:05:56.185;+00:00:21.735;3.91E+20;0.8;-999/-999;3981.7;3.57082e-14;1.40032e-14;9.49568e-15;9.77771e-15;-9.990E+02;2.56726e-14;1.93803e-14;-9.990E+02;7.70223e-14;3.96716e-14;-9.990E+02
23:05:18.834;+00:11:22.563;3.92E+20;-0.577;+0.09/-0.08;904.8;4.12174e-12;2.0911e-13;1.47323e-13;3.23784e-14;-9.990E+02;1.58915e-12;1.58526e-13;-9.990E+02;7.79516e-12;4.66212e-13;-9.990E+02
22:44:24.439;-00:09:38.783;5.22E+20;0.8;-999/-999;32393.8;2.95437e-14;4.31404e-15;2.7991e-14;5.74219e-15;-9.990E+02;2.68663e-14;6.54037e-15;-9.990E+02;1.59178e-14;5.99825e-15;-9.990E+02
22:44:35.681;-00:09:34.358;5.24E+20;0.8;-999/-999;35114.0;7.70299e-15;2.53045e-15;4.13536e-15;2.49118e-15;-9.990E+02;8.59115e-15;4.03623e-15;-9.990E+02;7.63182e-15;4.59748e-15;-9.990E+02
22:44:38.825;-00:08:47.087;5.25E+20;0.8;-999/-999;33965.4;1.42428e-14;3.12669e-15;7.65194e-15;3.18513e-15;-9.990E+02;1.11164e-14;4.23394e-15;-9.990E+02;2.11596e-14;7.44265e-15;-9.990E+02
22:44:04.965;-00:09:33.039;5.18E+20;0.8;-999/-999;35359.9;6.5974e-15;2.37744e-15;1.99356e-15;1.86778e-15;-9.990E+02;6.23437e-15;3.61542e-15;-9.990E+02;1.10816e-14;5.77066e-15;-9.990E+02
22:44:04.436;-00:10:11.860;5.18E+20;0.8;-999/-999;35895.8;8.22891e-15;2.52603e-15;5.38737e-15;2.89418e-15;-9.990E+02;7.77471e-15;-6.19787e-12;1.4845e-14;1.99674e-14;7.66356e-15;-9.990E+02
22:44:32.074;-00:03:54.921;5.24E+20;0.8;-999/-999;35074.5;8.60651e-15;2.6793e-15;9.12358e-15;3.86866e-15;-9.990E+02;8.11995e-15;3.94492e-15;-9.990E+02;2.40529e-15;2.66113e-15;-9.990E+02
22:44:46.462;-00:09:24.476;5.26E+20;0.8;-999/-999;33770.8;1.81111e-14;3.57456e-15;1.37329e-14;4.4612e-15;-9.990E+02;1.70947e-14;5.55332e-15;-9.990E+02;1.51885e-14;6.4908e-15;-9.990E+02
22:44:25.395;-00:02:33.257;5.23E+20;0.8;-999/-999;34642.5;7.15032e-15;2.52977e-15;7.03791e-15;3.46477e-15;-9.990E+02;4.38629e-15;3.2395e-15;-9.990E+02;6.49597e-15;4.79761e-15;-9.990E+02
22:44:48.176;-00:06:18.911;5.27E+20;1.394;+0.07/-0.07;35421.2;2.17069e-13;7.99819e-15;3.70724e-13;1.99414e-14;-9.990E+02;3.47464e-13;1.98961e-14;-9.990E+02;1.82273e-13;1.64e-14;-9.990E+02
22:43:58.779;-00:10:50.837;5.17E+20;0.8;-999/-999;35692.2;1.87606e-14;3.56496e-15;1.16273e-14;3.88743e-15;-9.990E+02;1.45514e-14;4.86505e-15;-9.990E+02;2.5154e-14;7.93398e-15;-9.990E+02
22:44:27.629;-00:16:17.136;5.21E+20;0.8;-999/-999;34403.4;7.90298e-15;2.52824e-15;5.97496e-15;3.04743e-15;-9.990E+02;7.45981e-15;3.80476e-15;-9.990E+02;6.63094e-15;4.44911e-15;-9.990E+02
22:43:56.188;-00:08:16.760;5.18E+20;0.8;-999/-999;35951.1;2.47848e-14;4.16052e-15;3.47581e-15;2.09045e-15;-9.990E+02;3.48001e-14;7.60681e-15;-9.990E+02;3.22172e-14;9.15625e-15;-9.990E+02
22:43:55.185;-00:11:51.213;5.17E+20;0.8;-999/-999;36312.1;7.85034e-15;2.52518e-15;5.60513e-15;2.93671e-15;-9.990E+02;3.50773e-15;2.52778e-15;-9.990E+02;1.29907e-14;6.1276e-15;-9.990E+02
22:44:01.837;-00:03:25.000;5.20E+20;0.8;-999/-999;34085.4;1.41712e-14;3.27074e-15;1.21927e-14;4.28731e-15;-9.990E+02;8.70375e-15;4.01599e-15;-9.990E+02;1.61173e-14;6.60919e-15;-9.990E+02
22:44:23.318;-00:17:06.808;5.20E+20;0.8;-999/-999;34660.2;1.22995e-14;3.12207e-15;6.59316e-15;3.28781e-15;-9.990E+02;1.09819e-14;4.6549e-15;-9.990E+02;1.62688e-14;6.89584e-15;-9.990E+02
22:44:59.261;-00:09:53.777;5.29E+20;0.8;-999/-999;29826.2;8.73699e-15;2.83233e-15;6.46498e-15;3.46779e-15;-9.990E+02;5.35428e-15;3.35218e-15;-9.990E+02;1.18896e-14;6.37756e-15;-9.990E+02
22:44:45.851;-00:01:51.808;5.28E+20;0.8;-999/-999;35667.5;9.65863e-15;2.83157e-15;6.92769e-15;3.39184e-15;-9.990E+02;8.61342e-15;4.21718e-15;-9.990E+02;9.55806e-15;5.50657e-15;-9.990E+02
22:43:56.525;-00:15:32.346;5.16E+20;0.8;-999/-999;35430.7;8.71249e-15;2.673e-15;5.70018e-15;3.02494e-15;-9.990E+02;2.37928e-15;2.17273e-15;-9.990E+02;1.76307e-14;7.11178e-15;-9.990E+02
22:44:37.443;+00:00:12.933;5.26E+20;0.8;-999/-999;34833.8;1.14058e-14;3.12774e-15;1.02167e-14;4.24988e-15;-9.990E+02;7.62851e-15;3.9677e-15;-9.990E+02;1.1294e-14;5.87417e-15;-9.990E+02
22:45:03.269;-00:11:15.506;5.30E+20;0.8;-999/-999;20971.1;2.7645e-14;4.77152e-15;1.98496e-14;5.76592e-15;-9.990E+02;3.08142e-14;7.87717e-15;-9.990E+02;1.82405e-14;7.41629e-15;-9.990E+02
22:44:12.822;-00:19:03.090;5.18E+20;0.8;-999/-999;30885.7;1.07356e-14;2.9718e-15;4.68403e-15;2.82414e-15;-9.990E+02;1.75825e-14;6.12122e-15;-9.990E+02;4.34124e-15;3.48944e-15;-9.990E+02
22:43:48.635;-00:14:49.163;5.16E+20;0.8;-999/-999;32702.3;9.80249e-15;2.97e-15;5.77303e-15;3.19688e-15;-9.990E+02;7.22907e-15;4.00317e-15;-9.990E+02;1.42831e-14;6.63045e-15;-9.990E+02
22:44:25.618;+00:01:49.023;5.24E+20;0.8;-999/-999;29189.7;2.00203e-14;3.8701e-15;1.39096e-14;4.50171e-15;-9.990E+02;1.44464e-14;5.17953e-15;-9.990E+02;2.56702e-14;8.30792e-15;-9.990E+02
22:43:31.838;-00:12:32.548;5.16E+20;0.898;+0.11/-0.09;15531.3;2.53886e-13;1.51041e-14;1.37718e-13;1.58912e-14;-9.990E+02;3.21737e-13;2.69538e-14;-9.990E+02;2.62117e-13;2.94078e-14;-9.990E+02
03:52:03.495;-00:56:02.982;1.07E+21;0.8;-999/-999;1334.1;3.07404e-13;6.66783e-14;3.42354e-13;1.11156e-13;-9.990E+02;2.54545e-13;9.11453e-14;-9.990E+02;1.78286e-13;8.93611e-14;-9.990E+02
00:28:24.440;+00:59:57.775;2.90E+20;0.8;-999/-999;11598.8;2.16943e-14;5.94174e-15;1.28932e-14;6.12132e-15;-9.990E+02;1.85877e-14;8.82491e-15;-9.990E+02;2.81947e-14;1.3386e-14;-9.990E+02
00:27:48.934;+01:04:07.687;2.87E+20;0.8;-999/-999;12502.7;1.2903e-14;4.69302e-15;3.8305e-15;3.43221e-15;-9.990E+02;1.65992e-14;8.40972e-15;-9.990E+02;1.67858e-14;1.04702e-14;-9.990E+02
00:27:52.753;+01:06:36.950;2.89E+20;0.8;-999/-999;13525.6;2.12306e-14;5.80146e-15;1.26173e-14;5.97871e-15;-9.990E+02;1.82015e-14;8.62474e-15;-9.990E+02;2.76122e-14;1.3084e-14;-9.990E+02
00:27:54.667;+01:07:22.066;2.89E+20;0.8;-999/-999;13317.6;2.52364e-14;6.21585e-15;1.49936e-14;6.35299e-15;-9.990E+02;1.62229e-14;7.88588e-15;-9.990E+02;4.10303e-14;1.55197e-14;-9.990E+02
00:28:08.809;+01:10:02.602;2.92E+20;0.8;-999/-999;13549.5;1.94131e-14;5.5308e-15;4.33152e-15;3.50223e-15;-9.990E+02;1.24728e-14;7.107e-15;-9.990E+02;4.72947e-14;1.70349e-14;-9.990E+02
00:28:33.506;+00:55:11.907;2.90E+20;0.8;-999/-999;12765.9;1.15035e-14;4.55994e-15;8.20858e-15;5.10357e-15;-9.990E+02;5.9188e-15;5.28642e-15;-9.990E+02;1.79504e-14;1.11604e-14;-9.990E+02
00:28:47.241;+01:03:01.929;2.95E+20;0.8;-999/-999;9912.3;4.5357e-14;8.58142e-15;6.2367e-15;4.3219e-15;-9.990E+02;2.68814e-14;1.06182e-14;-9.990E+02;1.22229e-13;2.79435e-14;-9.990E+02
00:27:45.248;+00:57:07.371;2.83E+20;0.8;-999/-999;10598.8;6.36269e-14;1.00623e-14;3.01718e-14;9.10792e-15;-9.990E+02;6.55275e-14;1.62541e-14;-9.990E+02;8.29259e-14;2.25285e-14;-9.990E+02
00:28:03.459;+00:52:28.158;2.85E+20;0.8;-999/-999;13544.8;3.76438e-14;7.86258e-15;2.93103e-14;9.22514e-15;-9.990E+02;3.63216e-14;1.24552e-14;-9.990E+02;2.75676e-14;1.31641e-14;-9.990E+02
00:27:31.892;+01:02:02.065;2.84E+20;0.8;-999/-999;9753.2;2.07524e-14;6.34294e-15;1.23037e-14;6.44867e-15;-9.990E+02;1.78073e-14;9.33321e-15;-9.990E+02;2.70282e-14;1.41661e-14;-9.990E+02
00:28:55.457;+01:00:28.699;2.95E+20;0.8;-999/-999;7564.6;6.93711e-14;1.09344e-14;6.88734e-14;1.39825e-14;-9.990E+02;3.96005e-14;1.2744e-14;-9.990E+02;6.00368e-14;1.93206e-14;-9.990E+02
01:06:40.834;-00:51:47.360;4.18E+20;0.8;-999/-999;1963.2;2.35348e-13;3.31476e-14;1.10775e-13;3.19485e-14;-9.990E+02;2.94448e-13;5.98057e-14;-9.990E+02;2.20366e-13;6.35556e-14;-9.990E+02
01:05:14.468;-00:52:35.438;4.02E+20;0.8;-999/-999;2971.5;7.71438e-14;2.29424e-14;3.60796e-14;-4.28664e-11;4.77217e-13;9.68841e-14;3.96033e-14;-9.990E+02;1.45274e-13;5.93835e-14;-9.990E+02
01:05:13.785;-01:02:23.346;4.19E+20;0.8;-999/-999;2365.9;4.19794e-13;5.62224e-14;2.96359e-13;6.44058e-14;-9.990E+02;5.24891e-13;9.93145e-14;-9.990E+02;1.96448e-13;7.43026e-14;-9.990E+02
01:17:21.618;+00:49:00.834;3.17E+20;0.8;-999/-999;5421.9;3.43605e-14;1.12955e-14;1.23963e-14;9.17082e-15;-9.990E+02;5.26774e-14;2.23754e-14;-9.990E+02;2.65624e-14;1.96509e-14;-9.990E+02
02:41:34.688;+01:08:25.154;3.09E+20;0.705;+0.19/-0.16;10263.3;1.59203e-13;1.65055e-14;8.23147e-14;1.5279e-14;-9.990E+02;1.44604e-13;2.44715e-14;-9.990E+02;1.7809e-13;3.36343e-14;-9.990E+02
02:41:27.940;+01:08:22.559;3.08E+20;0.8;-999/-999;10441.2;2.38715e-14;6.81247e-15;1.07269e-14;6.12181e-15;-9.990E+02;2.29283e-14;1.05919e-14;-9.990E+02;3.47088e-14;1.60364e-14;-9.990E+02
02:41:24.918;+01:10:03.922;3.07E+20;0.8;-999/-999;9997.5;1.94433e-14;6.39308e-15;8.72881e-15;-1.14728e-11;2.87631e-14;2.48944e-14;1.16587e-14;-9.990E+02;3.76951e-14;1.76536e-14;-9.990E+02
02:42:01.228;+01:14:05.131;3.09E+20;0.8;-999/-999;10598.1;4.1877e-14;8.90112e-15;3.566e-14;1.0803e-14;-9.990E+02;3.95238e-14;1.36731e-14;-9.990E+02;2.56264e-14;1.3514e-14;-9.990E+02
02:41:22.467;+01:04:50.137;3.09E+20;0.8;-999/-999;9799.5;1.93878e-14;6.39768e-15;1.16258e-14;6.64186e-15;-9.990E+02;1.65537e-14;9.45722e-15;-9.990E+02;2.50604e-14;1.43172e-14;-9.990E+02
02:41:21.896;+01:16:36.150;3.04E+20;0.8;-999/-999;10034.7;1.71329e-14;6.10896e-15;1.02484e-14;-1.09509e-11;3.3879e-14;2.92873e-14;1.27505e-14;-9.990E+02;2.21749e-14;1.38903e-14;-9.990E+02
02:42:17.365;+01:06:41.447;3.14E+20;0.8;-999/-999;10342.2;1.91273e-14;6.54757e-15;1.2923e-14;7.19452e-15;-9.990E+02;1.83413e-14;1.0211e-14;-9.990E+02;1.85019e-14;1.26688e-14;-9.990E+02
02:41:05.275;+01:06:14.204;3.07E+20;1.016;+0.22/-0.18;6163.3;1.42482e-13;1.60608e-14;1.25709e-13;2.31919e-14;-9.990E+02;1.68716e-13;3.11263e-14;-9.990E+02;1.39942e-13;3.22795e-14;-9.990E+02
02:41:20.660;+01:19:12.236;3.03E+20;0.8;-999/-999;10304.0;1.55306e-14;6.10676e-15;1.08305e-14;-1.09425e-11;2.6286e-14;2.27547e-14;1.18844e-14;-9.990E+02;2.5845e-14;1.54316e-14;-9.990E+02
02:41:02.043;+01:14:46.050;3.03E+20;0.8;-999/-999;9792.9;3.32818e-14;8.74377e-15;1.19382e-14;7.12907e-15;-9.990E+02;3.41267e-14;1.42648e-14;-9.990E+02;5.16955e-14;2.16085e-14;-9.990E+02
02:41:48.634;+01:22:36.586;3.17E+20;0.8;-999/-999;10364.4;2.62863e-14;8.367e-15;2.70722e-14;1.15333e-14;-9.990E+02;2.68662e-14;-2.13632e-11;6.32984e-14;4.35232e-14;2.14462e-14;-9.990E+02
02:42:04.201;+01:22:44.477;3.18E+20;0.8;-999/-999;7777.1;4.09711e-14;1.0881e-14;5.91455e-14;1.82648e-14;-9.990E+02;2.09343e-14;1.27894e-14;-9.990E+02;6.78226e-14;-4.2009e-11;2.09506e-13
01:11:03.506;-01:14:07.239;4.91E+20;0.8;-999/-999;958.3;1.54317e-13;5.60082e-14;0;-1.08664e-10;9.88742e-13;1.90507e-13;9.83096e-14;-9.990E+02;2.83058e-13;1.4607e-13;-9.990E+02
03:50:00.714;-01:27:55.977;9.37E+20;0.8;-999/-999;7599.1;4.46908e-14;1.14464e-14;9.45485e-15;7.99165e-15;-9.990E+02;2.81796e-14;1.38175e-14;-9.990E+02;9.33663e-14;2.96322e-14;-9.990E+02
03:50:10.081;-01:21:29.321;9.69E+20;0.8;-999/-999;7756.8;2.48522e-14;8.85789e-15;1.17176e-14;9.24019e-15;-9.990E+02;3.43559e-14;1.57209e-14;-9.990E+02;1.62042e-14;1.27782e-14;-9.990E+02
03:49:42.113;-01:26:32.216;9.35E+20;0.8;-999/-999;8109.5;4.00265e-14;1.09435e-14;2.0683e-14;1.15677e-14;-9.990E+02;5.14153e-14;1.81736e-14;-9.990E+02;2.92011e-14;1.63317e-14;-9.990E+02
03:49:40.526;-01:27:17.665;9.34E+20;0.8;-999/-999;7827.8;4.66145e-14;1.17697e-14;2.40805e-14;1.29323e-14;-9.990E+02;3.59294e-14;1.5837e-14;-9.990E+02;6.80475e-14;2.59996e-14;-9.990E+02
03:50:16.257;-01:31:21.233;9.35E+20;0.8;-999/-999;7658.9;4.9428e-13;3.48201e-14;1.00986e-12;7.53828e-14;-9.990E+02;1.38794e-13;2.77627e-14;-9.990E+02;7.21317e-13;-1.14213e-10;7.65957e-14
03:49:32.781;-01:23:08.839;9.38E+20;0.8;-999/-999;7683.1;3.28044e-14;1.04536e-14;2.29159e-14;1.298e-14;-9.990E+02;3.03311e-14;1.49009e-14;-9.990E+02;3.2295e-14;1.82925e-14;-9.990E+02
03:49:32.257;-01:28:02.644;9.31E+20;0.8;-999/-999;7961.1;1.89338e-14;7.9512e-15;1.09886e-14;9.3578e-15;-9.990E+02;2.18978e-14;1.31026e-14;-9.990E+02;1.55524e-14;1.32443e-14;-9.990E+02
03:50:16.003;-01:33:51.535;9.31E+20;0.8;-999/-999;7660.2;2.75807e-14;9.77335e-15;1.60079e-14;-2.26695e-11;1.05655e-13;3.19039e-14;1.59769e-14;-9.990E+02;4.5318e-14;2.26944e-14;-9.990E+02
03:50:39.105;-01:21:13.109;9.86E+20;1.779;+0.27/-0.21;2586.3;1.38697e-13;1.38628e-14;3.81143e-13;6.20678e-14;-9.990E+02;3.5182e-13;5.08028e-14;-9.990E+02;9.89366e-14;2.8558e-14;-9.990E+02
03:49:19.116;-01:27:11.403;9.30E+20;0.8;-999/-999;6300.1;2.1993e-13;2.64976e-14;4.35887e-13;5.78876e-14;-9.990E+02;7.44921e-14;2.34436e-14;-9.990E+02;9.04165e-14;-8.69871e-11;1.16382e-13
03:50:18.798;-01:35:48.874;9.31E+20;0.8;-999/-999;7620.4;3.81492e-14;1.19268e-14;7.0847e-14;2.49234e-14;-9.990E+02;1.29149e-14;-2.75657e-11;1.16617e-13;2.50678e-14;1.74195e-14;-9.990E+02
03:49:22.510;-01:30:57.311;9.26E+20;0.8;-999/-999;7352.0;4.479e-14;1.29059e-14;5.19137e-14;2.09342e-14;-9.990E+02;1.72852e-14;1.19499e-14;-9.990E+02;4.91194e-14;2.43148e-14;-9.990E+02
03:49:40.848;-01:37:38.504;9.21E+20;0.775;+0.19/-0.16;6378.3;3.53325e-13;3.52989e-14;2.48066e-13;4.55376e-14;-9.990E+02;2.86498e-13;4.88937e-14;-9.990E+02;3.83666e-13;6.57432e-14;-9.990E+02
03:50:23.917;-01:38:22.029;9.32E+20;0.8;-999/-999;5287.0;7.6118e-14;1.82259e-14;7.06988e-14;2.64591e-14;-9.990E+02;3.52158e-14;1.87079e-14;-9.990E+02;1.00001e-13;3.74254e-14;-9.990E+02
00:18:21.993;+01:18:58.845;2.92E+20;0.886;+0.08/-0.08;11100.5;4.9547e-13;2.44074e-14;3.61749e-13;2.90453e-14;-9.990E+02;5.08356e-13;4.08166e-14;-9.990E+02;5.13345e-13;4.7834e-14;-9.990E+02
00:18:08.655;+01:15:51.461;2.92E+20;0.8;-999/-999;7977.8;3.45952e-14;8.57274e-15;3.08759e-14;1.08596e-14;-9.990E+02;4.44543e-14;1.56354e-14;-9.990E+02;3.40968e-14;-3.33801e-11;1.4847e-13
00:18:35.726;+01:24:08.358;2.92E+20;0.8;-999/-999;10931.7;1.41588e-14;5.39253e-15;8.42609e-15;5.54088e-15;-9.990E+02;6.06582e-15;5.66783e-15;-9.990E+02;2.75976e-14;1.49655e-14;-9.990E+02
00:18:50.251;+01:21:47.690;2.92E+20;1.034;+0.16/-0.13;11544.7;2.04322e-13;1.6812e-14;2.07577e-13;2.5802e-14;-9.990E+02;2.17217e-13;2.98408e-14;-9.990E+02;1.9873e-13;3.49492e-14;-9.990E+02
00:18:49.573;+01:16:37.742;2.92E+20;0.684;+0.14/-0.12;11067.6;2.53777e-13;2.12366e-14;1.13666e-13;1.76137e-14;-9.990E+02;2.46176e-13;3.06904e-14;-9.990E+02;2.85839e-13;4.23288e-14;-9.990E+02
00:18:59.806;+01:14:42.662;2.93E+20;0.8;-999/-999;10219.8;4.10119e-14;9.6824e-15;4.5771e-14;1.37189e-14;-9.990E+02;1.31743e-14;8.92384e-15;-9.990E+02;3.99448e-14;1.88622e-14;-9.990E+02
00:18:52.216;+01:07:54.949;2.93E+20;0.8;-999/-999;10117.1;5.85232e-14;1.25871e-14;1.74216e-14;8.99116e-15;-9.990E+02;1.25311e-14;9.05534e-15;-9.990E+02;1.71053e-13;4.25046e-14;-9.990E+02
03:36:47.290;+00:35:15.502;6.42E+20;1.652;+0.04/-0.03;2551.1;9.24168e-12;1.56754e-13;2.46543e-11;5.97126e-13;-9.990E+02;1.84379e-11;5.00058e-13;-9.990E+02;6.92925e-12;3.40444e-13;-9.990E+02
03:36:42.513;+00:30:59.132;6.41E+20;0.8;-999/-999;2459.2;5.48618e-14;2.15446e-14;2.83402e-14;2.226e-14;-9.990E+02;9.90316e-14;4.60715e-14;-9.990E+02;2.39619e-14;-7.5809e-11;3.19113e-13
03:36:52.854;+00:24:24.519;6.38E+20;0.8;-999/-999;1290.7;2.70925e-13;4.76656e-14;5.59171e-13;9.83785e-14;-9.990E+02;4.89061e-13;-1.14657e-10;1.07697e-12;1.18396e-13;-1.67814e-10;1.57627e-12
01:40:16.988;-00:50:01.771;2.73E+20;1.042;+0.07/-0.06;8445.5;1.03113e-12;3.64122e-14;9.93217e-13;5.52324e-14;-9.990E+02;1.19958e-12;6.93159e-14;-9.990E+02;9.98495e-13;7.42458e-14;-9.990E+02
01:40:19.694;-00:46:31.245;2.72E+20;0.8;-999/-999;8716.9;1.92797e-14;6.59136e-15;1.13758e-14;6.80456e-15;-9.990E+02;1.65946e-14;9.92628e-15;-9.990E+02;2.52184e-14;1.50847e-14;-9.990E+02
01:40:33.670;-00:45:54.262;2.73E+20;0.8;-999/-999;9183.5;5.16099e-14;1.01654e-14;4.06161e-14;1.2321e-14;-9.990E+02;3.7015e-14;1.41288e-14;-9.990E+02;5.61916e-14;2.14692e-14;-9.990E+02
01:40:41.279;-00:45:34.257;2.73E+20;0.8;-999/-999;9260.6;4.23786e-14;9.34116e-15;2.91852e-14;1.04313e-14;-9.990E+02;2.43044e-14;1.14981e-14;-9.990E+02;6.465e-14;2.3107e-14;-9.990E+02
01:40:56.315;-00:51:52.095;2.73E+20;0.8;-999/-999;9263.9;1.48497e-14;6.04428e-15;1.05213e-14;6.88041e-15;-9.990E+02;7.66537e-15;6.91018e-15;-9.990E+02;2.33063e-14;1.52412e-14;-9.990E+02
01:40:38.856;-00:42:51.189;2.72E+20;0.8;-999/-999;9172.1;6.24806e-14;1.19468e-14;4.02198e-14;1.29675e-14;-9.990E+02;6.59743e-14;2.01503e-14;-9.990E+02;5.57057e-14;2.28103e-14;-9.990E+02
01:40:50.368;-00:44:01.226;2.73E+20;0.8;-999/-999;9246.4;5.59371e-14;1.14017e-14;4.334e-14;1.33547e-14;-9.990E+02;2.70734e-14;1.26752e-14;-9.990E+02;8.22671e-14;2.71746e-14;-9.990E+02
01:40:08.779;-01:01:23.352;2.74E+20;0.8;-999/-999;7652.4;3.29808e-14;9.6194e-15;2.91837e-14;1.19266e-14;-9.990E+02;3.19202e-14;1.48928e-14;-9.990E+02;1.61571e-14;1.31994e-14;-9.990E+02
21:54:43.187;-00:05:01.308;6.08E+20;0.864;+0.04/-0.04;46976.9;7.11623e-13;1.4517e-14;4.89459e-13;1.8631e-14;-9.990E+02;7.17524e-13;2.42233e-14;-9.990E+02;7.43651e-13;2.98099e-14;-9.990E+02
21:54:37.184;-00:02:29.000;6.05E+20;0.8;-999/-999;50664.0;1.4043e-14;2.59012e-15;1.07243e-14;3.16424e-15;-9.990E+02;1.27487e-14;3.76156e-15;-9.990E+02;1.2478e-14;4.60343e-15;-9.990E+02
21:54:36.586;-00:01:22.089;6.03E+20;0.8;-999/-999;52114.5;5.6949e-15;1.82724e-15;2.89685e-15;1.8321e-15;-9.990E+02;8.04482e-15;3.47638e-15;-9.990E+02;3.37609e-15;2.64606e-15;-9.990E+02
21:54:31.186;-00:09:46.795;6.36E+20;0.8;-999/-999;49399.9;6.68047e-15;1.99784e-15;6.88645e-15;2.74666e-15;-9.990E+02;6.70305e-15;3.04728e-15;-9.990E+02;1.96254e-15;1.9723e-15;-9.990E+02
21:54:11.545;-00:06:51.290;6.41E+20;0.8;-999/-999;48686.9;1.068e-14;2.46224e-15;9.08526e-15;3.39306e-15;-9.990E+02;9.06987e-15;3.45648e-15;-9.990E+02;8.8489e-15;4.33504e-15;-9.990E+02
21:54:56.261;-00:05:46.873;5.96E+20;0.8;-999/-999;50395.5;5.10315e-15;1.82364e-15;4.59984e-15;2.39395e-15;-9.990E+02;1.37446e-15;1.4824e-15;-9.990E+02;8.07918e-15;4.20475e-15;-9.990E+02
21:54:36.887;+00:01:08.144;5.95E+20;0.8;-999/-999;53002.8;7.39899e-15;1.97509e-15;2.64764e-15;1.65439e-15;-9.990E+02;7.38542e-15;2.91475e-15;-9.990E+02;1.08569e-14;4.28481e-15;-9.990E+02
21:54:35.171;-00:11:22.953;6.38E+20;0.8;-999/-999;51072.1;8.64131e-15;2.15264e-15;3.56701e-15;1.959e-15;-9.990E+02;8.32255e-15;3.29829e-15;-9.990E+02;1.2181e-14;4.82743e-15;-9.990E+02
21:54:55.480;-00:07:55.018;6.04E+20;0.8;-999/-999;51179.7;5.48164e-15;1.82772e-15;5.07176e-15;2.54549e-15;-9.990E+02;4.82681e-15;2.56164e-15;-9.990E+02;3.54512e-15;2.73655e-15;-9.990E+02
21:54:18.317;+00:00:19.165;6.14E+20;0.8;-999/-999;52243.1;8.51678e-15;2.13836e-15;7.6167e-15;2.97957e-15;-9.990E+02;5.14623e-15;2.58419e-15;-9.990E+02;9.44096e-15;4.13604e-15;-9.990E+02
21:54:21.406;-00:10:42.348;6.46E+20;0.8;-999/-999;51116.3;4.87572e-15;1.6951e-15;5.60641e-15;2.68419e-15;-9.990E+02;2.60474e-15;1.91807e-15;-9.990E+02;3.80916e-15;2.80498e-15;-9.990E+02
21:54:37.234;-00:11:38.410;6.38E+20;0.8;-999/-999;49064.5;1.19825e-14;2.46016e-15;8.24158e-15;2.90153e-15;-9.990E+02;9.61461e-15;3.38492e-15;-9.990E+02;1.40721e-14;4.95423e-15;-9.990E+02
21:54:27.879;+00:01:29.023;6.02E+20;0.8;-999/-999;51967.5;6.9493e-15;1.97899e-15;7.06462e-15;2.87476e-15;-9.990E+02;3.60613e-15;2.19089e-15;-9.990E+02;7.06181e-15;3.68796e-15;-9.990E+02
21:54:13.861;-00:09:45.794;6.48E+20;0.8;-999/-999;53269.4;4.5406e-15;1.69598e-15;1.88165e-15;1.59185e-15;-9.990E+02;2.18282e-15;1.84663e-15;-9.990E+02;9.57608e-15;4.5588e-15;-9.990E+02
21:54:12.032;-00:10:53.727;6.53E+20;0.8;-999/-999;53235.1;6.97425e-15;2.0072e-15;6.58212e-15;2.77873e-15;-9.990E+02;6.08985e-15;2.94627e-15;-9.990E+02;4.45237e-15;3.05297e-15;-9.990E+02
21:55:05.722;-00:04:09.502;5.80E+20;0.8;-999/-999;52007.2;1.46742e-14;2.72304e-15;8.15886e-15;2.83243e-15;-9.990E+02;1.35273e-14;4.05562e-15;-9.990E+02;1.81085e-14;5.65721e-15;-9.990E+02
21:54:11.314;-00:11:25.154;6.55E+20;0.8;-999/-999;51561.8;1.12786e-14;2.47168e-15;1.00457e-14;3.26829e-15;-9.990E+02;9.67093e-15;3.50743e-15;-9.990E+02;8.47688e-15;3.94197e-15;-9.990E+02
21:54:48.469;+00:02:30.741;5.82E+20;0.8;-999/-999;52549.7;1.02432e-14;2.42192e-15;8.50594e-15;3.18438e-15;-9.990E+02;5.85506e-15;2.81425e-15;-9.990E+02;1.29282e-14;5.2725e-15;-9.990E+02
21:54:10.051;+00:01:13.131;6.17E+20;0.8;-999/-999;48870.1;8.69372e-15;2.29305e-15;2.73669e-15;1.83426e-15;-9.990E+02;6.46275e-15;3.02161e-15;-9.990E+02;1.65862e-14;5.90973e-15;-9.990E+02
21:54:48.118;+00:03:14.799;5.80E+20;0.587;+0.21/-0.17;52420.3;3.98215e-14;4.56508e-15;1.5032e-14;3.64177e-15;-9.990E+02;3.47205e-14;6.18474e-15;-9.990E+02;4.67119e-14;9.00085e-15;-9.990E+02
21:54:27.491;-00:14:15.170;6.54E+20;0.8;-999/-999;53418.2;5.29575e-15;1.85328e-15;1.10013e-14;3.84996e-15;-9.990E+02;5.21143e-15;-4.44733e-12;7.64466e-15;6.70442e-15;-6.49846e-12;1.11704e-14
21:54:45.074;+00:04:31.149;5.79E+20;0.8;-999/-999;51882.3;1.85723e-14;3.0248e-15;1.32074e-14;3.65604e-15;-9.990E+02;1.59376e-14;4.4118e-15;-9.990E+02;1.95536e-14;5.63004e-15;-9.990E+02
21:54:25.476;+00:04:59.291;5.94E+20;0.8;-999/-999;32953.0;1.73458e-14;3.34158e-15;1.17237e-14;3.86993e-15;-9.990E+02;1.86986e-14;5.49872e-15;-9.990E+02;1.37482e-14;5.52851e-15;-9.990E+02
21:54:50.621;+00:04:19.836;5.75E+20;0.8;-999/-999;52012.5;6.31473e-15;1.96391e-15;3.8099e-15;2.07874e-15;-9.990E+02;6.82778e-15;-4.77357e-12;1.01645e-14;1.5839e-14;5.92745e-15;-9.990E+02
21:54:52.913;+00:04:04.745;5.74E+20;0.8;-999/-999;52167.0;5.79804e-15;1.96339e-15;9.71248e-16;1.12761e-15;-9.990E+02;8.23043e-15;3.63939e-15;-9.990E+02;6.92877e-15;4.02139e-15;-9.990E+02
21:54:13.077;+00:04:22.504;6.06E+20;1.220;+0.19/-0.15;22496.9;5.0538e-14;4.4583e-15;5.68972e-14;8.41847e-15;-9.990E+02;7.61922e-14;1.00618e-14;-9.990E+02;4.55904e-14;9.17649e-15;-9.990E+02
21:54:23.268;+00:05:30.747;5.94E+20;0.806;+0.19/-0.16;22999.5;5.91494e-14;5.8968e-15;3.01506e-14;5.91358e-15;-9.990E+02;6.48259e-14;9.64843e-15;-9.990E+02;6.34147e-14;1.14071e-14;-9.990E+02
21:55:06.013;-00:12:19.625;6.09E+20;0.8;-999/-999;51721.2;1.37399e-14;2.89807e-15;1.6481e-14;4.54799e-15;-9.990E+02;9.77375e-15;3.77446e-15;-9.990E+02;5.74107e-15;3.48309e-15;-9.990E+02
21:55:18.612;-00:02:54.526;5.66E+20;0.8;-999/-999;52464.8;1.09966e-14;2.56156e-15;4.13027e-15;2.25836e-15;-9.990E+02;1.33951e-14;4.49318e-15;-9.990E+02;1.23457e-14;5.1526e-15;-9.990E+02
21:54:58.607;-00:16:11.104;6.40E+20;0.8;-999/-999;44461.9;8.91253e-15;2.61545e-15;3.68307e-15;2.37699e-15;-9.990E+02;1.07279e-14;4.53259e-15;-9.990E+02;9.4177e-15;5.1586e-15;-9.990E+02
21:55:24.301;-00:05:11.177;5.66E+20;0.8;-999/-999;50968.8;1.7735e-14;3.31496e-15;4.63447e-15;2.41536e-15;-9.990E+02;2.06635e-14;5.62749e-15;-9.990E+02;2.49295e-14;7.57736e-15;-9.990E+02
21:55:19.832;-00:11:13.815;5.89E+20;0.8;-999/-999;50364.5;1.1175e-14;2.73006e-15;1.05478e-14;3.88716e-15;-9.990E+02;1.26546e-14;4.66357e-15;-9.990E+02;2.65901e-15;2.56264e-15;-9.990E+02
23:37:30.807;+00:17:28.097;3.56E+20;0.8;-999/-999;4442.5;3.6151e-14;1.2573e-14;0;-2.30437e-11;8.7551e-14;7.32949e-14;2.78105e-14;-9.990E+02;2.76091e-14;2.09522e-14;-9.990E+02
23:37:34.794;+00:17:50.786;3.56E+20;0.8;-999/-999;4500.0;4.43447e-14;1.38445e-14;4.06913e-14;1.78627e-14;-9.990E+02;8.99089e-14;-3.50541e-11;1.85905e-13;8.46937e-14;3.71789e-14;-9.990E+02
23:37:33.760;+00:16:09.904;3.55E+20;0.8;-999/-999;4664.5;1.04609e-13;1.97722e-14;4.79649e-14;1.75725e-14;-9.990E+02;1.32611e-13;3.43162e-14;-9.990E+02;9.99061e-14;3.66017e-14;-9.990E+02
23:37:31.511;+00:15:53.238;3.55E+20;0.8;-999/-999;4530.9;8.48369e-14;1.83599e-14;7.77747e-14;2.46041e-14;-9.990E+02;5.37746e-14;2.39873e-14;-9.990E+02;8.10254e-14;3.61431e-14;-9.990E+02
23:37:38.671;+00:16:11.051;3.55E+20;0.759;+0.17/-0.14;4477.6;4.55656e-13;4.0866e-14;2.67246e-13;4.26669e-14;-9.990E+02;4.2067e-13;6.2867e-14;-9.990E+02;4.96514e-13;8.49063e-14;-9.990E+02
23:37:38.465;+00:16:44.381;3.55E+20;0.443;+0.24/-0.18;4635.7;2.51243e-13;3.45914e-14;5.06659e-14;1.75947e-14;-9.990E+02;2.34388e-13;4.52075e-14;-9.990E+02;3.12174e-13;6.57518e-14;-9.990E+02
23:37:35.920;+00:15:56.148;3.55E+20;0.533;+0.25/-0.19;4344.8;2.74636e-13;3.61137e-14;1.66884e-13;3.41376e-14;-9.990E+02;1.25078e-13;3.62476e-14;-9.990E+02;3.28796e-13;7.3956e-14;-9.990E+02
23:37:40.590;+00:17:09.180;3.55E+20;0.8;-999/-999;4779.6;7.09681e-14;1.69476e-14;3.25291e-14;1.60574e-14;-9.990E+02;4.49673e-14;2.21972e-14;-9.990E+02;1.35564e-13;4.74716e-14;-9.990E+02
23:37:41.316;+00:18:00.510;3.56E+20;0.8;-999/-999;4720.0;4.78764e-14;1.4127e-14;5.27172e-14;2.00398e-14;-9.990E+02;4.85171e-14;2.25184e-14;-9.990E+02;9.13828e-14;-5.38911e-11;2.41458e-13
23:37:40.868;+00:16:26.401;3.55E+20;0.397;+0.24/-0.19;4773.7;2.77844e-13;3.742e-14;1.05077e-13;2.5609e-14;-9.990E+02;1.64417e-13;4.00712e-14;-9.990E+02;3.52729e-13;7.46557e-14;-9.990E+02
23:37:39.381;+00:15:27.874;3.54E+20;0.8;-999/-999;4272.3;1.64334e-13;2.54124e-14;2.00769e-13;3.78092e-14;-9.990E+02;1.3886e-13;3.71583e-14;-9.990E+02;2.51055e-13;-9.69913e-11;1.38312e-12
23:37:27.369;+00:14:50.452;3.55E+20;0.8;-999/-999;4894.6;2.641e-14;1.07335e-14;1.93776e-14;1.23771e-14;-9.990E+02;2.67871e-14;1.71098e-14;-9.990E+02;2.01808e-14;1.81741e-14;-9.990E+02
23:37:43.733;+00:17:55.304;3.56E+20;0.8;-999/-999;4537.8;3.84537e-14;1.29968e-14;1.41124e-14;1.09685e-14;-9.990E+02;1.94964e-14;1.51531e-14;-9.990E+02;8.80922e-14;3.97035e-14;-9.990E+02
23:37:42.947;+00:15:21.686;3.54E+20;0.8;-999/-999;4741.8;5.17284e-14;1.4118e-14;1.89641e-14;1.16455e-14;-9.990E+02;2.62328e-14;1.61091e-14;-9.990E+02;1.18623e-13;4.20763e-14;-9.990E+02
23:37:42.885;+00:16:05.143;3.54E+20;0.8;-999/-999;4750.8;1.47674e-13;2.40006e-14;3.86891e-14;1.61304e-14;-9.990E+02;1.60482e-13;3.85544e-14;-9.990E+02;2.41831e-13;5.80977e-14;-9.990E+02
23:37:45.018;+00:16:47.381;3.55E+20;0.8;-999/-999;4729.9;9.2435e-14;1.97722e-14;6.78036e-14;2.31744e-14;-9.990E+02;4.68648e-14;2.27379e-14;-9.990E+02;1.41228e-13;4.827e-14;-9.990E+02
23:37:46.382;+00:16:16.914;3.54E+20;0.8;-999/-999;4740.8;3.97139e-14;1.29886e-14;1.82007e-14;1.20415e-14;-9.990E+02;5.03678e-14;2.34692e-14;-9.990E+02;3.79388e-14;2.51001e-14;-9.990E+02
23:37:07.272;+00:20:02.541;3.59E+20;0.8;-999/-999;4921.8;3.52111e-14;1.24441e-14;2.58861e-14;1.47705e-14;-9.990E+02;5.35136e-14;2.42459e-14;-9.990E+02;3.35772e-14;-4.74257e-11;1.77705e-13
23:37:37.429;+00:09:57.426;3.55E+20;0.8;-999/-999;4872.9;3.5943e-14;1.27107e-14;1.31852e-14;1.05797e-14;-9.990E+02;3.64464e-14;2.08189e-14;-9.990E+02;5.4916e-14;3.1369e-14;-9.990E+02
23:38:11.556;+00:20:46.794;3.57E+20;0.8;-999/-999;4857.1;1.19006e-13;2.26112e-14;9.4959e-14;2.81168e-14;-9.990E+02;1.0489e-13;3.32684e-14;-9.990E+02;9.87751e-14;4.1765e-14;-9.990E+02
23:38:17.443;+00:18:40.873;3.55E+20;0.8;-999/-999;4843.0;2.61276e-14;1.18633e-14;2.08254e-14;-2.17344e-11;7.90955e-14;3.31204e-14;2.0622e-14;-9.990E+02;4.99045e-14;3.10723e-14;-9.990E+02
02:41:05.314;+01:06:13.185;3.07E+20;0.811;+0.18/-0.15;17249.6;9.28921e-14;9.22724e-15;6.47371e-14;1.03599e-14;-9.990E+02;8.21575e-14;1.39241e-14;-9.990E+02;9.93208e-14;1.86119e-14;-9.990E+02
02:41:24.923;+01:10:03.298;3.07E+20;0.8;-999/-999;18285.8;2.36961e-14;5.14226e-15;2.83886e-15;2.42314e-15;-9.990E+02;1.61904e-14;6.69261e-15;-9.990E+02;6.12888e-14;1.63491e-14;-9.990E+02
02:41:22.704;+01:04:46.633;3.10E+20;0.8;-999/-999;18157.5;8.02722e-15;3.19976e-15;4.8125e-15;3.33346e-15;-9.990E+02;3.42471e-15;3.44857e-15;-9.990E+02;1.55519e-14;8.80824e-15;-9.990E+02
02:41:02.072;+01:14:40.081;3.03E+20;0.8;-999/-999;17930.8;1.64744e-14;4.30249e-15;5.37169e-15;3.34797e-15;-9.990E+02;1.15179e-14;5.82833e-15;-9.990E+02;3.49003e-14;1.22946e-14;-9.990E+02
02:41:28.064;+01:08:20.547;3.08E+20;0.8;-999/-999;18519.3;9.44848e-15;3.47575e-15;3.08589e-15;-6.23925e-12;1.59642e-14;1.03712e-14;5.86025e-15;-9.990E+02;2.09363e-14;1.01879e-14;-9.990E+02
02:41:08.591;+01:16:10.720;3.03E+20;0.8;-999/-999;17893.0;1.72377e-14;4.44128e-15;1.71755e-14;5.97408e-15;-9.990E+02;1.47309e-14;6.64316e-15;-9.990E+02;7.4382e-15;5.75113e-15;-9.990E+02
02:41:34.737;+01:08:25.298;3.09E+20;0.977;+0.16/-0.14;18486.3;1.25153e-13;1.02409e-14;7.30272e-14;1.17993e-14;-9.990E+02;1.84258e-13;2.17153e-14;-9.990E+02;1.24781e-13;2.16212e-14;-9.990E+02
02:41:34.473;+01:11:11.785;3.08E+20;0.8;-999/-999;17217.6;1.56826e-14;4.44896e-15;7.56856e-15;-7.98834e-12;2.06318e-14;8.92567e-15;5.47574e-15;-9.990E+02;4.72954e-14;1.52602e-14;-9.990E+02
02:41:21.902;+01:16:34.873;3.04E+20;0.8;-999/-999;16947.6;1.60638e-14;4.44288e-15;8.23558e-15;4.16014e-15;-9.990E+02;1.17647e-14;5.94286e-15;-9.990E+02;2.67295e-14;1.12491e-14;-9.990E+02
02:41:25.885;+01:01:14.999;3.10E+20;0.8;-999/-999;15927.9;4.33915e-14;7.37336e-15;2.73284e-14;7.86567e-15;-9.990E+02;2.22141e-14;8.55732e-15;-9.990E+02;7.56301e-14;1.9266e-14;-9.990E+02
02:42:01.335;+01:14:05.018;3.09E+20;1.272;+0.23/-0.17;6441.2;1.20695e-13;1.23971e-14;1.54555e-13;2.48519e-14;-9.990E+02;1.93631e-13;3.11351e-14;-9.990E+02;1.06286e-13;2.70772e-14;-9.990E+02
01:07:22.577;-00:18:56.845;3.53E+20;0.8;-999/-999;1535.0;7.8807e-14;3.24599e-14;0;-5.94263e-11;1.91493e-13;1.59892e-13;7.44873e-14;-9.990E+02;6.02543e-14;5.61007e-14;-9.990E+02
23:37:30.807;+00:17:28.097;3.56E+20;0.8;-999/-999;4442.5;3.6151e-14;1.2573e-14;0;-2.30437e-11;8.7551e-14;7.32949e-14;2.78105e-14;-9.990E+02;2.76091e-14;2.09522e-14;-9.990E+02
23:37:34.794;+00:17:50.786;3.56E+20;0.8;-999/-999;4500.0;4.43447e-14;1.38445e-14;4.06913e-14;1.78627e-14;-9.990E+02;8.99089e-14;-3.50541e-11;1.85905e-13;8.46937e-14;3.71789e-14;-9.990E+02
23:37:33.760;+00:16:09.904;3.55E+20;0.8;-999/-999;4664.5;1.04609e-13;1.97722e-14;4.79649e-14;1.75725e-14;-9.990E+02;1.32611e-13;3.43162e-14;-9.990E+02;9.99061e-14;3.66017e-14;-9.990E+02
23:37:31.511;+00:15:53.238;3.55E+20;0.8;-999/-999;4530.9;8.48369e-14;1.83599e-14;7.77747e-14;2.46041e-14;-9.990E+02;5.37746e-14;2.39873e-14;-9.990E+02;8.10254e-14;3.61431e-14;-9.990E+02
23:37:38.671;+00:16:11.051;3.55E+20;0.759;+0.17/-0.14;4477.6;4.55656e-13;4.0866e-14;2.67246e-13;4.26669e-14;-9.990E+02;4.2067e-13;6.2867e-14;-9.990E+02;4.96514e-13;8.49063e-14;-9.990E+02
23:37:38.465;+00:16:44.381;3.55E+20;0.443;+0.24/-0.18;4635.7;2.51243e-13;3.45914e-14;5.06659e-14;1.75947e-14;-9.990E+02;2.34388e-13;4.52075e-14;-9.990E+02;3.12174e-13;6.57518e-14;-9.990E+02
23:37:35.920;+00:15:56.148;3.55E+20;0.533;+0.25/-0.19;4344.8;2.74636e-13;3.61137e-14;1.66884e-13;3.41376e-14;-9.990E+02;1.25078e-13;3.62476e-14;-9.990E+02;3.28796e-13;7.3956e-14;-9.990E+02
23:37:40.590;+00:17:09.180;3.55E+20;0.8;-999/-999;4779.6;7.09681e-14;1.69476e-14;3.25291e-14;1.60574e-14;-9.990E+02;4.49673e-14;2.21972e-14;-9.990E+02;1.35564e-13;4.74716e-14;-9.990E+02
23:37:41.316;+00:18:00.510;3.56E+20;0.8;-999/-999;4720.0;4.78764e-14;1.4127e-14;5.27172e-14;2.00398e-14;-9.990E+02;4.85171e-14;2.25184e-14;-9.990E+02;9.13828e-14;-5.38911e-11;2.41458e-13
23:37:40.868;+00:16:26.401;3.55E+20;0.397;+0.24/-0.19;4773.7;2.77844e-13;3.742e-14;1.05077e-13;2.5609e-14;-9.990E+02;1.64417e-13;4.00712e-14;-9.990E+02;3.52729e-13;7.46557e-14;-9.990E+02
23:37:39.381;+00:15:27.874;3.54E+20;0.8;-999/-999;4272.3;1.64334e-13;2.54124e-14;2.00769e-13;3.78092e-14;-9.990E+02;1.3886e-13;3.71583e-14;-9.990E+02;2.51055e-13;-9.69913e-11;1.38312e-12
23:37:27.369;+00:14:50.452;3.55E+20;0.8;-999/-999;4894.6;2.641e-14;1.07335e-14;1.93776e-14;1.23771e-14;-9.990E+02;2.67871e-14;1.71098e-14;-9.990E+02;2.01808e-14;1.81741e-14;-9.990E+02
23:37:43.733;+00:17:55.304;3.56E+20;0.8;-999/-999;4537.8;3.84537e-14;1.29968e-14;1.41124e-14;1.09685e-14;-9.990E+02;1.94964e-14;1.51531e-14;-9.990E+02;8.80922e-14;3.97035e-14;-9.990E+02
23:37:42.947;+00:15:21.686;3.54E+20;0.8;-999/-999;4741.8;5.17284e-14;1.4118e-14;1.89641e-14;1.16455e-14;-9.990E+02;2.62328e-14;1.61091e-14;-9.990E+02;1.18623e-13;4.20763e-14;-9.990E+02
23:37:42.885;+00:16:05.143;3.54E+20;0.8;-999/-999;4750.8;1.47674e-13;2.40006e-14;3.86891e-14;1.61304e-14;-9.990E+02;1.60482e-13;3.85544e-14;-9.990E+02;2.41831e-13;5.80977e-14;-9.990E+02
23:37:45.018;+00:16:47.381;3.55E+20;0.8;-999/-999;4729.9;9.2435e-14;1.97722e-14;6.78036e-14;2.31744e-14;-9.990E+02;4.68648e-14;2.27379e-14;-9.990E+02;1.41228e-13;4.827e-14;-9.990E+02
23:37:46.382;+00:16:16.914;3.54E+20;0.8;-999/-999;4740.8;3.97139e-14;1.29886e-14;1.82007e-14;1.20415e-14;-9.990E+02;5.03678e-14;2.34692e-14;-9.990E+02;3.79388e-14;2.51001e-14;-9.990E+02
23:37:07.272;+00:20:02.541;3.59E+20;0.8;-999/-999;4921.8;3.52111e-14;1.24441e-14;2.58861e-14;1.47705e-14;-9.990E+02;5.35136e-14;2.42459e-14;-9.990E+02;3.35772e-14;-4.74257e-11;1.77705e-13
23:37:37.429;+00:09:57.426;3.55E+20;0.8;-999/-999;4872.9;3.5943e-14;1.27107e-14;1.31852e-14;1.05797e-14;-9.990E+02;3.64464e-14;2.08189e-14;-9.990E+02;5.4916e-14;3.1369e-14;-9.990E+02
23:38:11.556;+00:20:46.794;3.57E+20;0.8;-999/-999;4857.1;1.19006e-13;2.26112e-14;9.4959e-14;2.81168e-14;-9.990E+02;1.0489e-13;3.32684e-14;-9.990E+02;9.87751e-14;4.1765e-14;-9.990E+02
23:38:17.443;+00:18:40.873;3.55E+20;0.8;-999/-999;4843.0;2.61276e-14;1.18633e-14;2.08254e-14;-2.17344e-11;7.90955e-14;3.31204e-14;2.0622e-14;-9.990E+02;4.99045e-14;3.10723e-14;-9.990E+02
02:33:22.533;+00:50:59.515;2.06E+20;0.8;-999/-999;8367.3;8.47702e-14;1.30106e-14;4.41983e-14;1.24659e-14;-9.990E+02;1.0777e-13;2.38825e-14;-9.990E+02;7.21699e-14;2.42396e-14;-9.990E+02
02:33:13.533;+00:55:32.097;2.06E+20;0.8;-999/-999;9040.0;2.30569e-14;7.10889e-15;1.70011e-14;7.95385e-15;-9.990E+02;1.72805e-14;9.88361e-15;-9.990E+02;2.64408e-14;1.51229e-14;-9.990E+02
02:33:29.829;+00:58:16.469;2.06E+20;0.8;-999/-999;8134.4;1.89526e-14;6.57237e-15;2.60899e-14;1.01061e-14;-9.990E+02;9.93989e-15;7.7064e-15;-9.990E+02;2.17371e-14;-2.63439e-11;1.00586e-13
02:33:59.796;+00:49:37.462;2.07E+20;0.8;-999/-999;9182.7;2.55345e-14;7.64826e-15;1.31775e-14;7.23746e-15;-9.990E+02;3.34604e-14;1.42361e-14;-9.990E+02;2.04781e-14;1.38046e-14;-9.990E+02
02:33:53.111;+00:58:20.001;2.09E+20;0.8;-999/-999;9007.7;1.94706e-14;6.84828e-15;1.67619e-14;8.4029e-15;-9.990E+02;2.55056e-14;1.27862e-14;-9.990E+02;1.56024e-14;-2.74213e-11;8.60582e-14
02:34:14.491;+00:57:06.953;2.12E+20;0.868;+0.16/-0.13;4367.8;3.03984e-13;2.65986e-14;2.41537e-13;3.22988e-14;-9.990E+02;2.69959e-13;4.05604e-14;-9.990E+02;3.17069e-13;5.35757e-14;-9.990E+02
02:33:51.664;+01:08:12.534;2.08E+20;0.615;+0.13/-0.11;3592.0;7.57481e-13;5.7609e-14;3.46775e-13;4.76175e-14;-9.990E+02;6.25247e-13;7.92718e-14;-9.990E+02;8.78397e-13;1.20617e-13;-9.990E+02
02:34:08.553;+01:06:16.872;2.08E+20;0.8;-999/-999;3748.2;3.23763e-13;3.48998e-14;4.87516e-13;5.65379e-14;-9.990E+02;1.06106e-13;3.22821e-14;-9.990E+02;4.15429e-13;-1.39768e-10;1.07207e-12
01:10:59.361;+00:26:01.241;2.89E+20;0.8;-999/-999;13505.0;3.25296e-14;6.63024e-15;0;-1.18072e-11;2.1216e-14;2.78812e-14;9.77921e-15;-9.990E+02;8.46042e-14;2.13019e-14;-9.990E+02
01:10:38.988;+00:22:05.402;2.89E+20;0.8;-999/-999;14745.7;1.56916e-14;4.69642e-15;2.48702e-14;7.97325e-15;-9.990E+02;4.48288e-15;4.02464e-15;-9.990E+02;4.07878e-14;-1.83058e-11;4.4948e-14
01:10:29.962;+00:26:22.434;2.86E+20;0.8;-999/-999;15127.6;1.09302e-14;4.00171e-15;1.66785e-14;6.56676e-15;-9.990E+02;3.12701e-15;-1.02872e-11;2.65792e-14;6.0999e-15;5.81969e-15;-9.990E+02
01:10:42.960;+00:20:10.609;2.90E+20;0.8;-999/-999;14200.1;2.27168e-14;5.5272e-15;3.64716e-14;9.26084e-15;-9.990E+02;6.49434e-15;-1.41966e-11;3.85468e-14;8.85935e-15;6.86007e-15;-9.990E+02
01:10:28.435;+00:27:07.261;2.86E+20;0.8;-999/-999;15167.4;2.25062e-14;5.5196e-15;3.55976e-14;9.14875e-15;-9.990E+02;6.43796e-15;-1.41898e-11;4.2541e-14;9.76414e-15;7.05907e-15;-9.990E+02
01:10:33.628;+00:29:31.844;2.85E+20;0.8;-999/-999;14298.9;1.07152e-14;4.1382e-15;6.35793e-15;4.20753e-15;-9.990E+02;4.5979e-15;4.34581e-15;-9.990E+02;2.09343e-14;1.12189e-14;-9.990E+02
01:11:12.615;+00:29:10.746;2.88E+20;0.8;-999/-999;13282.0;1.75638e-14;5.10896e-15;3.47669e-15;3.08055e-15;-9.990E+02;1.00409e-14;6.26893e-15;-9.990E+02;4.5707e-14;1.62577e-14;-9.990E+02
01:10:27.268;+00:27:41.094;2.86E+20;0.8;-999/-999;14956.6;1.44614e-14;4.55367e-15;2.57462e-14;8.10711e-15;-9.990E+02;8.26673e-15;-1.17076e-11;4.10141e-14;3.7634e-14;-1.77662e-11;6.22383e-14
01:11:19.807;+00:25:26.002;2.89E+20;0.8;-999/-999;13456.0;2.39656e-14;5.80146e-15;1.16545e-14;5.39019e-15;-9.990E+02;2.80055e-14;1.00847e-14;-9.990E+02;2.55052e-14;1.17961e-14;-9.990E+02
01:11:19.817;+00:26:51.461;2.89E+20;0.8;-999/-999;13215.2;3.46844e-14;6.9065e-15;5.09224e-14;1.12187e-14;-9.990E+02;1.04932e-14;6.11689e-15;-9.990E+02;7.95926e-15;6.58511e-15;-9.990E+02
01:11:14.086;+00:19:56.418;2.90E+20;0.8;-999/-999;14077.9;3.00127e-14;6.49446e-15;2.67623e-14;8.27266e-15;-9.990E+02;3.30508e-14;1.10596e-14;-9.990E+02;8.35818e-15;6.90857e-15;-9.990E+02
01:11:24.463;+00:26:43.626;2.89E+20;0.8;-999/-999;13287.5;3.78476e-14;7.32089e-15;2.62492e-14;8.1924e-15;-9.990E+02;3.24351e-14;1.10154e-14;-9.990E+02;4.10303e-14;1.5191e-14;-9.990E+02
01:11:30.155;+00:25:05.328;2.89E+20;0.8;-999/-999;13288.1;2.26809e-14;5.93959e-15;5.05284e-15;3.74777e-15;-9.990E+02;2.91565e-14;1.08093e-14;-9.990E+02;3.31735e-14;1.42588e-14;-9.990E+02
01:11:16.637;+00:32:51.792;2.87E+20;0.8;-999/-999;12322.7;2.65018e-14;6.48741e-15;1.18013e-14;5.77771e-15;-9.990E+02;2.2729e-14;9.51065e-15;-9.990E+02;4.3088e-14;1.61984e-14;-9.990E+02
01:11:28.972;+00:33:08.514;2.88E+20;0.8;-999/-999;9003.5;6.47871e-14;1.04941e-14;6.92877e-14;1.44185e-14;-9.990E+02;6.66673e-14;1.72369e-14;-9.990E+02;1.05295e-13;-4.0911e-11;3.34207e-13
01:11:29.901;+00:34:30.592;2.87E+20;0.553;+0.14/-0.12;7234.4;3.31201e-13;2.6656e-14;1.75864e-13;2.35745e-14;-9.990E+02;1.98576e-13;3.01883e-14;-9.990E+02;3.92979e-13;5.30946e-14;-9.990E+02
22:12:17.408;+00:32:27.475;3.64E+20;0.8;-999/-999;17432.9;3.35828e-14;5.6656e-15;2.06097e-14;5.89556e-15;-9.990E+02;3.39916e-14;9.0391e-15;-9.990E+02;3.41085e-14;1.12598e-14;-9.990E+02
22:12:01.901;+00:33:44.218;3.63E+20;0.8;-999/-999;18509.5;1.36956e-14;3.6816e-15;8.40534e-15;3.78579e-15;-9.990E+02;1.54131e-14;6.02762e-15;-9.990E+02;1.16049e-14;6.6036e-15;-9.990E+02
22:12:21.363;+00:33:32.389;3.63E+20;0.968;+0.25/-0.19;18805.2;4.70669e-14;5.88336e-15;3.94513e-14;7.86868e-15;-9.990E+02;5.16849e-14;1.03087e-14;-9.990E+02;4.70755e-14;1.21151e-14;-9.990E+02
22:12:26.398;+00:32:51.911;3.64E+20;0.8;-999/-999;18860.5;2.87954e-14;5.24068e-15;2.23228e-14;6.19281e-15;-9.990E+02;2.30135e-14;7.52303e-15;-9.990E+02;2.88697e-14;1.01322e-14;-9.990E+02
22:11:48.682;+00:32:07.567;3.65E+20;0.8;-999/-999;18508.2;1.80513e-14;4.10901e-15;1.10769e-14;4.27681e-15;-9.990E+02;2.53639e-14;7.68158e-15;-9.990E+02;7.63435e-15;5.10234e-15;-9.990E+02
22:12:39.026;+00:30:17.505;3.66E+20;0.8;-999/-999;19224.2;3.72634e-14;5.81134e-15;1.47152e-14;4.88332e-15;-9.990E+02;4.04018e-14;9.53942e-15;-9.990E+02;5.06682e-14;1.31971e-14;-9.990E+02
22:12:25.784;+00:36:16.269;3.61E+20;0.8;-999/-999;18623.6;3.29152e-14;5.6604e-15;3.36127e-15;2.52277e-15;-9.990E+02;1.85195e-14;6.73208e-15;-9.990E+02;9.0636e-14;1.83106e-14;-9.990E+02
22:12:42.225;+00:29:32.244;3.67E+20;0.8;-999/-999;19264.1;2.03454e-14;4.53696e-15;1.66702e-14;5.63689e-15;-9.990E+02;1.14371e-14;5.48551e-15;-9.990E+02;2.58121e-14;1.01327e-14;-9.990E+02
22:12:25.667;+00:22:19.550;3.80E+20;0.8;-999/-999;18299.6;2.1115e-14;4.69854e-15;4.89252e-15;3.02946e-15;-9.990E+02;6.65753e-15;4.12235e-15;-9.990E+02;6.00102e-14;1.54882e-14;-9.990E+02
22:12:49.869;+00:28:03.521;3.70E+20;0.8;-999/-999;19094.5;1.63776e-14;4.39952e-15;1.09928e-14;4.81147e-15;-9.990E+02;1.5053e-14;6.58858e-15;-9.990E+02;1.69857e-14;8.67089e-15;-9.990E+02
22:12:38.303;+00:38:22.873;3.58E+20;0.8;-999/-999;18873.3;1.47025e-14;4.2411e-15;1.19973e-14;5.1914e-15;-9.990E+02;1.35417e-14;-1.07338e-11;2.7445e-14;3.11652e-14;1.20572e-14;-9.990E+02
22:12:29.552;+00:41:00.691;3.56E+20;0.615;+0.20/-0.16;12841.3;1.06588e-13;1.15467e-14;3.26137e-14;7.9482e-15;-9.990E+02;1.11112e-13;1.78005e-14;-9.990E+02;1.23544e-13;2.3284e-14;-9.990E+02
22:12:58.116;+00:23:56.633;3.80E+20;0.8;-999/-999;10187.2;1.13804e-13;1.18175e-14;1.75777e-14;6.02461e-15;-9.990E+02;2.3919e-14;8.19802e-15;-9.990E+02;3.59468e-13;4.10573e-14;-9.990E+02
22:13:02.658;+00:30:13.783;3.68E+20;0.8;-999/-999;9639.8;1.11734e-13;1.17719e-14;9.368e-14;1.41095e-14;-9.990E+02;1.28443e-13;1.93454e-14;-9.990E+02;3.86487e-14;1.30627e-14;-9.990E+02
22:13:11.431;+00:23:53.724;3.80E+20;0.449;+0.02/-0.01;807.5;2.11494e-11;2.18976e-13;1.08427e-11;1.8401e-13;-9.990E+02;9.86406e-12;2.14428e-13;-9.990E+02;2.62056e-11;4.44732e-13;-9.990E+02
22:13:08.802;+00:36:54.496;3.58E+20;1.294;+0.04/-0.05;2022.3;1.9618e-12;4.51498e-14;3.68014e-12;1.10717e-13;-9.990E+02;1.89719e-12;8.58221e-14;-9.990E+02;1.71906e-12;9.65373e-14;-9.990E+02
01:06:00.014;-00:32:07.932;3.78E+20;0.8;-999/-999;9970.3;1.5097e-14;5.83389e-15;2.23685e-14;9.65464e-15;-9.990E+02;7.61798e-15;6.57688e-15;-9.990E+02;0;-2.21037e-11;7.55496e-14
01:05:47.815;-00:36:28.023;3.78E+20;0.8;-999/-999;9707.3;1.62495e-14;6.11847e-15;4.29769e-15;4.35829e-15;-9.990E+02;1.1707e-14;8.31085e-15;-9.990E+02;3.51791e-14;1.75545e-14;-9.990E+02
01:05:41.147;-00:37:31.670;3.77E+20;0.8;-999/-999;8615.3;1.81356e-14;6.54304e-15;6.70888e-15;5.36605e-15;-9.990E+02;1.30697e-14;-1.64942e-11;6.05566e-14;5.49883e-14;2.23083e-14;-9.990E+02
01:05:23.893;-00:25:35.440;3.63E+20;0.8;-999/-999;7745.9;2.09993e-14;6.9384e-15;9.65859e-15;6.38348e-15;-9.990E+02;3.98496e-14;1.5302e-14;-9.990E+02;6.39859e-14;-2.6409e-11;1.32288e-13
01:05:57.944;-00:23:34.825;3.64E+20;0.8;-999/-999;8359.4;1.80874e-14;6.65708e-15;5.55137e-15;5.07159e-15;-9.990E+02;2.28916e-14;1.20032e-14;-9.990E+02;2.29782e-14;1.45724e-14;-9.990E+02
01:05:44.874;-00:22:34.393;3.62E+20;0.8;-999/-999;7716.5;4.36116e-14;9.9085e-15;1.6048e-14;8.16978e-15;-9.990E+02;8.83617e-14;2.21979e-14;-9.990E+02;5.54066e-14;-3.77272e-11;2.20008e-13
01:06:15.835;-00:34:28.804;3.84E+20;0.8;-999/-999;9694.6;1.5255e-14;6.27308e-15;2.83208e-14;1.16459e-14;-9.990E+02;3.07778e-14;-1.57931e-11;3.63212e-14;1.92561e-14;-2.37248e-11;5.45627e-14
01:05:05.112;-00:31:05.065;3.68E+20;0.8;-999/-999;4795.7;6.79366e-14;1.27647e-14;2.5052e-14;1.02546e-14;-9.990E+02;6.87039e-14;1.98259e-14;-9.990E+02;1.0338e-13;2.98323e-14;-9.990E+02
01:06:20.257;-00:29:51.764;3.71E+20;0.8;-999/-999;9975.1;5.6064e-14;1.12156e-14;2.95933e-14;1.06997e-14;-9.990E+02;5.05767e-14;1.62957e-14;-9.990E+02;7.60808e-14;2.45131e-14;-9.990E+02
01:05:56.881;-00:41:44.686;3.89E+20;0.8;-999/-999;9293.1;4.3811e-14;1.04244e-14;5.82083e-14;1.63759e-14;-9.990E+02;1.5752e-14;9.91418e-15;-9.990E+02;2.3651e-14;1.48858e-14;-9.990E+02
01:05:47.689;-00:44:50.555;3.90E+20;0.8;-999/-999;9493.7;3.62242e-14;1.04273e-14;2.69592e-14;1.22699e-14;-9.990E+02;1.82343e-14;1.17632e-14;-9.990E+02;5.47296e-14;2.4909e-14;-9.990E+02
23:44:48.028;+01:19:17.457;3.67E+20;0.8;-999/-999;3242.6;3.34175e-14;1.4178e-14;3.07847e-14;1.84473e-14;-9.990E+02;2.11282e-14;1.83496e-14;-9.990E+02;3.17957e-14;2.76142e-14;-9.990E+02
23:44:40.320;+01:07:21.374;3.63E+20;0.8;-999/-999;2111.8;2.02063e-13;4.248e-14;1.23918e-13;4.41893e-14;-9.990E+02;3.40872e-13;8.64723e-14;-9.990E+02;1.92497e-13;-1.61691e-10;8.49189e-13
01:14:27.202;-01:16:33.922;4.68E+20;0.8;-999/-999;1812.8;5.03513e-13;7.46487e-14;3.7052e-13;8.82378e-14;-9.990E+02;3.67204e-13;1.00255e-13;-9.990E+02;6.01476e-13;1.57908e-13;-9.990E+02
22:48:06.906;-00:36:53.376;5.67E+20;0.8;-999/-999;9460.8;2.3859e-14;7.536e-15;1.59464e-14;8.84939e-15;-9.990E+02;2.58349e-14;1.23246e-14;-9.990E+02;1.90466e-14;1.27573e-14;-9.990E+02
22:48:04.147;-00:35:44.988;5.68E+20;0.8;-999/-999;9552.2;2.53595e-14;7.68927e-15;1.69552e-14;-1.54042e-11;4.19648e-14;2.74533e-14;-1.87073e-11;5.09632e-14;9.10399e-14;2.76043e-14;-9.990E+02
22:48:19.515;-00:36:41.778;5.70E+20;1.027;+0.18/-0.14;8974.9;1.97863e-13;1.75322e-14;2.30883e-13;3.15354e-14;-9.990E+02;1.71503e-13;2.78908e-14;-9.990E+02;1.93366e-13;3.51289e-14;-9.990E+02
22:47:54.365;-00:35:12.718;5.65E+20;0.8;-999/-999;9460.4;2.22646e-14;7.23072e-15;2.67617e-14;1.11633e-14;-9.990E+02;1.08534e-14;8.07488e-15;-9.990E+02;1.60042e-14;1.19071e-14;-9.990E+02
22:48:20.836;-00:32:21.960;5.76E+20;1.376;+0.27/-0.20;9247.1;8.56221e-14;9.85501e-15;1.33159e-13;2.39095e-14;-9.990E+02;1.42885e-13;2.62537e-14;-9.990E+02;7.23795e-14;2.05189e-14;-9.990E+02
22:48:40.748;-00:33:02.434;5.79E+20;0.8;-999/-999;9868.8;3.11554e-14;8.77192e-15;1.25555e-14;7.99759e-15;-9.990E+02;4.54415e-14;1.66104e-14;-9.990E+02;2.2309e-14;1.42104e-14;-9.990E+02
22:48:52.490;-00:36:58.014;5.74E+20;0.775;+0.14/-0.12;9909.4;3.77338e-13;2.92391e-14;2.06675e-13;2.98139e-14;-9.990E+02;3.74061e-13;4.47695e-14;-9.990E+02;4.09274e-13;5.79774e-14;-9.990E+02
01:05:23.893;-00:25:35.440;3.63E+20;0.8;-999/-999;7745.9;2.16365e-14;6.9384e-15;9.95562e-15;6.38348e-15;-9.990E+02;4.10681e-14;1.5302e-14;-9.990E+02;0;-2.6409e-11;1.36334e-13
01:05:57.778;-00:23:38.492;3.64E+20;0.8;-999/-999;10438.0;1.73367e-14;6.09052e-15;7.98156e-15;-1.12018e-11;3.5097e-14;2.19419e-14;1.07881e-14;-9.990E+02;3.30294e-14;1.62396e-14;-9.990E+02
01:05:44.874;-00:22:34.393;3.62E+20;0.8;-999/-999;9181.0;3.24574e-14;8.2099e-15;1.1937e-14;6.82638e-15;-9.990E+02;6.57159e-14;1.87903e-14;-9.990E+02;6.18806e-14;-3.12586e-11;1.63145e-13
01:05:05.112;-00:31:05.065;3.68E+20;0.8;-999/-999;4795.7;7.06313e-14;1.26229e-14;2.6051e-14;1.01421e-14;-9.990E+02;7.14291e-14;1.96036e-14;-9.990E+02;1.0748e-13;2.94977e-14;-9.990E+02
01:06:20.211;-00:29:52.342;3.71E+20;0.8;-999/-999;10216.2;4.80426e-14;1.02218e-14;1.77403e-14;8.33542e-15;-9.990E+02;4.85321e-14;1.59263e-14;-9.990E+02;7.30052e-14;2.39574e-14;-9.990E+02
01:06:03.366;-00:21:37.352;3.63E+20;0.8;-999/-999;9290.6;1.69212e-14;6.5136e-15;3.11357e-14;1.19853e-14;-9.990E+02;1.71296e-14;-1.64666e-11;5.66567e-14;2.57886e-14;-2.47905e-11;8.52965e-14
01:05:56.881;-00:41:44.686;3.89E+20;0.8;-999/-999;7615.7;6.95293e-14;1.27092e-14;9.24e-14;1.99917e-14;-9.990E+02;2.50011e-14;1.22148e-14;-9.990E+02;3.75382e-14;1.834e-14;-9.990E+02
01:05:48.122;-00:44:41.090;3.90E+20;0.8;-999/-999;7778.6;4.30948e-14;1.09987e-14;5.7295e-14;-2.04507e-11;2.65099e-13;1.08464e-13;2.76823e-14;-9.990E+02;2.32574e-14;-4.15168e-11;5.38175e-13
22:21:32.077;+00:23:06.838;4.53E+20;0.8;-999/-999;6739.9;2.67214e-14;9.0334e-15;7.29948e-15;6.55589e-15;-9.990E+02;2.84806e-14;1.47818e-14;-9.990E+02;4.24822e-14;2.20488e-14;-9.990E+02
22:21:36.163;+00:27:11.605;4.51E+20;0.8;-999/-999;7101.9;1.87109e-14;7.71733e-15;2.97845e-14;1.35268e-14;-9.990E+02;1.99528e-14;-1.91743e-11;5.12762e-14;1.15778e-14;1.17669e-14;-9.990E+02
22:22:01.293;+00:28:07.670;4.51E+20;0.8;-999/-999;6928.9;3.47425e-14;1.10664e-14;1.10628e-14;8.83802e-15;-9.990E+02;4.32371e-14;2.00144e-14;-9.990E+02;4.29777e-14;2.42631e-14;-9.990E+02
22:21:51.460;+00:35:38.926;4.45E+20;0.8;-999/-999;6898.7;2.90825e-14;1.14819e-14;2.77157e-14;1.51121e-14;-9.990E+02;3.62232e-14;1.97509e-14;-9.990E+02;3.60266e-14;-4.26334e-11;1.78377e-13
22:22:11.636;+00:39:02.904;4.42E+20;0.8;-999/-999;7077.3;6.40042e-14;2.6136e-14;6.09197e-14;-4.96751e-11;2.01519e-13;3.98637e-14;3.18006e-14;-9.990E+02;1.78587e-13;8.36754e-14;-9.990E+02
02:01:15.507;+00:31:35.688;2.22E+20;1.004;+0.09/-0.08;15329.0;3.93933e-13;1.79264e-14;4.05485e-13;2.73636e-14;-9.990E+02;3.72836e-13;3.12774e-14;-9.990E+02;3.89104e-13;3.87528e-14;-9.990E+02
02:01:30.505;+00:30:24.323;2.22E+20;0.8;-999/-999;15093.0;1.16724e-14;4.0473e-15;1.44396e-14;5.87396e-15;-9.990E+02;8.71133e-15;5.71593e-15;-9.990E+02;1.01418e-14;-1.61332e-11;4.3953e-14
02:01:06.155;+00:33:59.749;2.23E+20;1.328;+0.05/-0.04;15407.0;1.03567e-12;2.39001e-14;1.63403e-12;5.42299e-14;-9.990E+02;1.55792e-12;5.84389e-14;-9.990E+02;8.92063e-13;5.3276e-14;-9.990E+02
02:01:42.917;+00:32:22.561;2.21E+20;0.8;-999/-999;14945.1;2.23328e-14;5.25954e-15;1.93337e-14;6.45545e-15;-9.990E+02;1.45912e-14;6.74769e-15;-9.990E+02;2.2291e-14;1.03084e-14;-9.990E+02
02:01:14.417;+00:27:36.116;2.22E+20;0.8;-999/-999;15517.2;1.52853e-14;4.58694e-15;1.32386e-14;5.61461e-15;-9.990E+02;1.19816e-14;6.61102e-15;-9.990E+02;1.22035e-14;8.20384e-15;-9.990E+02
02:01:46.425;+00:31:53.223;2.21E+20;0.8;-999/-999;14797.5;4.12537e-14;7.01272e-15;3.75887e-15;2.82265e-15;-9.990E+02;2.8365e-14;9.37278e-15;-9.990E+02;1.12666e-13;2.31092e-14;-9.990E+02
02:01:44.729;+00:37:34.202;2.22E+20;0.8;-999/-999;15205.0;2.06547e-14;5.3964e-15;3.25241e-15;2.77343e-15;-9.990E+02;3.43414e-14;1.12345e-14;-9.990E+02;2.24852e-14;1.11e-14;-9.990E+02
02:00:55.935;+00:29:29.971;2.23E+20;0.8;-999/-999;15599.4;3.18371e-14;6.47808e-15;2.06855e-14;6.88425e-15;-9.990E+02;3.11768e-14;1.03758e-14;-9.990E+02;3.17501e-14;1.30919e-14;-9.990E+02
02:00:47.295;+00:31:12.380;2.24E+20;0.8;-999/-999;16104.8;2.81226e-14;6.34547e-15;2.13192e-14;7.33185e-15;-9.990E+02;1.83536e-14;8.39255e-15;-9.990E+02;3.50399e-14;1.41688e-14;-9.990E+02
02:01:32.260;+00:23:50.915;2.21E+20;0.8;-999/-999;10246.4;2.50705e-14;6.33842e-15;1.08494e-14;5.57993e-15;-9.990E+02;4.9119e-14;1.43164e-14;-9.990E+02;3.12752e-14;-2.52732e-11;1.65097e-13
02:00:44.234;+00:37:49.421;2.25E+20;0.8;-999/-999;15863.8;1.33075e-14;4.7271e-15;5.76625e-15;-8.19032e-12;2.53884e-14;1.73692e-14;8.81325e-15;-9.990E+02;2.6524e-14;1.34585e-14;-9.990E+02
02:00:56.684;+00:41:44.133;2.25E+20;0.8;-999/-999;15783.9;2.63367e-14;6.21276e-15;2.4592e-14;7.93035e-15;-9.990E+02;3.17312e-14;1.10377e-14;-9.990E+02;5.24774e-14;-2.47367e-11;5.33872e-14
02:00:35.535;+00:38:18.942;2.25E+20;0.8;-999/-999;11195.4;3.35894e-14;7.83348e-15;1.45632e-14;6.79209e-15;-9.990E+02;4.38547e-14;1.44044e-14;-9.990E+02;3.3474e-14;1.56119e-14;-9.990E+02
02:00:28.665;+00:35:34.270;2.26E+20;-0.208;+0.25/-0.19;10228.0;1.5596e-13;2.16154e-14;1.01407e-14;4.77889e-15;-9.990E+02;8.32818e-14;1.99079e-14;-9.990E+02;2.53806e-13;4.57335e-14;-9.990E+02
02:00:28.969;+00:28:47.137;2.26E+20;0.873;+0.25/-0.19;5700.6;1.05004e-13;1.39447e-14;7.38285e-14;1.51316e-14;-9.990E+02;1.08869e-13;2.23135e-14;-9.990E+02;1.09297e-13;2.84141e-14;-9.990E+02
22:12:12.623;+00:26:35.450;3.73E+20;0.8;-999/-999;14340.2;1.81269e-14;4.68798e-15;0;-8.65495e-12;2.45867e-14;3.56099e-14;1.04623e-14;-9.990E+02;1.52923e-14;8.28286e-15;-9.990E+02
22:12:17.408;+00:32:27.475;3.64E+20;0.8;-999/-999;14398.4;4.28603e-14;6.79872e-15;2.63097e-14;7.28275e-15;-9.990E+02;4.33676e-14;1.09494e-14;-9.990E+02;4.35285e-14;1.31859e-14;-9.990E+02
22:12:01.901;+00:33:44.218;3.63E+20;0.8;-999/-999;15128.8;1.77566e-14;4.5312e-15;1.08936e-14;4.8801e-15;-9.990E+02;1.9975e-14;7.55065e-15;-9.990E+02;1.50415e-14;8.00093e-15;-9.990E+02
22:12:21.323;+00:33:32.609;3.63E+20;1.086;+0.27/-0.20;15403.2;4.66328e-14;6.03625e-15;4.93317e-14;9.76706e-15;-9.990E+02;5.46999e-14;1.17299e-14;-9.990E+02;4.44782e-14;1.25128e-14;-9.990E+02
22:12:26.395;+00:32:53.239;3.64E+20;0.8;-999/-999;15529.3;3.21806e-14;5.94888e-15;2.09095e-14;6.45878e-15;-9.990E+02;2.87409e-14;8.87782e-15;-9.990E+02;3.60453e-14;1.22039e-14;-9.990E+02
22:11:48.682;+00:32:07.567;3.65E+20;0.8;-999/-999;14865.0;2.39031e-14;5.10084e-15;1.46753e-14;5.43799e-15;-9.990E+02;3.35975e-14;9.50968e-15;-9.990E+02;1.01108e-14;6.47436e-15;-9.990E+02
22:12:39.183;+00:30:17.295;3.66E+20;0.8;-999/-999;15662.1;4.19267e-14;6.80352e-15;2.3171e-14;6.79747e-15;-9.990E+02;4.24094e-14;1.07905e-14;-9.990E+02;4.78734e-14;1.40442e-14;-9.990E+02
22:12:25.716;+00:36:16.820;3.61E+20;0.8;-999/-999;15283.5;3.63964e-14;6.50946e-15;4.18337e-15;2.99184e-15;-9.990E+02;2.30374e-14;8.24044e-15;-9.990E+02;9.53836e-14;2.05711e-14;-9.990E+02
22:12:42.405;+00:29:33.422;3.67E+20;0.8;-999/-999;15601.5;2.43294e-14;5.38764e-15;2.49257e-14;7.31724e-15;-9.990E+02;6.84075e-15;4.54258e-15;-9.990E+02;3.08731e-14;1.18701e-14;-9.990E+02
22:12:25.667;+00:22:19.550;3.80E+20;0.8;-999/-999;14693.3;2.20404e-14;5.12568e-15;5.10627e-15;3.33293e-15;-9.990E+02;6.94839e-15;4.53531e-15;-9.990E+02;6.26545e-14;1.70425e-14;-9.990E+02
22:12:29.489;+00:41:00.136;3.56E+20;0.783;+0.19/-0.16;9373.8;1.3054e-13;1.31772e-14;3.36228e-14;9.31988e-15;-9.990E+02;1.86779e-13;2.5376e-14;-9.990E+02;1.41165e-13;2.76098e-14;-9.990E+02
22:13:02.689;+00:30:14.330;3.68E+20;1.785;+0.22/-0.17;6137.0;7.51885e-14;5.9634e-15;2.53253e-13;2.6586e-14;-9.990E+02;1.78765e-13;2.38213e-14;-9.990E+02;5.36296e-14;1.4031e-14;-9.990E+02
22:12:58.116;+00:23:56.633;3.80E+20;-0.520;+0.13/-0.11;6565.1;4.62434e-13;3.26365e-14;5.30514e-14;9.34464e-15;-9.990E+02;1.12663e-13;1.98447e-14;-9.990E+02;8.54507e-13;7.26331e-14;-9.990E+02
22:13:11.417;+00:23:54.353;3.80E+20;0.622;+0.02/-0.02;812.9;1.49495e-11;1.79212e-13;9.69245e-12;1.75899e-13;-9.990E+02;8.35065e-12;1.94144e-13;-9.990E+02;1.72729e-11;3.4879e-13;-9.990E+02
22:13:08.777;+00:36:53.516;3.58E+20;1.217;+0.02/-0.02;817.4;9.01347e-12;1.05634e-13;1.67837e-11;2.49901e-13;-9.990E+02;5.88536e-12;1.64452e-13;-9.990E+02;8.13916e-12;2.27429e-13;-9.990E+02
22:20:32.471;+00:25:36.066;4.44E+20;0.8;-999/-999;28980.7;1.94398e-14;3.92283e-15;1.12692e-14;4.1502e-15;-9.990E+02;1.89521e-14;6.2414e-15;-9.990E+02;2.20023e-14;8.103e-15;-9.990E+02
22:20:39.124;+00:24:54.502;4.45E+20;0.8;-999/-999;29005.2;1.40675e-14;3.34282e-15;7.04936e-15;3.28657e-15;-9.990E+02;1.65881e-14;5.63793e-15;-9.990E+02;1.37537e-14;6.41229e-15;-9.990E+02
22:20:43.893;+00:23:55.517;4.46E+20;0.8;-999/-999;30208.6;2.0295e-14;3.92526e-15;2.47718e-14;6.16248e-15;-9.990E+02;6.06199e-15;3.44864e-15;-9.990E+02;1.81028e-14;7.29297e-15;-9.990E+02
22:20:32.666;+00:30:08.526;4.41E+20;0.831;+0.20/-0.16;28640.1;5.84383e-14;6.2304e-15;4.43672e-14;7.52797e-15;-9.990E+02;4.961e-14;9.1571e-15;-9.990E+02;6.19269e-14;1.22407e-14;-9.990E+02
22:20:50.073;+00:29:33.105;4.44E+20;0.8;-999/-999;29914.7;6.7124e-15;2.46993e-15;3.19565e-15;2.43893e-15;-9.990E+02;4.17902e-15;3.18944e-15;-9.990E+02;1.24786e-14;6.46079e-15;-9.990E+02
22:20:52.581;+00:29:09.254;4.44E+20;0.8;-999/-999;29562.0;2.58761e-14;4.3587e-15;2.36478e-14;5.76048e-15;-9.990E+02;2.57724e-14;6.86734e-15;-9.990E+02;1.15441e-14;5.62348e-15;-9.990E+02
22:20:15.775;+00:30:02.777;4.38E+20;0.8;-999/-999;29122.8;1.10665e-14;3.04542e-15;3.23402e-15;2.31395e-15;-9.990E+02;1.27345e-14;5.20661e-15;-9.990E+02;1.58534e-14;7.12998e-15;-9.990E+02
22:20:35.536;+00:19:39.130;4.47E+20;0.8;-999/-999;28803.1;8.79706e-15;2.76317e-15;5.59017e-15;3.01137e-15;-9.990E+02;3.64846e-15;2.75082e-15;-9.990E+02;1.63366e-14;7.33092e-15;-9.990E+02
22:20:13.743;+00:21:18.528;4.44E+20;0.8;-999/-999;29000.7;7.97352e-15;2.76051e-15;4.33834e-15;2.83044e-15;-9.990E+02;8.51001e-15;4.4938e-15;-9.990E+02;8.47034e-15;5.52625e-15;-9.990E+02
22:20:11.761;+00:21:34.571;4.43E+20;0.8;-999/-999;28107.6;8.57411e-15;2.75975e-15;4.66422e-15;2.81457e-15;-9.990E+02;9.15303e-15;4.41733e-15;-9.990E+02;9.11301e-15;5.49913e-15;-9.990E+02
22:21:00.955;+00:22:34.966;4.49E+20;0.8;-999/-999;30756.4;2.5044e-14;4.22008e-15;2.0127e-14;5.30388e-15;-9.990E+02;2.29606e-14;6.40087e-15;-9.990E+02;1.95787e-14;7.26096e-15;-9.990E+02
22:20:55.056;+00:20:33.150;4.49E+20;0.8;-999/-999;30763.2;6.10165e-15;2.32832e-15;2.91019e-15;2.13932e-15;-9.990E+02;1.89745e-15;2.03829e-15;-9.990E+02;1.41546e-14;6.72071e-15;-9.990E+02
22:21:01.948;+00:22:08.257;4.49E+20;0.8;-999/-999;30755.2;1.3676e-14;3.34696e-15;1.63115e-14;4.96787e-15;-9.990E+02;8.50432e-15;4.31914e-15;-9.990E+02;6.34794e-15;4.41816e-15;-9.990E+02
22:20:06.732;+00:29:41.746;4.38E+20;0.8;-999/-999;29790.1;6.47369e-15;2.46534e-15;3.07425e-15;2.3415e-15;-9.990E+02;1.21054e-14;5.26807e-15;-9.990E+02;3.01404e-15;-9.17175e-12;1.99315e-14
22:20:14.419;+00:18:58.622;4.45E+20;0.8;-999/-999;27593.8;1.03598e-14;3.05214e-15;3.94831e-15;2.65805e-15;-9.990E+02;1.29007e-14;5.42805e-15;-9.990E+02;1.15551e-14;6.15839e-15;-9.990E+02
22:20:03.559;+00:29:40.043;4.37E+20;0.8;-999/-999;28522.3;1.23146e-14;3.33454e-15;7.79289e-15;3.76019e-15;-9.990E+02;1.02346e-14;4.93836e-15;-9.990E+02;1.52914e-14;7.37831e-15;-9.990E+02
22:21:02.368;+00:19:43.646;4.51E+20;0.8;-999/-999;27871.3;8.86037e-15;2.9122e-15;3.75991e-15;2.69674e-15;-9.990E+02;7.34379e-15;4.17162e-15;-9.990E+02;1.4614e-14;7.20167e-15;-9.990E+02
22:20:00.077;+00:21:34.528;4.42E+20;0.8;-999/-999;30617.4;9.9128e-15;3.0492e-15;5.80188e-15;3.22419e-15;-9.990E+02;3.79827e-15;2.95433e-15;-9.990E+02;1.98574e-14;8.50799e-15;-9.990E+02
22:20:07.311;+00:17:54.031;4.45E+20;0.8;-999/-999;30348.5;7.51844e-15;2.76146e-15;6.13843e-15;3.3807e-15;-9.990E+02;5.34844e-15;3.68384e-15;-9.990E+02;7.9843e-15;5.49934e-15;-9.990E+02
22:20:15.676;+00:36:22.201;4.34E+20;0.8;-999/-999;20703.2;2.2175e-14;4.77972e-15;1.8028e-14;-9.05521e-12;3.47707e-14;2.76688e-14;8.40255e-15;-9.990E+02;4.13516e-14;1.25578e-14;-9.990E+02
22:19:58.777;+00:33:59.665;4.34E+20;0.8;-999/-999;19560.6;4.89994e-14;6.80748e-15;3.82587e-14;8.36309e-15;-9.990E+02;4.3115e-14;1.00469e-14;-9.990E+02;4.29936e-14;1.25146e-14;-9.990E+02
23:56:03.877;-00:23:53.813;3.22E+20;0.8;-999/-999;11529.7;1.24436e-13;1.28515e-14;1.21436e-13;1.68464e-14;-9.990E+02;1.26065e-13;2.05056e-14;-9.990E+02;3.04949e-14;1.24007e-14;-9.990E+02
23:55:44.485;-00:19:33.219;3.21E+20;0.8;-999/-999;4532.9;8.27646e-14;1.2009e-14;9.96862e-14;1.8153e-14;-9.990E+02;3.52194e-14;1.28226e-14;-9.990E+02;5.32528e-14;1.93882e-14;-9.990E+02
23:55:50.815;-00:24:44.123;3.21E+20;0.8;-999/-999;11952.1;1.49415e-14;5.02704e-15;9.00204e-15;5.2821e-15;-9.990E+02;1.90806e-14;9.25325e-15;-9.990E+02;9.61322e-15;8.12514e-15;-9.990E+02
23:56:26.787;-00:23:28.654;3.23E+20;0.8;-999/-999;11669.3;1.66279e-14;5.44947e-15;1.20243e-14;6.18275e-15;-9.990E+02;2.54513e-14;1.0846e-14;-9.990E+02;1.06917e-14;-2.10061e-11;8.47575e-14
23:55:35.310;-00:15:13.090;3.22E+20;0.740;+0.12/-0.10;3866.1;4.1432e-13;2.63898e-14;3.31702e-13;3.07261e-14;-9.990E+02;2.38329e-13;3.19146e-14;-9.990E+02;4.55336e-13;5.70745e-14;-9.990E+02
23:56:30.354;-00:24:53.339;3.23E+20;0.8;-999/-999;12291.3;1.73964e-14;5.72893e-15;2.62122e-14;9.5269e-15;-9.990E+02;7.39713e-15;5.89559e-15;-9.990E+02;1.97336e-14;-2.20844e-11;7.39741e-14
23:55:25.098;-00:17:14.921;3.22E+20;0.216;+0.11/-0.10;3564.5;5.41338e-13;3.68118e-14;2.64576e-13;2.68535e-14;-9.990E+02;8.95139e-14;2.03201e-14;-9.990E+02;7.40086e-13;7.51159e-14;-9.990E+02
23:55:33.615;-00:28:11.825;3.19E+20;0.8;-999/-999;10325.0;3.42316e-14;7.8148e-15;2.64841e-14;9.34883e-15;-9.990E+02;3.74671e-14;1.32258e-14;-9.990E+02;1.88915e-14;1.13219e-14;-9.990E+02
23:55:33.444;-00:12:04.657;3.24E+20;1.119;+0.17/-0.14;2681.2;1.96393e-13;1.67232e-14;1.01069e-13;1.91144e-14;-9.990E+02;3.91168e-13;4.31394e-14;-9.990E+02;1.84913e-13;3.49712e-14;-9.990E+02
23:56:16.275;-00:32:57.845;3.20E+20;0.8;-999/-999;9649.1;2.56566e-14;7.95663e-15;1.15902e-14;7.33087e-15;-9.990E+02;3.27732e-14;1.46324e-14;-9.990E+02;2.47793e-14;1.56731e-14;-9.990E+02
23:56:05.029;-00:34:47.852;3.19E+20;0.8;-999/-999;9688.7;1.17208e-13;1.6746e-14;5.03728e-14;1.44466e-14;-9.990E+02;1.5682e-13;3.0897e-14;-9.990E+02;1.07774e-13;3.09089e-14;-9.990E+02
21:23:29.824;-00:50:51.141;3.84E+20;0.8;-999/-999;3815.1;9.42673e-14;2.13855e-14;8.07803e-14;2.71562e-14;-9.990E+02;5.48231e-14;2.60931e-14;-9.990E+02;1.09827e-13;4.68667e-14;-9.990E+02
21:23:10.386;-00:46:23.495;3.85E+20;0.8;-999/-999;4055.8;1.31258e-13;2.42437e-14;2.43796e-13;4.50296e-14;-9.990E+02;7.63153e-14;-6.10091e-11;7.27942e-14;1.52843e-13;-9.16411e-11;1.09343e-13
21:23:49.236;-00:52:48.054;3.84E+20;0.8;-999/-999;3689.6;3.51578e-14;1.39719e-14;9.32468e-15;9.63435e-15;-9.990E+02;5.06197e-14;2.68259e-14;-9.990E+02;3.80374e-14;2.77023e-14;-9.990E+02
21:24:19.656;-00:46:46.867;3.83E+20;0.8;-999/-999;2606.1;1.20173e-13;2.70788e-14;3.71594e-14;2.01005e-14;-9.990E+02;1.51483e-13;4.77763e-14;-9.990E+02;1.5165e-13;5.81235e-14;-9.990E+02
01:58:04.809;-00:50:00.352;2.48E+20;0.606;+0.23/-0.18;83934.6;1.70559e-14;2.22124e-15;7.53773e-15;1.74681e-15;-9.990E+02;1.41697e-14;3.0716e-15;-9.990E+02;1.98455e-14;4.40017e-15;-9.990E+02
01:58:12.778;-00:54:28.457;2.47E+20;0.8;-999/-999;83601.2;4.11491e-15;1.19786e-15;1.20061e-15;8.43617e-16;-9.990E+02;1.78068e-15;1.25121e-15;-9.990E+02;1.08514e-14;3.86772e-15;-9.990E+02
01:58:05.570;-00:54:03.484;2.48E+20;1.040;+0.13/-0.11;81985.0;3.56283e-14;2.40658e-15;3.22649e-14;3.32864e-15;-9.990E+02;4.4129e-14;4.62403e-15;-9.990E+02;3.45486e-14;5.13675e-15;-9.990E+02
01:58:26.177;-00:51:36.633;2.46E+20;0.8;-999/-999;85772.4;5.22781e-15;1.29267e-15;2.40739e-15;1.11059e-15;-9.990E+02;4.28686e-15;1.83137e-15;-9.990E+02;8.71325e-15;3.20904e-15;-9.990E+02
01:58:13.924;-00:47:38.383;2.47E+20;0.8;-999/-999;83475.7;3.59629e-15;1.11618e-15;3.70572e-15;1.54377e-15;-9.990E+02;1.09888e-15;1.0144e-15;-9.990E+02;4.18438e-15;2.47293e-15;-9.990E+02
01:58:06.368;-00:55:06.410;2.52E+20;0.8;-999/-999;83928.6;3.75808e-15;1.15906e-15;3.51697e-15;1.48287e-15;-9.990E+02;3.24978e-15;1.75345e-15;-9.990E+02;1.97924e-15;1.66903e-15;-9.990E+02
01:58:25.227;-00:48:44.824;2.47E+20;0.934;+0.25/-0.19;88254.1;1.52976e-14;1.93488e-15;1.28739e-14;2.52933e-15;-9.990E+02;1.53422e-14;3.25571e-15;-9.990E+02;1.54904e-14;4.00518e-15;-9.990E+02
01:58:23.327;-00:48:18.987;2.47E+20;0.8;-999/-999;87759.1;3.01914e-15;1.03451e-15;2.40216e-15;1.21514e-15;-9.990E+02;7.12555e-16;8.16116e-16;-9.990E+02;5.42838e-15;2.74596e-15;-9.990E+02
01:58:27.461;-00:54:12.528;2.46E+20;0.8;-999/-999;85201.7;4.0508e-15;1.1702e-15;1.09035e-15;8.19133e-16;-9.990E+02;3.23582e-15;1.72217e-15;-9.990E+02;8.63248e-15;3.47345e-15;-9.990E+02
01:58:21.480;-00:56:09.427;2.46E+20;0.8;-999/-999;86477.9;5.49451e-15;1.31988e-15;2.66933e-15;1.23727e-15;-9.990E+02;3.96173e-15;1.83632e-15;-9.990E+02;9.66643e-15;3.50738e-15;-9.990E+02
01:58:35.372;-00:52:34.024;2.46E+20;0.8;-999/-999;85301.5;5.91224e-15;1.33349e-15;9.85341e-16;7.00073e-16;-9.990E+02;6.58049e-15;2.16464e-15;-9.990E+02;1.1142e-14;3.62801e-15;-9.990E+02
01:58:07.085;-00:57:50.918;2.51E+20;0.8;-999/-999;85635.0;8.03139e-15;1.49941e-15;5.51272e-15;1.64354e-15;-9.990E+02;5.43514e-15;2.01776e-15;-9.990E+02;1.10405e-14;3.51734e-15;-9.990E+02
01:58:09.962;-00:44:40.046;2.48E+20;0.8;-999/-999;81464.4;3.58263e-15;1.14383e-15;2.78807e-15;1.29315e-15;-9.990E+02;1.03325e-15;9.44879e-16;-9.990E+02;6.29542e-15;2.91991e-15;-9.990E+02
01:57:49.299;-00:56:06.753;2.54E+20;0.8;-999/-999;85946.0;4.59461e-15;1.25543e-15;4.0328e-15;1.51176e-15;-9.990E+02;4.46433e-15;1.92935e-15;-9.990E+02;2.26639e-15;1.69871e-15;-9.990E+02
01:58:27.645;-00:56:50.875;2.46E+20;0.8;-999/-999;85433.8;3.82629e-15;1.14299e-15;2.23261e-15;1.18012e-15;-9.990E+02;3.31357e-15;1.7515e-15;-9.990E+02;5.04916e-15;2.66891e-15;-9.990E+02
01:58:06.569;-00:58:42.496;2.51E+20;0.8;-999/-999;84479.8;8.4444e-15;1.63572e-15;8.14477e-15;2.15154e-15;-9.990E+02;6.57026e-15;2.25433e-15;-9.990E+02;5.0043e-15;2.42352e-15;-9.990E+02
01:58:40.793;-00:52:54.273;2.45E+20;0.8;-999/-999;68454.9;8.21561e-15;1.63224e-15;1.91613e-15;1.02457e-15;-9.990E+02;9.95797e-15;2.74392e-15;-9.990E+02;1.30104e-14;4.18153e-15;-9.990E+02
01:58:15.925;-00:58:53.575;2.49E+20;0.8;-999/-999;83689.3;3.73515e-15;1.15787e-15;5.95054e-16;5.91713e-16;-9.990E+02;3.52621e-15;1.75285e-15;-9.990E+02;8.05656e-15;3.28079e-15;-9.990E+02
01:58:04.918;-00:58:58.088;2.51E+20;0.8;-999/-999;85435.3;6.66829e-15;1.49941e-15;4.17638e-15;1.55748e-15;-9.990E+02;8.64955e-15;2.72287e-15;-9.990E+02;3.76346e-15;2.23287e-15;-9.990E+02
01:58:03.667;-00:59:00.302;2.51E+20;0.8;-999/-999;86463.0;4.167e-15;1.26768e-15;2.43602e-15;1.25985e-15;-9.990E+02;5.40685e-15;2.27448e-15;-9.990E+02;2.7445e-15;2.00344e-15;-9.990E+02
01:58:07.565;-00:59:03.280;2.51E+20;0.8;-999/-999;84798.9;4.59365e-15;1.30858e-15;1.46472e-15;1.02222e-15;-9.990E+02;4.33538e-15;2.1295e-15;-9.990E+02;8.25074e-15;3.61912e-15;-9.990E+02
01:58:01.697;-00:43:28.803;2.48E+20;0.8;-999/-999;78402.9;6.39046e-15;1.49787e-15;3.73014e-15;1.5741e-15;-9.990E+02;1.84345e-15;1.34326e-15;-9.990E+02;1.40449e-14;4.57751e-15;-9.990E+02
01:58:39.585;-00:47:20.487;2.46E+20;0.363;+0.23/-0.17;63627.7;2.31831e-14;2.97696e-15;5.39735e-15;1.53412e-15;-9.990E+02;1.82077e-14;3.6178e-15;-9.990E+02;2.97714e-14;5.91546e-15;-9.990E+02
01:58:37.152;-00:46:23.141;2.46E+20;0.254;+0.25/-0.19;64955.2;2.11608e-14;2.9637e-15;4.90673e-15;1.43703e-15;-9.990E+02;1.37013e-14;3.26036e-15;-9.990E+02;2.84118e-14;5.82455e-15;-9.990E+02
01:57:58.985;-00:43:27.072;2.48E+20;1.188;+0.18/-0.15;75962.4;2.24562e-14;1.97562e-15;2.54436e-14;3.4828e-15;-9.990E+02;3.28199e-14;4.65834e-15;-9.990E+02;2.05417e-14;4.23907e-15;-9.990E+02
01:57:59.277;-00:43:03.087;2.48E+20;0.8;-999/-999;73025.5;1.11401e-14;1.90638e-15;9.75704e-15;2.50425e-15;-9.990E+02;7.23241e-15;2.53629e-15;-9.990E+02;1.10183e-14;3.86395e-15;-9.990E+02
01:57:48.564;-00:58:12.169;2.54E+20;0.8;-999/-999;85472.4;5.81729e-15;1.3646e-15;1.91552e-15;1.04402e-15;-9.990E+02;5.65646e-15;2.1982e-15;-9.990E+02;1.00447e-14;3.61609e-15;-9.990E+02
01:57:57.864;-00:43:03.461;2.48E+20;0.8;-999/-999;72932.9;8.70399e-15;1.77021e-15;7.62008e-15;2.18848e-15;-9.990E+02;9.88712e-15;2.97356e-15;-9.990E+02;2.15143e-15;1.68829e-15;-9.990E+02
01:58:00.879;-01:00:01.303;2.51E+20;0.8;-999/-999;85056.5;9.83204e-15;1.77203e-15;6.63152e-16;6.04344e-16;-9.990E+02;1.56972e-14;3.5751e-15;-9.990E+02;1.34478e-14;3.88948e-15;-9.990E+02
01:57:33.809;-00:48:22.628;2.58E+20;1.267;+0.17/-0.14;81730.2;2.29581e-14;1.91028e-15;3.50759e-14;4.09088e-15;-9.990E+02;2.93143e-14;4.26186e-15;-9.990E+02;2.02563e-14;4.04985e-15;-9.990E+02
01:57:33.375;-00:47:54.285;2.58E+20;0.8;-999/-999;81027.2;5.94974e-15;1.50315e-15;1.74444e-15;1.08051e-15;-9.990E+02;1.28438e-14;3.5162e-15;-9.990E+02;3.83336e-15;-5.91943e-12;2.58699e-14
01:58:32.319;-00:42:37.922;2.46E+20;0.508;+0.09/-0.08;35045.2;1.19031e-13;6.28445e-15;4.18339e-14;4.33119e-15;-9.990E+02;9.56661e-14;8.20718e-15;-9.990E+02;1.44237e-13;1.26526e-14;-9.990E+02
01:58:51.341;-00:53:10.573;2.45E+20;0.8;-999/-999;41408.5;1.99813e-14;2.58438e-15;1.49759e-14;2.90525e-15;-9.990E+02;2.22411e-14;4.31465e-15;-9.990E+02;1.13033e-14;4.01944e-15;-9.990E+02
01:58:22.581;-00:41:20.586;2.47E+20;0.389;+0.14/-0.12;37665.1;5.56194e-14;4.76476e-15;1.65361e-14;2.74911e-15;-9.990E+02;3.9527e-14;5.45866e-15;-9.990E+02;7.0806e-14;9.3616e-15;-9.990E+02
01:58:51.324;-00:49:10.993;2.45E+20;1.172;+0.24/-0.18;32525.9;1.93375e-14;2.1019e-15;1.86805e-14;3.31567e-15;-9.990E+02;3.14243e-14;4.93386e-15;-9.990E+02;1.7771e-14;4.64926e-15;-9.990E+02
01:58:01.448;-00:41:10.300;2.48E+20;0.901;+0.16/-0.14;55214.9;3.34739e-14;2.99208e-15;2.95622e-14;3.95297e-15;-9.990E+02;2.84048e-14;4.61205e-15;-9.990E+02;3.44942e-14;6.08167e-15;-9.990E+02
01:57:48.260;-00:42:42.244;2.49E+20;0.8;-999/-999;64420.5;1.13676e-14;2.0433e-15;6.64036e-15;2.14821e-15;-9.990E+02;9.83548e-15;3.18186e-15;-9.990E+02;1.49822e-14;4.84686e-15;-9.990E+02
01:57:43.522;-00:59:56.770;2.54E+20;0.8;-999/-999;86526.1;4.01465e-15;1.28272e-15;3.91539e-15;1.67902e-15;-9.990E+02;1.15606e-15;1.11856e-15;-9.990E+02;5.28249e-15;2.94555e-15;-9.990E+02
01:57:39.885;-00:59:12.987;2.55E+20;0.8;-999/-999;86517.5;3.74856e-15;1.25589e-15;5.06479e-16;6.27823e-16;-9.990E+02;7.47204e-16;9.26222e-16;-9.990E+02;1.25114e-14;4.57371e-15;-9.990E+02
01:57:25.366;-00:51:11.064;2.58E+20;-0.190;+0.17/-0.14;75101.8;5.16692e-14;4.93206e-15;2.99831e-15;1.07875e-15;-9.990E+02;2.88695e-14;4.8751e-15;-9.990E+02;8.34233e-14;1.05669e-14;-9.990E+02
01:58:10.876;-01:03:22.989;2.49E+20;0.558;+0.13/-0.11;50822.7;6.29242e-14;4.76325e-15;3.12992e-14;3.94928e-15;-9.990E+02;4.14054e-14;5.67207e-15;-9.990E+02;7.45004e-14;9.48135e-15;-9.990E+02
01:57:55.397;-01:03:21.499;2.51E+20;0.8;-999/-999;66614.9;1.27e-14;2.18096e-15;8.10174e-15;2.3906e-15;-9.990E+02;1.34835e-14;3.77313e-15;-9.990E+02;1.14067e-14;4.30848e-15;-9.990E+02
01:57:16.807;-00:53:02.904;2.59E+20;-0.681;+0.17/-0.14;50971.4;8.41606e-14;7.25522e-15;3.77797e-15;1.24043e-15;-9.990E+02;2.70519e-14;5.09529e-15;-9.990E+02;1.65954e-13;1.70199e-14;-9.990E+02
01:57:26.276;-01:00:45.738;2.56E+20;0.528;+0.17/-0.14;37547.0;5.31479e-14;5.0409e-15;1.79242e-14;3.302e-15;-9.990E+02;4.5726e-14;6.81732e-15;-9.990E+02;6.37909e-14;1.03725e-14;-9.990E+02
01:57:22.722;-00:42:49.534;2.51E+20;1.448;+0.13/-0.10;22359.6;6.83009e-14;3.72998e-15;1.23115e-13;9.66462e-15;-9.990E+02;1.26257e-13;1.10134e-14;-9.990E+02;5.57762e-14;8.39286e-15;-9.990E+02
01:57:27.365;-00:40:38.694;2.51E+20;0.640;+0.05/-0.04;11511.8;5.13018e-13;1.53301e-14;3.22775e-13;1.46996e-14;-9.990E+02;3.12296e-13;1.80292e-14;-9.990E+02;5.86911e-13;3.05519e-14;-9.990E+02
03:48:56.026;-01:04:38.446;9.63E+20;0.8;-999/-999;14902.0;5.29876e-14;8.67828e-15;2.07658e-14;8.27964e-15;-9.990E+02;4.06981e-14;1.1594e-14;-9.990E+02;8.64328e-14;2.01132e-14;-9.990E+02
03:48:49.431;-01:04:38.380;9.62E+20;0.8;-999/-999;14937.8;1.33271e-14;4.83894e-15;7.83144e-15;5.54122e-15;-9.990E+02;1.92084e-14;8.86572e-15;-9.990E+02;5.44075e-15;5.66949e-15;-9.990E+02
03:48:48.215;-01:05:11.027;9.61E+20;0.8;-999/-999;15230.1;1.95013e-14;5.67188e-15;7.04654e-15;5.16537e-15;-9.990E+02;2.76551e-14;1.01414e-14;-9.990E+02;1.46884e-14;8.69214e-15;-9.990E+02
03:48:35.076;-00:57:38.775;9.55E+20;0.8;-999/-999;14046.2;1.63515e-14;5.33056e-15;9.58164e-15;6.14178e-15;-9.990E+02;9.43097e-15;6.0452e-15;-9.990E+02;2.6727e-14;1.24051e-14;-9.990E+02
03:49:00.460;-00:54:48.136;9.74E+20;0.8;-999/-999;13621.5;5.0631e-14;8.86796e-15;3.8056e-14;1.17266e-14;-9.990E+02;3.70996e-14;1.14318e-14;-9.990E+02;5.99748e-14;1.73224e-14;-9.990E+02
03:49:06.070;-01:07:38.245;9.60E+20;0.8;-999/-999;15183.8;3.73921e-14;7.67188e-15;2.50904e-14;9.50975e-15;-9.990E+02;2.46336e-14;9.33663e-15;-9.990E+02;5.23098e-14;1.63546e-14;-9.990E+02
03:48:58.320;-01:08:42.230;9.57E+20;0.8;-999/-999;14644.0;1.32395e-14;4.83314e-15;4.43717e-15;4.35898e-15;-9.990E+02;4.36294e-15;4.28606e-15;-9.990E+02;3.08886e-14;1.3364e-14;-9.990E+02
03:48:57.874;-01:09:40.826;9.56E+20;0.8;-999/-999;13896.8;4.51207e-14;8.66424e-15;3.89791e-14;1.23185e-14;-9.990E+02;2.19124e-14;9.14392e-15;-9.990E+02;6.2081e-14;1.83738e-14;-9.990E+02
03:49:24.456;-01:05:59.175;9.69E+20;0.8;-999/-999;12392.2;4.5075e-14;8.69076e-15;3.9131e-14;-2.04615e-11;5.39996e-14;7.98366e-14;1.77149e-14;-9.990E+02;3.389e-14;1.36715e-14;-9.990E+02
03:48:24.597;-00:57:06.815;9.48E+20;0.8;-999/-999;10587.7;2.99192e-14;7.48395e-15;1.74855e-14;8.63392e-15;-9.990E+02;1.72723e-14;8.52864e-15;-9.990E+02;4.89887e-14;1.71844e-14;-9.990E+02
03:49:17.855;-01:08:41.243;9.61E+20;0.8;-999/-999;11887.0;5.08467e-14;9.1751e-15;4.34628e-14;1.2933e-14;-9.990E+02;6.39172e-14;1.56755e-14;-9.990E+02;1.50914e-14;9.16051e-15;-9.990E+02
03:48:32.376;-00:54:05.005;9.56E+20;0.8;-999/-999;11062.3;3.8106e-14;8.331e-15;3.96941e-14;1.28654e-14;-9.990E+02;1.95293e-14;8.90562e-15;-9.990E+02;4.15017e-14;1.56074e-14;-9.990E+02
03:48:31.337;-01:09:38.275;9.33E+20;0.8;-999/-999;11956.8;2.5539e-14;6.96066e-15;9.88937e-15;6.67378e-15;-9.990E+02;2.9531e-14;1.12428e-14;-9.990E+02;2.79594e-14;1.30651e-14;-9.990E+02
03:48:26.861;-00:52:50.657;9.53E+20;0.675;+0.21/-0.17;6839.1;1.59534e-13;1.78745e-14;6.04039e-14;1.53209e-14;-9.990E+02;1.5572e-13;2.48393e-14;-9.990E+02;1.80648e-13;3.27449e-14;-9.990E+02
03:49:24.510;-01:10:33.211;9.61E+20;0.8;-999/-999;10022.3;5.64018e-14;1.05097e-14;3.97397e-14;1.38266e-14;-9.990E+02;5.19952e-14;1.57486e-14;-9.990E+02;5.52245e-14;1.92142e-14;-9.990E+02
03:48:30.896;-01:13:03.785;9.33E+20;0.778;+0.16/-0.14;3114.7;3.39804e-13;2.85974e-14;1.28883e-13;2.65037e-14;-9.990E+02;3.87769e-13;4.5918e-14;-9.990E+02;3.68823e-13;5.51373e-14;-9.990E+02
22:21:32.077;+00:23:06.838;4.53E+20;0.8;-999/-999;6739.9;2.67214e-14;9.0334e-15;7.29948e-15;6.55589e-15;-9.990E+02;2.84806e-14;1.47818e-14;-9.990E+02;4.24822e-14;2.20488e-14;-9.990E+02
22:21:36.163;+00:27:11.605;4.51E+20;0.8;-999/-999;7101.9;1.87109e-14;7.71733e-15;2.97845e-14;1.35268e-14;-9.990E+02;1.99528e-14;-1.91743e-11;5.12762e-14;1.15778e-14;1.17669e-14;-9.990E+02
22:22:01.293;+00:28:07.670;4.51E+20;0.8;-999/-999;6928.9;3.47425e-14;1.10664e-14;1.10628e-14;8.83802e-15;-9.990E+02;4.32371e-14;2.00144e-14;-9.990E+02;4.29777e-14;2.42631e-14;-9.990E+02
22:21:51.460;+00:35:38.926;4.45E+20;0.8;-999/-999;6898.7;2.90825e-14;1.14819e-14;2.77157e-14;1.51121e-14;-9.990E+02;3.62232e-14;1.97509e-14;-9.990E+02;3.60266e-14;-4.26334e-11;1.78377e-13
22:22:11.636;+00:39:02.904;4.42E+20;0.8;-999/-999;7077.3;6.40042e-14;2.6136e-14;6.09197e-14;-4.96751e-11;2.01519e-13;3.98637e-14;3.18006e-14;-9.990E+02;1.78587e-13;8.36754e-14;-9.990E+02
03:06:39.652;+00:03:43.013;6.31E+20;0.836;+0.10/-0.09;7725.2;7.22555e-13;3.8831e-14;4.83422e-13;4.47731e-14;-9.990E+02;6.99765e-13;5.9611e-14;-9.990E+02;7.63568e-13;7.53909e-14;-9.990E+02
03:06:07.485;+00:09:24.729;6.34E+20;0.8;-999/-999;7755.4;1.73557e-14;7.37232e-15;8.94056e-15;7.69679e-15;-9.990E+02;1.04539e-14;8.99962e-15;-9.990E+02;3.06128e-14;1.83785e-14;-9.990E+02
03:06:37.389;+00:10:43.884;6.32E+20;0.8;-999/-999;7932.2;4.7803e-14;1.18203e-14;4.92074e-14;1.62223e-14;-9.990E+02;2.16057e-14;1.21532e-14;-9.990E+02;5.27235e-14;2.28048e-14;-9.990E+02
03:05:59.115;+00:12:06.597;6.34E+20;0.8;-999/-999;7567.3;4.60924e-14;1.198e-14;4.7472e-14;-2.46601e-11;5.71563e-14;6.05772e-14;2.13149e-14;-9.990E+02;7.39042e-14;2.86081e-14;-9.990E+02
03:06:15.885;+00:16:07.547;6.32E+20;0.8;-999/-999;7593.9;2.23971e-14;9.36411e-15;1.97493e-14;1.29703e-14;-9.990E+02;2.31188e-14;1.51832e-14;-9.990E+02;1.12859e-14;1.29222e-14;-9.990E+02
02:55:42.612;-00:10:46.202;5.89E+20;0.8;-999/-999;17684.7;3.50964e-14;5.91513e-15;1.41987e-14;5.41809e-15;-9.990E+02;3.40732e-14;8.93698e-15;-9.990E+02;5.01211e-14;1.31462e-14;-9.990E+02
02:55:41.938;-00:11:32.348;5.89E+20;0.8;-999/-999;18713.7;1.43647e-14;3.94342e-15;8.71312e-15;4.32895e-15;-9.990E+02;6.97144e-15;4.37647e-15;-9.990E+02;2.56318e-14;1.00545e-14;-9.990E+02
02:55:12.212;-00:11:01.194;5.81E+20;-1.723;+0.13/-0.13;18058.3;1.33629e-12;3.63726e-14;5.47578e-14;5.73695e-15;-9.990E+02;1.32465e-13;1.59383e-14;-9.990E+02;3.90965e-12;1.13967e-13;-9.990E+02
02:55:10.626;-00:07:13.077;5.83E+20;0.8;-999/-999;18393.7;1.8366e-14;4.39089e-15;2.22327e-14;6.82837e-15;-9.990E+02;1.78429e-14;6.6649e-15;-9.990E+02;5.80911e-14;-1.56841e-11;4.35007e-14
02:55:51.504;-00:07:39.660;5.92E+20;0.8;-999/-999;18458.0;3.81473e-14;6.072e-15;2.20803e-14;6.49006e-15;-9.990E+02;3.96573e-14;9.61422e-15;-9.990E+02;3.88877e-14;1.14302e-14;-9.990E+02
02:55:23.622;-00:18:11.590;5.83E+20;0.8;-999/-999;18185.3;1.8896e-14;4.5423e-15;1.08948e-14;-9.15643e-12;2.52665e-14;1.83616e-14;6.87088e-15;-9.990E+02;4.05393e-14;1.25657e-14;-9.990E+02
02:55:28.846;-00:02:21.121;5.93E+20;0.597;+0.27/-0.21;16670.5;4.17001e-14;7.17459e-15;1.9892e-14;-1.19644e-11;3.54902e-14;4.79829e-14;1.12608e-14;-9.990E+02;6.26868e-14;1.60649e-14;-9.990E+02
02:55:43.877;-00:17:24.811;5.88E+20;0.8;-999/-999;18290.1;1.19712e-14;3.79075e-15;3.45527e-15;2.8519e-15;-9.990E+02;8.2993e-15;4.92069e-15;-9.990E+02;2.44185e-14;1.00706e-14;-9.990E+02
02:55:26.551;-00:18:43.307;5.83E+20;0.8;-999/-999;18181.3;1.90171e-14;4.69371e-15;1.27891e-14;5.5238e-15;-9.990E+02;2.0528e-14;7.60284e-15;-9.990E+02;1.51048e-14;8.03964e-15;-9.990E+02
02:55:16.981;-00:18:26.213;5.81E+20;0.8;-999/-999;17640.5;4.59135e-14;6.96118e-15;5.65961e-14;1.09165e-14;-9.990E+02;2.48004e-14;7.98731e-15;-9.990E+02;2.73825e-14;1.00316e-14;-9.990E+02
02:56:03.862;-00:10:35.514;5.95E+20;0.194;+0.25/-0.19;14800.6;3.69427e-14;8.0216e-15;2.71816e-14;-9.64139e-12;3.26336e-14;1.45417e-14;6.75438e-15;-9.990E+02;8.22027e-14;2.03027e-14;-9.990E+02
02:55:23.200;-00:00:33.190;5.93E+20;-0.375;+0.23/-0.18;10528.5;8.04561e-14;1.2879e-14;1.37909e-14;4.92378e-15;-9.990E+02;2.79105e-14;-2.00825e-11;1.65547e-13;1.71215e-13;3.1105e-14;-9.990E+02
02:55:07.888;-00:19:01.460;5.78E+20;0.8;-999/-999;17599.9;1.46951e-14;4.2336e-15;8.45181e-15;4.53341e-15;-9.990E+02;2.04171e-14;7.66467e-15;-9.990E+02;7.51935e-15;5.80327e-15;-9.990E+02
02:54:47.953;-00:04:20.163;5.80E+20;0.904;+0.17/-0.15;7416.8;8.72072e-14;1.05959e-14;1.11709e-13;1.82129e-14;-9.990E+02;1.30301e-13;-2.76789e-11;2.15139e-13;1.41077e-13;2.66631e-14;-9.990E+02
03:52:50.411;-00:43:30.765;1.13E+21;0.872;+0.04/-0.04;76880.5;3.80909e-13;8.09039e-15;2.59096e-13;1.08827e-14;-9.990E+02;3.82981e-13;1.23889e-14;-9.990E+02;3.9704e-13;1.50664e-14;-9.990E+02
03:52:55.733;-00:44:28.750;1.14E+21;1.267;+0.23/-0.18;83300.1;1.59637e-14;1.70604e-15;3.33917e-14;4.85242e-15;-9.990E+02;1.30781e-14;2.64432e-15;-9.990E+02;1.412e-14;3.09335e-15;-9.990E+02
03:52:56.665;-00:43:43.164;1.14E+21;1.100;+0.12/-0.11;83167.6;4.81745e-14;2.93832e-15;5.94761e-14;5.89984e-15;-9.990E+02;4.9304e-14;4.73487e-15;-9.990E+02;4.57824e-14;5.45196e-15;-9.990E+02
03:52:57.283;-00:42:36.145;1.14E+21;0.8;-999/-999;83837.6;1.13868e-14;1.90938e-15;1.12224e-14;3.00561e-15;-9.990E+02;6.72302e-15;2.19598e-15;-9.990E+02;1.24631e-14;3.55434e-15;-9.990E+02
03:52:57.851;-00:44:12.504;1.14E+21;0.884;+0.15/-0.13;83797.1;3.63712e-14;2.95434e-15;3.17321e-14;4.44025e-15;-9.990E+02;3.12877e-14;4.21384e-15;-9.990E+02;3.77755e-14;5.28591e-15;-9.990E+02
03:52:59.238;-00:43:38.216;1.14E+21;1.139;+0.04/-0.03;83594.6;3.45992e-13;6.91713e-15;3.80113e-13;1.36348e-14;-9.990E+02;4.25648e-13;1.28764e-14;-9.990E+02;3.22444e-13;1.26381e-14;-9.990E+02
03:53:00.115;-00:44:16.640;1.14E+21;0.840;+0.14/-0.12;84254.5;4.25574e-14;3.21252e-15;2.45317e-14;3.82203e-15;-9.990E+02;4.42798e-14;4.73336e-15;-9.990E+02;4.49309e-14;5.59813e-15;-9.990E+02
03:53:02.399;-00:44:31.530;1.15E+21;0.8;-999/-999;80894.6;1.05118e-14;1.91345e-15;6.25381e-15;2.28691e-15;-9.990E+02;1.25811e-14;3.02733e-15;-9.990E+02;7.76739e-15;2.8404e-15;-9.990E+02
03:53:03.933;-00:44:12.850;1.15E+21;0.8;-999/-999;77222.2;9.04192e-15;1.91345e-15;2.53979e-15;1.6712e-15;-9.990E+02;9.082e-15;3.02733e-15;-9.990E+02;1.26179e-14;4.20597e-15;-9.990E+02
03:52:39.055;-00:46:54.859;1.12E+21;1.010;+0.25/-0.20;84304.9;1.5844e-14;1.93947e-15;1.62727e-14;3.43708e-15;-9.990E+02;1.55878e-14;3.09984e-15;-9.990E+02;1.56206e-14;3.55673e-15;-9.990E+02
03:53:01.707;-00:43:52.658;1.15E+21;1.024;+0.12/-0.10;84803.9;5.78043e-14;3.42125e-15;5.31484e-14;5.86044e-15;-9.990E+02;6.3899e-14;5.92244e-15;-9.990E+02;5.66015e-14;6.39397e-15;-9.990E+02
03:53:02.908;-00:43:08.598;1.15E+21;0.8;-999/-999;81275.3;1.16181e-14;1.91345e-15;1.20942e-14;2.99057e-15;-9.990E+02;1.08119e-14;2.67349e-15;-9.990E+02;6.44005e-15;2.45804e-15;-9.990E+02
03:52:32.140;-00:44:47.828;1.11E+21;0.519;+0.25/-0.19;77177.9;2.26626e-14;2.84298e-15;1.13144e-14;2.86002e-15;-9.990E+02;1.43687e-14;3.24004e-15;-9.990E+02;2.73689e-14;5.45682e-15;-9.990E+02
03:52:50.017;-00:39:18.261;1.12E+21;0.491;+0.28/-0.21;73661.9;1.77851e-14;2.4756e-15;6.02895e-15;2.03575e-15;-9.990E+02;1.35548e-14;3.07354e-15;-9.990E+02;2.17362e-14;4.70736e-15;-9.990E+02
03:53:08.399;-00:42:43.092;1.15E+21;0.8;-999/-999;83398.7;1.16964e-14;1.91345e-15;1.05638e-14;2.95627e-15;-9.990E+02;1.03834e-14;2.64282e-15;-9.990E+02;9.18213e-15;3.07091e-15;-9.990E+02
03:52:27.669;-00:42:09.640;1.10E+21;0.325;+0.28/-0.21;73783.1;2.00236e-14;2.88301e-15;7.87093e-15;2.30014e-15;-9.990E+02;1.04049e-14;2.76697e-15;-9.990E+02;2.61805e-14;5.27812e-15;-9.990E+02
03:52:29.513;-00:46:23.248;1.11E+21;0.8;-999/-999;83304.6;7.41793e-15;1.63846e-15;3.51842e-15;1.75921e-15;-9.990E+02;8.81666e-15;2.55578e-15;-9.990E+02;6.70899e-15;2.75511e-15;-9.990E+02
03:53:10.036;-00:46:13.558;1.16E+21;0.560;+0.22/-0.17;85421.7;2.33417e-14;2.60689e-15;9.78507e-15;2.4098e-15;-9.990E+02;1.79178e-14;3.22097e-15;-9.990E+02;2.76797e-14;5.02409e-15;-9.990E+02
03:52:24.529;-00:42:22.064;1.10E+21;0.8;-999/-999;68817.6;1.18364e-14;2.06508e-15;7.33686e-15;2.50068e-15;-9.990E+02;1.51228e-14;3.31106e-15;-9.990E+02;7.03536e-15;2.77376e-15;-9.990E+02
03:52:24.651;-00:44:52.922;1.10E+21;0.8;-999/-999;70098.8;1.26486e-14;2.06508e-15;1.6731e-14;3.84129e-15;-9.990E+02;5.74579e-15;2.08138e-15;-9.990E+02;1.06977e-14;3.35667e-15;-9.990E+02
03:52:45.551;-00:37:26.242;1.11E+21;1.007;+0.23/-0.18;84071.5;1.85841e-14;2.0881e-15;2.3212e-14;4.00549e-15;-9.990E+02;1.46801e-14;2.94641e-15;-9.990E+02;1.83475e-14;3.7999e-15;-9.990E+02
03:53:04.149;-00:49:04.972;1.16E+21;0.589;+0.16/-0.14;83482.6;3.82677e-14;3.35682e-15;1.56119e-14;3.07191e-15;-9.990E+02;3.11562e-14;4.29052e-15;-9.990E+02;4.49059e-14;6.18398e-15;-9.990E+02
03:52:25.449;-00:39:29.101;1.09E+21;0.520;+0.19/-0.16;72203.1;3.33746e-14;3.23632e-15;8.93915e-15;2.36979e-15;-9.990E+02;2.90048e-14;4.37899e-15;-9.990E+02;4.03398e-14;6.42818e-15;-9.990E+02
03:52:20.384;-00:45:40.224;1.10E+21;0.8;-999/-999;65832.6;1.36571e-14;2.06508e-15;4.61808e-15;1.90229e-15;-9.990E+02;9.86947e-15;2.6802e-15;-9.990E+02;2.36277e-14;4.99025e-15;-9.990E+02
03:52:58.861;-00:50:33.663;1.15E+21;0.522;+0.28/-0.21;83798.7;1.42742e-14;2.24565e-15;3.83681e-15;-4.42183e-12;8.06712e-15;1.46197e-14;3.1119e-15;-9.990E+02;1.955e-14;4.53965e-15;-9.990E+02
03:53:07.956;-00:38:07.100;1.14E+21;0.881;+0.28/-0.21;85029.5;1.46468e-14;1.97352e-15;1.11756e-14;2.87859e-15;-9.990E+02;1.39053e-14;3.03045e-15;-9.990E+02;1.52242e-14;3.65883e-15;-9.990E+02
03:53:19.235;-00:43:32.479;1.16E+21;0.8;-999/-999;85198.0;8.67939e-15;1.70834e-15;8.38809e-15;2.65534e-15;-9.990E+02;2.79864e-15;1.44655e-15;-9.990E+02;1.29532e-14;3.68056e-15;-9.990E+02
03:52:17.357;-00:43:27.966;1.09E+21;0.342;+0.24/-0.18;64606.4;2.48684e-14;3.07832e-15;1.46171e-14;2.96773e-15;-9.990E+02;8.0327e-15;2.3426e-15;-9.990E+02;3.23032e-14;5.81311e-15;-9.990E+02
03:52:36.770;-00:51:07.010;1.13E+21;0.8;-999/-999;84122.4;1.94861e-14;2.42494e-15;2.32234e-14;4.14797e-15;-9.990E+02;1.54425e-14;3.245e-15;-9.990E+02;1.07519e-14;3.23158e-15;-9.990E+02
03:52:22.377;-00:48:15.365;1.10E+21;0.8;-999/-999;71931.0;1.15817e-14;1.89299e-15;1.02605e-14;2.87969e-15;-9.990E+02;1.12727e-14;2.86625e-15;-9.990E+02;7.87044e-15;2.84198e-15;-9.990E+02
03:53:21.315;-00:43:28.213;1.17E+21;0.577;+0.19/-0.15;85727.5;3.03413e-14;2.98635e-15;1.97347e-14;3.51055e-15;-9.990E+02;1.71551e-14;3.21369e-15;-9.990E+02;3.57524e-14;5.60512e-15;-9.990E+02
03:52:15.457;-00:43:23.125;1.09E+21;1.278;+0.09/-0.08;63477.8;7.40441e-14;3.44723e-15;1.38856e-13;9.24249e-15;-9.990E+02;7.46804e-14;6.11772e-15;-9.990E+02;6.52883e-14;6.43881e-15;-9.990E+02
03:53:11.060;-00:37:15.409;1.15E+21;0.8;-999/-999;84404.2;7.40853e-15;1.65252e-15;2.95583e-15;1.69891e-15;-9.990E+02;5.288e-15;2.14154e-15;-9.990E+02;1.2241e-14;3.80558e-15;-9.990E+02
03:52:58.429;-00:52:00.847;1.15E+21;0.565;+0.07/-0.06;84141.9;1.48128e-13;5.9898e-15;7.51702e-14;6.12135e-15;-9.990E+02;1.01876e-13;7.11812e-15;-9.990E+02;1.753e-13;1.08549e-14;-9.990E+02
03:53:04.900;-00:35:54.830;1.14E+21;0.8;-999/-999;82740.8;1.41277e-14;2.08296e-15;2.24055e-14;4.14184e-15;-9.990E+02;1.0654e-14;2.72809e-15;-9.990E+02;1.6461e-15;1.24195e-15;-9.990E+02
03:52:50.390;-00:34:44.621;1.12E+21;0.8;-999/-999;77401.7;9.23138e-15;1.90124e-15;3.07613e-15;1.74218e-15;-9.990E+02;8.36863e-15;2.7296e-15;-9.990E+02;1.36113e-14;4.00367e-15;-9.990E+02
03:53:16.260;-00:37:46.406;1.15E+21;0.8;-999/-999;78713.0;9.71859e-15;1.91345e-15;6.13947e-15;2.48349e-15;-9.990E+02;6.86457e-15;2.47966e-15;-9.990E+02;1.33499e-14;4.0055e-15;-9.990E+02
03:52:17.047;-00:39:19.518;1.08E+21;3.320;+0.09/-0.09;62611.3;1.07087e-14;3.48103e-16;7.74431e-13;2.57917e-14;-9.990E+02;3.4488e-15;1.12021e-15;-9.990E+02;3.11124e-15;8.78595e-16;-9.990E+02
03:53:20.814;-00:39:26.147;1.16E+21;0.118;+0.26/-0.20;84837.4;2.42114e-14;3.12871e-15;7.36853e-15;2.12474e-15;-9.990E+02;1.03139e-14;2.73052e-15;-9.990E+02;3.44686e-14;6.29066e-15;-9.990E+02
03:53:24.414;-00:45:05.029;1.17E+21;0.8;-999/-999;83993.5;6.3304e-15;1.57212e-15;5.3762e-15;2.21857e-15;-9.990E+02;3.57076e-15;1.71898e-15;-9.990E+02;8.25064e-15;3.06421e-15;-9.990E+02
03:52:41.748;-00:34:21.095;1.10E+21;0.844;+0.21/-0.16;72090.9;2.71937e-14;2.84138e-15;2.75478e-14;4.55022e-15;-9.990E+02;1.79198e-14;3.46903e-15;-9.990E+02;2.86276e-14;5.24002e-15;-9.990E+02
03:53:13.760;-00:36:32.545;1.15E+21;0.8;-999/-999;84575.4;7.51638e-15;1.70471e-15;4.07246e-15;2.05558e-15;-9.990E+02;9.70712e-15;2.96364e-15;-9.990E+02;5.05809e-15;2.55308e-15;-9.990E+02
03:53:18.004;-00:49:35.785;1.17E+21;0.8;-999/-999;85610.3;6.28324e-15;1.57212e-15;2.46291e-15;1.54076e-15;-9.990E+02;3.27047e-15;1.69139e-15;-9.990E+02;1.20918e-14;3.78273e-15;-9.990E+02
03:52:32.280;-00:34:53.989;1.09E+21;0.8;-999/-999;74613.5;1.3954e-14;2.23236e-15;4.92554e-15;2.1327e-15;-9.990E+02;9.06555e-15;2.74075e-15;-9.990E+02;2.53432e-14;5.67549e-15;-9.990E+02
03:53:27.602;-00:43:18.418;1.17E+21;0.8;-999/-999;77925.5;9.02572e-15;1.7468e-15;5.305e-15;2.13001e-15;-9.990E+02;6.26193e-15;2.19542e-15;-9.990E+02;1.30316e-14;3.70787e-15;-9.990E+02
03:52:17.714;-00:50:07.227;1.08E+21;0.8;-999/-999;64596.9;1.28735e-14;2.0562e-15;4.52473e-15;1.91152e-15;-9.990E+02;1.25567e-14;3.11968e-15;-9.990E+02;1.75693e-14;4.36504e-15;-9.990E+02
03:53:29.477;-00:43:28.209;1.18E+21;0.8;-999/-999;61740.7;1.36224e-14;2.27565e-15;2.48871e-15;1.58437e-15;-9.990E+02;1.97383e-14;4.27276e-15;-9.990E+02;1.21485e-14;3.86806e-15;-9.990E+02
03:53:30.327;-00:46:54.865;1.18E+21;0.653;+0.24/-0.19;41373.7;2.81961e-14;3.44322e-15;1.45397e-14;3.71289e-15;-9.990E+02;2.26114e-14;4.45292e-15;-9.990E+02;3.21733e-14;6.33596e-15;-9.990E+02
03:53:31.616;-00:48:26.859;1.18E+21;1.174;+0.14/-0.12;25532.7;6.38059e-14;4.39857e-15;8.97859e-14;1.01591e-14;-9.990E+02;6.87108e-14;7.77446e-15;-9.990E+02;5.87224e-14;7.88853e-15;-9.990E+02
03:53:33.090;-00:39:17.608;1.17E+21;0.990;+0.12/-0.11;25034.5;9.09835e-14;5.6721e-15;1.48174e-13;1.27619e-14;-9.990E+02;4.06928e-14;5.95637e-15;-9.990E+02;9.05196e-14;1.0291e-14;-9.990E+02
03:53:20.471;-00:52:57.307;1.18E+21;0.986;+0.13/-0.11;70421.6;5.74288e-14;3.85325e-15;5.22084e-14;6.31522e-15;-9.990E+02;5.9186e-14;6.15581e-15;-9.990E+02;5.72081e-14;6.92e-15;-9.990E+02
03:53:21.446;-00:34:27.760;1.15E+21;0.814;+0.13/-0.12;66731.0;5.91263e-14;4.3095e-15;4.88509e-14;6.25875e-15;-9.990E+02;4.56364e-14;5.56513e-15;-9.990E+02;6.32372e-14;7.71146e-15;-9.990E+02
03:49:00.557;-00:54:48.418;9.74E+20;0.642;+0.14/-0.11;90955.2;4.38056e-14;3.32982e-15;2.30348e-14;3.39246e-15;-9.990E+02;3.39311e-14;4.14545e-15;-9.990E+02;5.02458e-14;6.03267e-15;-9.990E+02
03:49:03.825;-00:53:49.550;9.75E+20;0.8;-999/-999;85133.1;5.1982e-15;1.33888e-15;3.27587e-15;1.64584e-15;-9.990E+02;2.39331e-15;1.38367e-15;-9.990E+02;9.02634e-15;3.15731e-15;-9.990E+02
03:48:55.997;-00:54:40.088;9.73E+20;0.8;-999/-999;92769.5;4.82101e-15;1.32151e-15;1.89646e-15;1.25404e-15;-9.990E+02;6.78196e-15;2.38389e-15;-9.990E+02;3.48839e-15;2.04052e-15;-9.990E+02
03:48:51.445;-00:55:34.763;9.70E+20;0.8;-999/-999;91898.3;3.53376e-15;1.20355e-15;1.515e-15;1.21074e-15;-9.990E+02;1.4799e-15;1.18269e-15;-9.990E+02;7.32608e-15;3.13741e-15;-9.990E+02
03:48:51.472;-00:54:10.607;9.72E+20;0.8;-999/-999;91330.5;4.96536e-15;1.35464e-15;2.5109e-15;1.4865e-15;-9.990E+02;5.71844e-15;2.21228e-15;-9.990E+02;4.62186e-15;2.36023e-15;-9.990E+02
03:48:53.230;-00:53:35.420;9.73E+20;0.8;-999/-999;91455.4;4.41452e-15;1.28806e-15;5.21202e-15;2.15509e-15;-9.990E+02;1.69414e-15;1.20119e-15;-9.990E+02;4.7919e-15;2.44252e-15;-9.990E+02
03:48:50.109;-00:54:00.706;9.70E+20;0.8;-999/-999;90846.6;6.0863e-15;1.47101e-15;1.10393e-15;9.61259e-16;-9.990E+02;8.62378e-15;2.65335e-15;-9.990E+02;6.10053e-15;2.65645e-15;-9.990E+02
03:48:46.917;-00:54:27.156;9.67E+20;0.813;+0.25/-0.19;88655.1;1.76508e-14;2.15254e-15;6.01387e-15;1.98896e-15;-9.990E+02;2.17489e-14;3.74848e-15;-9.990E+02;1.88945e-14;4.14529e-15;-9.990E+02
03:49:20.523;-00:55:02.864;9.81E+20;0.8;-999/-999;64558.1;1.25056e-14;2.01108e-15;4.67454e-15;1.90474e-15;-9.990E+02;1.21118e-14;3.00674e-15;-9.990E+02;1.71173e-14;4.24936e-15;-9.990E+02
03:48:50.007;-00:58:34.154;9.67E+20;0.8;-999/-999;88207.3;5.09837e-15;1.43663e-15;1.09163e-14;3.38307e-15;-9.990E+02;4.94532e-15;-3.30625e-12;3.5387e-15;1.51146e-15;1.44773e-15;-9.990E+02
03:49:09.402;-00:50:44.226;9.80E+20;0.8;-999/-999;59961.8;1.7442e-14;2.3457e-15;8.69303e-15;2.59086e-15;-9.990E+02;2.11144e-14;3.95847e-15;-9.990E+02;1.49215e-14;3.966e-15;-9.990E+02
03:49:04.028;-01:00:09.174;9.69E+20;0.8;-999/-999;92851.1;3.98104e-15;1.27019e-15;4.32863e-15;2.06821e-15;-9.990E+02;2.11602e-15;1.40965e-15;-9.990E+02;3.99087e-15;2.33341e-15;-9.990E+02
03:48:58.141;-01:00:59.366;9.67E+20;0.8;-999/-999;93810.0;5.03489e-15;1.38651e-15;2.37051e-15;1.44606e-15;-9.990E+02;5.79969e-15;2.21327e-15;-9.990E+02;4.92491e-15;2.4216e-15;-9.990E+02
03:48:57.370;-01:01:52.251;9.66E+20;0.8;-999/-999;90945.3;9.21728e-15;1.83711e-15;2.99219e-15;1.62799e-15;-9.990E+02;8.78906e-15;2.73908e-15;-9.990E+02;1.34749e-14;4.22928e-15;-9.990E+02
03:49:04.148;-01:02:20.654;9.67E+20;0.8;-999/-999;88710.0;4.29151e-15;1.3364e-15;3.67496e-15;1.88822e-15;-9.990E+02;1.79763e-15;1.31542e-15;-9.990E+02;6.36175e-15;2.93141e-15;-9.990E+02
03:48:34.769;-00:57:39.538;9.55E+20;0.8;-999/-999;86400.6;1.44791e-14;2.16554e-15;1.26076e-14;3.04551e-15;-9.990E+02;1.04993e-14;2.74782e-15;-9.990E+02;1.48774e-14;3.8936e-15;-9.990E+02
03:48:32.390;-00:53:59.790;9.56E+20;0.931;+0.23/-0.18;87784.3;2.14479e-14;2.42864e-15;1.9386e-14;3.77826e-15;-9.990E+02;1.97699e-14;3.58042e-15;-9.990E+02;2.1847e-14;4.54961e-15;-9.990E+02
03:48:39.686;-01:00:24.776;9.57E+20;0.8;-999/-999;93010.6;4.23816e-15;1.34995e-15;1.52975e-15;1.29558e-15;-9.990E+02;3.76097e-15;2.00964e-15;-9.990E+02;6.39337e-15;3.08777e-15;-9.990E+02
03:48:47.044;-00:48:02.181;9.74E+20;0.8;-999/-999;60822.0;9.33813e-15;1.84052e-15;9.79848e-15;2.98024e-15;-9.990E+02;7.16416e-15;2.54212e-15;-9.990E+02;6.75465e-15;2.91049e-15;-9.990E+02
03:49:18.973;-01:02:35.153;9.71E+20;0.8;-999/-999;76011.1;9.94171e-15;1.8392e-15;3.35009e-15;1.61964e-15;-9.990E+02;6.54166e-15;2.23048e-15;-9.990E+02;1.85089e-14;4.39409e-15;-9.990E+02
03:48:47.672;-00:47:34.536;9.75E+20;0.899;+0.19/-0.16;50100.5;3.08709e-14;2.96685e-15;2.44695e-14;4.26264e-15;-9.990E+02;2.9564e-14;4.50685e-15;-9.990E+02;3.19034e-14;5.55765e-15;-9.990E+02
03:48:29.068;-00:53:45.911;9.54E+20;0.8;-999/-999;88290.3;4.39026e-15;1.38236e-15;5.14297e-15;2.23785e-15;-9.990E+02;1.01294e-15;9.85653e-16;-9.990E+02;5.74511e-15;2.79414e-15;-9.990E+02
03:48:27.869;-00:54:57.744;9.52E+20;0.8;-999/-999;87077.2;8.82457e-15;1.83117e-15;2.17425e-15;1.37181e-15;-9.990E+02;9.64676e-15;2.81719e-15;-9.990E+02;1.21541e-14;3.87331e-15;-9.990E+02
03:49:34.192;-00:50:56.998;9.94E+20;0.724;+0.06/-0.06;12200.1;2.90926e-13;1.05984e-14;1.51598e-13;1.12643e-14;-9.990E+02;2.63343e-13;1.49084e-14;-9.990E+02;3.23046e-13;1.95617e-14;-9.990E+02
03:48:30.611;-00:50:34.616;9.58E+20;0.218;+0.25/-0.19;68359.6;2.51919e-14;3.40125e-15;5.5698e-15;1.89158e-15;-9.990E+02;1.53571e-14;3.38527e-15;-9.990E+02;3.44543e-14;6.4691e-15;-9.990E+02
03:48:26.426;-00:56:54.351;9.49E+20;0.8;-999/-999;90274.5;5.22672e-15;1.46388e-15;6.11492e-15;2.33394e-15;-9.990E+02;3.62073e-15;1.78195e-15;-9.990E+02;3.42225e-15;2.04736e-15;-9.990E+02
03:48:26.561;-00:52:47.093;9.53E+20;0.669;+0.07/-0.07;81719.8;1.47342e-13;6.34235e-15;7.62406e-14;6.38966e-15;-9.990E+02;1.2138e-13;8.44114e-15;-9.990E+02;1.67178e-13;1.17177e-14;-9.990E+02
03:48:55.969;-01:04:38.423;9.63E+20;0.593;+0.14/-0.12;86253.8;5.25184e-14;3.98874e-15;2.61308e-14;3.87314e-15;-9.990E+02;3.83549e-14;4.97837e-15;-9.990E+02;6.16014e-14;7.7432e-15;-9.990E+02
03:48:49.257;-01:04:35.832;9.62E+20;0.698;+0.21/-0.17;85999.1;2.65177e-14;3.03161e-15;1.77384e-14;3.52903e-15;-9.990E+02;1.89236e-14;3.59366e-15;-9.990E+02;2.97782e-14;5.61906e-15;-9.990E+02
03:48:24.661;-00:57:10.514;9.48E+20;0.030;+0.27/-0.20;84614.2;2.35196e-14;3.37302e-15;4.94299e-15;1.72078e-15;-9.990E+02;1.09218e-14;2.81904e-15;-9.990E+02;3.47152e-14;6.51551e-15;-9.990E+02
03:48:44.670;-01:04:38.651;9.59E+20;0.8;-999/-999;85878.4;4.55534e-15;1.46731e-15;4.58365e-15;2.26051e-15;-9.990E+02;2.91866e-15;-3.38005e-12;9.916e-15;8.50121e-15;3.64446e-15;-9.990E+02
03:48:48.187;-01:05:08.784;9.61E+20;0.8;-999/-999;85138.2;1.1926e-14;2.16866e-15;7.54427e-15;2.60111e-15;-9.990E+02;1.26911e-14;3.42084e-15;-9.990E+02;1.04839e-14;3.61464e-15;-9.990E+02
03:48:31.782;-01:02:50.549;9.49E+20;0.8;-999/-999;83351.2;9.07772e-15;1.9962e-15;1.76874e-15;1.36458e-15;-9.990E+02;1.04766e-14;3.33232e-15;-9.990E+02;1.23822e-14;4.27223e-15;-9.990E+02
03:48:26.727;-01:01:55.507;9.46E+20;0.8;-999/-999;81889.8;8.58962e-15;1.99488e-15;2.50777e-15;1.60157e-15;-9.990E+02;1.23965e-14;3.45519e-15;-9.990E+02;7.03481e-15;3.18527e-15;-9.990E+02
03:48:34.820;-01:03:59.063;9.51E+20;0.8;-999/-999;84205.1;6.97508e-15;1.83073e-15;8.16329e-15;3.07019e-15;-9.990E+02;4.82851e-15;2.32399e-15;-9.990E+02;4.56425e-15;2.69542e-15;-9.990E+02
03:48:45.799;-01:06:02.040;9.58E+20;0.8;-999/-999;78206.6;7.23478e-15;1.8337e-15;1.88666e-15;1.39025e-15;-9.990E+02;3.70802e-15;1.91917e-15;-9.990E+02;1.57604e-14;4.60832e-15;-9.990E+02
03:48:42.300;-01:05:44.178;9.56E+20;0.8;-999/-999;79802.6;1.6712e-14;2.4993e-15;7.34107e-15;2.48205e-15;-9.990E+02;2.16779e-14;4.07037e-15;-9.990E+02;1.36469e-14;3.98843e-15;-9.990E+02
03:48:19.524;-00:50:55.751;9.49E+20;0.8;-999/-999;47413.8;1.57217e-14;2.6616e-15;8.16879e-15;2.90459e-15;-9.990E+02;1.61297e-14;4.09771e-15;-9.990E+02;1.71575e-14;4.97845e-15;-9.990E+02
03:49:24.409;-01:05:59.176;9.69E+20;0.471;+0.14/-0.12;40877.3;8.45667e-14;6.29579e-15;4.49688e-15;1.92525e-15;-9.990E+02;8.94456e-14;9.0706e-15;-9.990E+02;1.04146e-13;1.20128e-14;-9.990E+02
03:48:23.297;-00:48:37.563;9.54E+20;0.604;+0.22/-0.18;33386.4;3.80965e-14;4.52184e-15;2.29112e-14;4.90691e-15;-9.990E+02;2.42587e-14;5.1955e-15;-9.990E+02;4.44959e-14;8.39124e-15;-9.990E+02
03:48:57.474;-01:07:25.334;9.59E+20;0.8;-999/-999;66868.0;1.38828e-14;2.5011e-15;7.24145e-15;2.79598e-15;-9.990E+02;1.06696e-14;3.29546e-15;-9.990E+02;2.01556e-14;5.446e-15;-9.990E+02
03:49:06.131;-01:07:36.564;9.60E+20;0.874;+0.13/-0.11;44833.4;7.10107e-14;4.9104e-15;6.82902e-14;7.70916e-15;-9.990E+02;5.30264e-14;6.40752e-15;-9.990E+02;7.40464e-14;8.94749e-15;-9.990E+02
03:48:15.056;-00:51:44.133;9.45E+20;0.8;-999/-999;44956.7;2.04758e-14;3.1578e-15;7.35667e-15;2.89611e-15;-9.990E+02;1.45521e-14;3.90769e-15;-9.990E+02;3.61262e-14;7.38859e-15;-9.990E+02
03:48:19.379;-01:02:49.220;9.40E+20;0.640;+0.24/-0.19;73284.1;2.72768e-14;3.49467e-15;1.52733e-14;3.5056e-15;-9.990E+02;2.00824e-14;4.30059e-15;-9.990E+02;3.12911e-14;6.28203e-15;-9.990E+02
03:48:13.264;-01:00:14.854;9.37E+20;0.8;-999/-999;68265.6;1.69208e-14;2.82013e-15;1.31225e-14;3.73291e-15;-9.990E+02;1.73879e-14;4.48312e-15;-9.990E+02;1.23363e-14;4.3384e-15;-9.990E+02
03:49:17.718;-01:08:38.211;9.61E+20;1.587;+0.14/-0.12;17309.0;7.31209e-14;4.38708e-15;1.27733e-13;1.39276e-14;-9.990E+02;1.67116e-13;1.35712e-14;-9.990E+02;5.66232e-14;8.61029e-15;-9.990E+02
03:48:57.907;-01:09:38.071;9.56E+20;0.714;+0.10/-0.09;33060.5;1.39479e-13;7.93395e-15;1.15246e-13;1.05493e-14;-9.990E+02;8.10388e-14;9.03998e-15;-9.990E+02;1.5552e-13;1.49395e-14;-9.990E+02
03:48:31.367;-01:09:39.150;9.33E+20;0.321;+0.26/-0.20;45959.4;4.53274e-14;6.28343e-15;9.27535e-15;3.37437e-15;-9.990E+02;3.31377e-14;7.17389e-15;-9.990E+02;5.93841e-14;1.18999e-14;-9.990E+02
21:27:47.301;+00:49:29.308;3.83E+20;0.8;-999/-999;16163.2;4.11313e-14;7.126e-15;3.66569e-14;9.21713e-15;-9.990E+02;3.31596e-14;1.00689e-14;-9.990E+02;3.11503e-14;1.22669e-14;-9.990E+02
21:27:34.876;+00:43:12.369;3.84E+20;0.8;-999/-999;16099.9;2.10291e-14;5.41766e-15;1.06507e-14;5.19567e-15;-9.990E+02;1.44566e-14;7.05227e-15;-9.990E+02;3.61916e-14;1.36703e-14;-9.990E+02
21:27:24.015;+00:47:19.847;3.85E+20;0.8;-999/-999;16918.9;1.79831e-14;4.99135e-15;3.34014e-15;2.91898e-15;-9.990E+02;9.06514e-15;5.59071e-15;-9.990E+02;4.76609e-14;1.5743e-14;-9.990E+02
21:27:55.257;+00:41:34.793;3.81E+20;0.8;-999/-999;15658.8;1.26791e-14;4.41533e-15;7.83555e-15;4.67703e-15;-9.990E+02;1.42072e-14;7.35498e-15;-9.990E+02;1.06747e-14;7.76585e-15;-9.990E+02
21:27:23.612;+00:44:28.235;3.85E+20;0.8;-999/-999;16748.0;1.78833e-14;5.13396e-15;1.32811e-14;6.0684e-15;-9.990E+02;9.00765e-15;5.6446e-15;-9.990E+02;2.7066e-14;1.23645e-14;-9.990E+02
21:28:14.586;+00:50:40.233;3.80E+20;0.8;-999/-999;16688.0;4.25859e-14;7.54614e-15;3.78682e-14;9.74282e-15;-9.990E+02;3.00702e-14;1.00509e-14;-9.990E+02;3.8726e-14;1.41391e-14;-9.990E+02
21:28:06.760;+00:41:37.850;3.80E+20;0.8;-999/-999;16971.6;4.54762e-14;7.8309e-15;3.71029e-14;9.61879e-15;-9.990E+02;5.50844e-14;1.37783e-14;-9.990E+02;1.37883e-14;8.28378e-15;-9.990E+02
21:27:26.102;+00:53:52.693;3.86E+20;0.8;-999/-999;16662.6;2.72623e-14;6.13438e-15;7.99716e-15;4.58836e-15;-9.990E+02;4.33723e-14;1.22391e-14;-9.990E+02;2.17125e-14;1.05513e-14;-9.990E+02
21:28:10.868;+00:54:30.907;3.80E+20;0.8;-999/-999;16824.4;1.84952e-14;5.26806e-15;6.85586e-15;4.35946e-15;-9.990E+02;2.33265e-14;9.49075e-15;-9.990E+02;2.10306e-14;1.10522e-14;-9.990E+02
21:27:40.578;+00:57:01.684;3.86E+20;0.8;-999/-999;15966.4;3.84469e-14;7.41832e-15;3.12518e-14;9.12901e-15;-9.990E+02;3.62933e-14;1.14055e-14;-9.990E+02;2.72715e-14;1.20301e-14;-9.990E+02
21:27:38.920;+00:38:20.028;3.83E+20;0.8;-999/-999;12140.0;2.26322e-14;6.27088e-15;4.66543e-15;3.87992e-15;-9.990E+02;4.43637e-14;1.3909e-14;-9.990E+02;9.51996e-15;7.91711e-15;-9.990E+02
21:27:53.500;+00:37:03.494;3.81E+20;0.8;-999/-999;12792.2;3.88976e-14;7.83365e-15;1.60276e-14;6.77919e-15;-9.990E+02;5.45159e-14;1.47495e-14;-9.990E+02;3.27526e-14;1.38533e-14;-9.990E+02
21:27:33.560;+00:58:05.515;3.87E+20;0.8;-999/-999;9955.0;4.61349e-14;8.8474e-15;6.66889e-14;1.45421e-14;-9.990E+02;1.29093e-14;7.50406e-15;-9.990E+02;1.93867e-14;1.12694e-14;-9.990E+02
00:02:57.099;-00:24:48.684;3.00E+20;0.8;-999/-999;8050.2;6.51516e-14;1.20626e-14;1.59136e-14;7.87983e-15;-9.990E+02;9.87395e-14;2.36641e-14;-9.990E+02;6.90972e-14;2.39954e-14;-9.990E+02
00:02:36.168;-00:27:23.120;3.05E+20;0.283;+0.22/-0.17;8312.9;2.04559e-13;2.56191e-14;3.15267e-14;1.05841e-14;-9.990E+02;1.65562e-13;3.0754e-14;-9.990E+02;2.72023e-13;5.05299e-14;-9.990E+02
00:02:59.599;-00:16:15.903;2.94E+20;0.8;-999/-999;7765.7;3.67926e-14;9.54753e-15;1.09534e-14;7.0452e-15;-9.990E+02;3.15062e-14;1.41287e-14;-9.990E+02;7.16238e-14;2.62728e-14;-9.990E+02
00:02:11.461;-00:18:30.465;2.95E+20;0.8;-999/-999;7316.2;3.04225e-14;8.85824e-15;1.81188e-14;9.11632e-15;-9.990E+02;1.30212e-14;9.19271e-15;-9.990E+02;5.91745e-14;2.43866e-14;-9.990E+02
00:02:08.910;-00:17:42.434;2.95E+20;0.8;-999/-999;5854.9;4.38068e-14;1.0796e-14;6.52615e-14;1.78121e-14;-9.990E+02;1.87516e-14;1.1091e-14;-9.990E+02;8.52587e-14;-4.19934e-11;1.87763e-13
00:03:12.656;-00:15:01.843;2.94E+20;0.8;-999/-999;7365.6;6.59748e-14;1.31451e-14;7.25285e-14;1.7613e-14;-9.990E+02;5.2143e-14;1.85717e-14;-9.990E+02;1.9768e-14;1.40822e-14;-9.990E+02
00:03:19.487;-00:17:14.356;2.95E+20;0.8;-999/-999;8113.4;1.97788e-14;7.75096e-15;2.82767e-14;1.24215e-14;-9.990E+02;1.01596e-14;8.92255e-15;-9.990E+02;5.92284e-15;-3.01477e-11;1.01858e-13
00:01:55.182;-00:21:31.759;3.04E+20;1.424;+0.12/-0.11;1980.4;2.70951e-13;2.08653e-14;8.06084e-13;-7.75049e-11;1.66177e-12;9.14936e-13;8.05224e-14;-9.990E+02;4.04152e-13;6.40382e-14;-9.990E+02
00:02:43.983;-00:33:13.514;3.08E+20;0.8;-999/-999;7694.0;2.26341e-14;8.61986e-15;1.01697e-14;7.74597e-15;-9.990E+02;4.34713e-14;-2.20525e-11;9.57365e-14;6.58707e-14;2.86446e-14;-9.990E+02
01:40:16.988;-00:50:01.771;2.73E+20;1.042;+0.07/-0.06;8445.5;1.03113e-12;3.64122e-14;9.93217e-13;5.52324e-14;-9.990E+02;1.19958e-12;6.93159e-14;-9.990E+02;9.98495e-13;7.42458e-14;-9.990E+02
01:40:19.694;-00:46:31.245;2.72E+20;0.8;-999/-999;8716.9;1.92797e-14;6.59136e-15;1.13758e-14;6.80456e-15;-9.990E+02;1.65946e-14;9.92628e-15;-9.990E+02;2.52184e-14;1.50847e-14;-9.990E+02
01:40:33.670;-00:45:54.262;2.73E+20;0.8;-999/-999;9183.5;5.16099e-14;1.01654e-14;4.06161e-14;1.2321e-14;-9.990E+02;3.7015e-14;1.41288e-14;-9.990E+02;5.61916e-14;2.14692e-14;-9.990E+02
01:40:41.279;-00:45:34.257;2.73E+20;0.8;-999/-999;9260.6;4.23786e-14;9.34116e-15;2.91852e-14;1.04313e-14;-9.990E+02;2.43044e-14;1.14981e-14;-9.990E+02;6.465e-14;2.3107e-14;-9.990E+02
01:40:56.315;-00:51:52.095;2.73E+20;0.8;-999/-999;9263.9;1.48497e-14;6.04428e-15;1.05213e-14;6.88041e-15;-9.990E+02;7.66537e-15;6.91018e-15;-9.990E+02;2.33063e-14;1.52412e-14;-9.990E+02
01:40:38.856;-00:42:51.189;2.72E+20;0.8;-999/-999;9172.1;6.24806e-14;1.19468e-14;4.02198e-14;1.29675e-14;-9.990E+02;6.59743e-14;2.01503e-14;-9.990E+02;5.57057e-14;2.28103e-14;-9.990E+02
01:40:50.368;-00:44:01.226;2.73E+20;0.8;-999/-999;9246.4;5.59371e-14;1.14017e-14;4.334e-14;1.33547e-14;-9.990E+02;2.70734e-14;1.26752e-14;-9.990E+02;8.22671e-14;2.71746e-14;-9.990E+02
01:40:08.779;-01:01:23.352;2.74E+20;0.8;-999/-999;7652.4;3.29808e-14;9.6194e-15;2.91837e-14;1.19266e-14;-9.990E+02;3.19202e-14;1.48928e-14;-9.990E+02;1.61571e-14;1.31994e-14;-9.990E+02
23:20:04.298;-00:01:33.715;3.83E+20;0.8;-999/-999;9619.0;1.91832e-14;6.69844e-15;2.03517e-14;9.43136e-15;-9.990E+02;6.9078e-15;6.40489e-15;-9.990E+02;2.07615e-14;1.35568e-14;-9.990E+02
23:20:03.298;+00:03:17.806;3.86E+20;0.8;-999/-999;9658.3;1.9416e-14;6.70502e-15;2.88396e-14;1.11594e-14;-9.990E+02;9.77764e-15;7.74018e-15;-9.990E+02;2.09893e-14;-2.53394e-11;9.68779e-14
23:19:49.648;+00:03:57.824;3.84E+20;0.8;-999/-999;9619.8;3.38033e-14;8.5542e-15;1.04575e-14;6.56406e-15;-9.990E+02;7.09538e-15;6.32298e-15;-9.990E+02;9.59569e-14;2.80639e-14;-9.990E+02
23:19:36.672;+00:00:04.748;3.80E+20;0.8;-999/-999;9566.6;5.2225e-14;1.03937e-14;2.82362e-14;1.01466e-14;-9.990E+02;5.4869e-14;1.66007e-14;-9.990E+02;5.77436e-14;2.07499e-14;-9.990E+02
23:19:44.694;+00:06:38.668;3.85E+20;0.8;-999/-999;9590.6;1.61007e-14;6.41745e-15;8.54238e-15;6.32798e-15;-9.990E+02;5.79192e-15;6.18715e-15;-9.990E+02;3.48214e-14;1.82904e-14;-9.990E+02
23:19:39.637;-00:07:36.216;3.74E+20;0.8;-999/-999;9287.0;1.78916e-14;7.1055e-15;1.10286e-14;7.60545e-15;-9.990E+02;3.01238e-14;1.47946e-14;-9.990E+02;3.88411e-14;-2.69535e-11;1.49742e-13
02:31:44.719;-01:10:28.797;2.56E+20;0.8;-999/-999;13101.1;2.93992e-14;6.69095e-15;2.8704e-15;2.808e-15;-9.990E+02;2.96297e-14;1.08697e-14;-9.990E+02;6.44166e-14;1.96966e-14;-9.990E+02
02:31:40.983;-01:10:02.886;2.55E+20;0.220;+0.22/-0.18;12930.6;1.23217e-13;1.59106e-14;3.04696e-14;8.05372e-15;-9.990E+02;7.12889e-14;1.6195e-14;-9.990E+02;1.68104e-13;3.23494e-14;-9.990E+02
02:31:50.534;-01:08:24.110;2.56E+20;0.8;-999/-999;12004.6;2.3828e-14;6.2813e-15;1.14264e-14;5.7912e-15;-9.990E+02;5.61528e-15;4.80147e-15;-9.990E+02;5.98385e-14;1.94973e-14;-9.990E+02
02:32:08.902;-01:11:42.366;2.60E+20;0.8;-999/-999;13300.1;1.961e-14;5.60675e-15;3.23809e-14;9.55778e-15;-9.990E+02;4.61616e-15;-1.44998e-11;2.09603e-14;4.82945e-15;5.60724e-15;-9.990E+02
02:32:10.483;-01:10:34.674;2.60E+20;0.8;-999/-999;13321.9;1.39212e-14;4.923e-15;1.08988e-14;5.82374e-15;-9.990E+02;8.01102e-15;5.97198e-15;-9.990E+02;1.82868e-14;1.12091e-14;-9.990E+02
02:31:53.625;-01:06:25.164;2.55E+20;0.8;-999/-999;12913.4;1.35882e-14;4.91436e-15;2.98324e-15;3.11273e-15;-9.990E+02;3.0808e-14;1.19015e-14;-9.990E+02;1.78704e-14;-1.93677e-11;4.42398e-14
02:31:34.055;-01:15:32.351;2.57E+20;0.8;-999/-999;12558.6;2.58584e-14;6.4202e-15;3.4107e-14;9.81657e-15;-9.990E+02;1.67487e-14;8.31594e-15;-9.990E+02;3.39917e-14;-2.52877e-11;1.681e-13
02:31:46.713;-01:05:07.536;2.53E+20;0.8;-999/-999;13215.6;1.31158e-14;4.77435e-15;4.60204e-15;3.7616e-15;-9.990E+02;1.35962e-14;7.83092e-15;-9.990E+02;2.0703e-14;1.19242e-14;-9.990E+02
02:31:31.658;-01:16:15.287;2.57E+20;0.8;-999/-999;13323.1;1.62554e-14;5.3274e-15;1.71376e-14;7.26335e-15;-9.990E+02;1.68336e-14;8.72997e-15;-9.990E+02;2.56163e-14;-2.09842e-11;8.4454e-14
02:32:18.303;-01:09:48.179;2.52E+20;0.8;-999/-999;13400.6;1.30524e-14;4.7726e-15;1.37353e-14;-8.36657e-12;2.15445e-14;9.6726e-15;6.73369e-15;-9.990E+02;3.68328e-14;1.62056e-14;-9.990E+02
02:32:05.040;-01:05:12.319;2.46E+20;1.040;+0.23/-0.18;13234.6;9.01752e-14;9.94539e-15;9.36257e-14;1.58447e-14;-9.990E+02;9.51582e-14;1.88932e-14;-9.990E+02;8.73867e-14;2.15172e-14;-9.990E+02
02:31:38.614;-01:05:00.004;2.52E+20;0.8;-999/-999;12797.5;1.4236e-14;5.04532e-15;1.07088e-14;5.75396e-15;-9.990E+02;1.05532e-14;6.97771e-15;-9.990E+02;1.60709e-14;1.0626e-14;-9.990E+02
02:32:20.403;-01:07:04.083;2.50E+20;0.8;-999/-999;13408.6;1.97864e-14;5.85961e-15;2.31298e-14;8.27923e-15;-9.990E+02;1.71203e-14;8.85011e-15;-9.990E+02;2.23552e-14;-2.31361e-11;5.74633e-14
02:31:15.044;-01:10:03.495;2.52E+20;0.8;-999/-999;12324.5;2.02086e-14;5.99984e-15;1.18213e-14;6.05781e-15;-9.990E+02;2.32956e-14;1.04436e-14;-9.990E+02;1.77351e-14;1.13638e-14;-9.990E+02
02:32:03.627;-01:01:53.914;2.43E+20;0.8;-999/-999;13183.0;3.13047e-14;7.47615e-15;3.28308e-14;1.0063e-14;-9.990E+02;3.25442e-14;1.23401e-14;-9.990E+02;2.75491e-14;-2.95846e-11;8.20659e-14
02:31:57.350;-01:21:09.579;2.62E+20;0.8;-999/-999;12637.5;3.67963e-14;8.07356e-15;4.32346e-14;1.22349e-14;-9.990E+02;2.11563e-14;1.02365e-14;-9.990E+02;1.60949e-14;1.11231e-14;-9.990E+02
02:32:08.714;-01:02:02.911;2.43E+20;0.8;-999/-999;11105.7;2.87764e-14;7.20429e-15;5.02915e-14;1.25907e-14;-9.990E+02;1.66148e-14;-1.87062e-11;7.05853e-14;1.26653e-14;-2.8513e-11;1.0759e-13
02:31:40.085;-01:21:30.391;2.60E+20;0.8;-999/-999;12418.0;3.29841e-14;7.79475e-15;2.90345e-14;9.77686e-15;-9.990E+02;3.41539e-14;1.28644e-14;-9.990E+02;1.2992e-14;9.59318e-15;-9.990E+02
02:31:14.447;-01:06:18.962;2.50E+20;0.8;-999/-999;12944.5;1.55484e-14;5.58707e-15;9.08661e-15;5.54895e-15;-9.990E+02;1.61445e-14;-1.44826e-11;4.44096e-14;4.09675e-14;1.80307e-14;-9.990E+02
02:31:07.271;-01:12:55.908;2.53E+20;0.8;-999/-999;12032.2;1.8429e-14;6.13845e-15;9.24238e-15;5.83515e-15;-9.990E+02;6.82641e-15;5.97046e-15;-9.990E+02;4.15891e-14;1.8511e-14;-9.990E+02
00:49:41.294;-01:17:12.190;3.27E+20;0.8;-999/-999;933.3;3.80582e-13;8.25528e-14;2.15518e-13;8.40518e-14;-9.990E+02;1.81948e-13;8.98855e-14;-9.990E+02;7.33326e-13;2.25174e-13;-9.990E+02
22:59:14.080;-00:42:49.392;4.18E+20;1.038;+0.25/-0.19;3608.6;2.36266e-13;2.93425e-14;1.48156e-13;3.66896e-14;-9.990E+02;3.67172e-13;6.31155e-14;-9.990E+02;2.29404e-13;5.77044e-14;-9.990E+02
22:58:41.032;-00:42:58.165;4.24E+20;0.8;-999/-999;4174.5;4.38946e-14;1.58829e-14;4.14413e-14;1.99927e-14;-9.990E+02;3.65663e-14;2.20589e-14;-9.990E+02;2.73687e-14;2.37613e-14;-9.990E+02
00:27:16.757;+01:06:44.711;2.83E+20;0.8;-999/-999;27955.5;1.4487e-14;3.17032e-15;1.03016e-14;3.50003e-15;-9.990E+02;7.45792e-15;3.65974e-15;-9.990E+02;2.2647e-14;7.69449e-15;-9.990E+02
00:27:17.908;+01:12:03.769;2.86E+20;0.287;+0.15/-0.13;27204.8;5.6584e-14;6.8551e-15;2.52437e-14;-7.64304e-12;1.19312e-14;4.25895e-14;8.21184e-15;-9.990E+02;1.05141e-13;1.64112e-14;-9.990E+02
00:27:31.023;+01:09:15.707;2.87E+20;0.8;-999/-999;29231.4;2.18225e-14;3.72681e-15;7.77409e-15;2.95032e-15;-9.990E+02;2.47035e-14;6.39252e-15;-9.990E+02;3.06725e-14;8.89135e-15;-9.990E+02
00:27:06.511;+01:06:55.539;2.82E+20;0.8;-999/-999;28180.2;9.9464e-15;2.6182e-15;7.36444e-15;3.04178e-15;-9.990E+02;2.13455e-15;1.91946e-15;-9.990E+02;1.9446e-14;7.08548e-15;-9.990E+02
00:27:03.243;+01:10:35.497;2.83E+20;-0.051;+0.07/-0.05;27501.6;5.12162e-13;1.96898e-14;2.76693e-14;4.32956e-15;-9.990E+02;3.4209e-13;2.07764e-14;-9.990E+02;7.7991e-13;4.07558e-14;-9.990E+02
00:27:33.523;+01:09:24.561;2.87E+20;0.998;+0.25/-0.19;31251.1;3.21322e-14;3.9355e-15;1.59498e-14;4.13363e-15;-9.990E+02;5.33091e-14;8.76266e-15;-9.990E+02;3.18435e-14;8.25269e-15;-9.990E+02
00:27:14.515;+01:13:42.811;2.86E+20;0.8;-999/-999;28465.2;1.17043e-14;2.7598e-15;8.01376e-15;3.0242e-15;-9.990E+02;1.65619e-14;-7.0949e-12;1.52977e-14;2.81285e-14;8.70259e-15;-9.990E+02
00:27:01.436;+01:06:42.040;2.81E+20;0.8;-999/-999;27656.1;1.75356e-14;3.44375e-15;4.79162e-15;2.4937e-15;-9.990E+02;2.08498e-14;6.24252e-15;-9.990E+02;2.63747e-14;8.48087e-15;-9.990E+02
00:27:33.960;+01:12:20.657;2.88E+20;0.8;-999/-999;29042.1;1.94417e-14;3.452e-15;7.53159e-15;2.81973e-15;-9.990E+02;1.95704e-14;5.54791e-15;-9.990E+02;2.96917e-14;8.41715e-15;-9.990E+02
00:26:56.617;+01:08:59.728;2.81E+20;0.8;-999/-999;26568.5;2.74674e-14;4.1325e-15;3.55089e-14;6.18897e-15;-9.990E+02;1.28683e-14;4.59228e-15;-9.990E+02;9.76863e-15;4.75446e-15;-9.990E+02
00:27:28.371;+01:04:34.644;2.84E+20;0.8;-999/-999;34597.1;9.33929e-15;2.48202e-15;6.91963e-15;2.89197e-15;-9.990E+02;1.20171e-14;4.62578e-15;-9.990E+02;3.0396e-15;2.80951e-15;-9.990E+02
00:26:54.952;+01:07:41.412;2.81E+20;0.8;-999/-999;27822.8;8.46749e-15;2.4795e-15;1.88018e-15;1.51898e-15;-9.990E+02;2.72662e-15;2.2028e-15;-9.990E+02;2.48445e-14;8.36233e-15;-9.990E+02
00:27:23.867;+01:15:11.020;2.97E+20;0.804;+0.23/-0.18;29400.0;4.17463e-14;4.9698e-15;2.4368e-14;5.03875e-15;-9.990E+02;4.29727e-14;8.05072e-15;-9.990E+02;4.47717e-14;1.03154e-14;-9.990E+02
00:27:40.315;+01:06:11.991;2.87E+20;0.8;-999/-999;35077.8;9.6552e-15;2.48454e-15;3.12488e-15;1.96688e-15;-9.990E+02;9.03476e-15;4.02374e-15;-9.990E+02;1.71307e-14;6.82748e-15;-9.990E+02
00:27:22.874;+01:16:11.667;2.97E+20;0.8;-999/-999;29082.1;9.04332e-15;2.49318e-15;2.94103e-15;-4.4549e-12;9.71754e-15;1.2665e-14;4.84984e-15;-9.990E+02;1.5996e-14;6.4674e-15;-9.990E+02
00:27:31.203;+01:01:56.305;2.83E+20;0.8;-999/-999;28405.7;2.7954e-14;4.27304e-15;1.37133e-14;4.07111e-15;-9.990E+02;3.22703e-14;7.46857e-15;-9.990E+02;3.01475e-14;8.94997e-15;-9.990E+02
00:27:41.443;+01:03:40.442;2.86E+20;0.8;-999/-999;29238.7;7.1327e-15;2.34583e-15;3.50325e-15;-4.17148e-12;1.19912e-14;5.24483e-15;3.13021e-15;-9.990E+02;1.98947e-14;7.80269e-15;-9.990E+02
00:27:52.730;+01:06:38.738;2.89E+20;0.065;+0.24/-0.18;19745.8;5.78811e-14;7.81884e-15;2.29399e-14;4.76762e-15;-9.990E+02;8.30472e-15;3.80851e-15;-9.990E+02;8.41363e-14;1.62908e-14;-9.990E+02
00:27:54.573;+01:07:24.175;2.89E+20;0.8;-999/-999;15226.4;4.35524e-14;5.5252e-15;2.58798e-14;5.71031e-15;-9.990E+02;6.5325e-14;1.09124e-14;-9.990E+02;1.41564e-14;6.24562e-15;-9.990E+02
00:26:56.665;+01:17:21.310;2.94E+20;0.8;-999/-999;26804.9;1.07749e-14;2.90577e-15;1.20288e-14;4.09116e-15;-9.990E+02;3.4595e-15;2.71414e-15;-9.990E+02;1.0493e-14;5.48631e-15;-9.990E+02
00:27:00.039;+01:00:05.323;2.78E+20;0.373;+0.26/-0.19;25360.1;4.57377e-14;6.5233e-15;1.0896e-14;3.52171e-15;-9.990E+02;3.59636e-14;8.01552e-15;-9.990E+02;5.85339e-14;1.3046e-14;-9.990E+02
00:26:37.781;+01:15:20.893;2.81E+20;0.8;-999/-999;23402.9;2.08278e-14;4.1325e-15;2.87791e-14;6.62457e-15;-9.990E+02;5.96215e-15;3.63407e-15;-9.990E+02;9.05201e-15;5.51741e-15;-9.990E+02
00:26:34.988;+01:14:47.284;2.80E+20;0.8;-999/-999;23757.1;2.06137e-14;4.131e-15;1.09794e-14;4.09343e-15;-9.990E+02;2.12443e-14;6.68519e-15;-9.990E+02;2.41926e-14;9.01968e-15;-9.990E+02
00:26:43.004;+01:18:22.409;2.91E+20;0.186;+0.05/-0.05;4106.9;9.87238e-13;3.50523e-14;2.36072e-13;1.6508e-14;-9.990E+02;5.46837e-13;3.44251e-14;-9.990E+02;1.36647e-12;7.16621e-14;-9.990E+02
00:27:45.043;+00:57:09.472;2.83E+20;0.286;+0.08/-0.07;5824.5;5.23676e-13;2.54592e-14;1.66634e-13;1.51174e-14;-9.990E+02;2.81715e-13;2.55578e-14;-9.990E+02;6.95381e-13;5.25905e-14;-9.990E+02
02:37:36.335;-01:03:00.239;3.05E+20;0.8;-999/-999;7838.9;2.71252e-14;8.05562e-15;2.21353e-14;9.69278e-15;-9.990E+02;2.52689e-14;1.24743e-14;-9.990E+02;1.91352e-14;1.34e-14;-9.990E+02
02:37:21.919;-01:02:16.112;3.04E+20;0.8;-999/-999;7923.7;6.38386e-14;1.16626e-14;4.01067e-14;1.23658e-14;-9.990E+02;6.54427e-14;1.87503e-14;-9.990E+02;6.19322e-14;2.26384e-14;-9.990E+02
02:37:20.964;-01:13:18.476;3.05E+20;0.8;-999/-999;8420.1;2.97641e-14;8.61118e-15;1.8705e-14;-1.54416e-11;3.92149e-14;2.54326e-14;1.32395e-14;-9.990E+02;7.7026e-14;2.80722e-14;-9.990E+02
02:36:50.676;-01:01:48.951;3.00E+20;0.8;-999/-999;5024.4;4.36609e-14;1.12306e-14;7.82023e-14;2.01155e-14;-9.990E+02;3.73474e-14;-2.87824e-11;1.85208e-13;1.13186e-13;-4.36143e-11;2.80647e-13
02:36:43.850;-00:59:40.513;2.96E+20;0.8;-999/-999;3751.5;1.87752e-13;2.35382e-14;1.67884e-13;2.91402e-14;-9.990E+02;2.41078e-13;4.18447e-14;-9.990E+02;4.87525e-13;-9.1512e-11;6.04152e-13
02:36:43.663;-01:14:47.561;2.96E+20;0.762;+0.26/-0.19;3314.9;2.0569e-13;2.71396e-14;5.05077e-14;1.71151e-14;-9.990E+02;2.93372e-13;5.19624e-14;-9.990E+02;2.23853e-13;5.51467e-14;-9.990E+02
20:47:16.220;+00:01:28.619;6.03E+20;0.8;-999/-999;2637.9;5.59897e-14;1.97951e-14;1.89839e-14;1.61091e-14;-9.990E+02;4.52014e-14;2.61438e-14;-9.990E+02;9.95387e-14;4.80039e-14;-9.990E+02
20:47:21.208;+00:00:11.052;6.04E+20;0.8;-999/-999;2755.7;4.54188e-14;1.82772e-14;3.69842e-14;2.40723e-14;-9.990E+02;2.19843e-14;1.95211e-14;-9.990E+02;6.46093e-14;4.20529e-14;-9.990E+02
00:43:04.121;-00:38:23.448;2.00E+20;0.8;-999/-999;5643.8;2.49478e-14;9.3688e-15;1.71221e-14;1.01911e-14;-9.990E+02;2.62134e-14;1.56022e-14;-9.990E+02;2.00669e-14;1.69995e-14;-9.990E+02
00:42:50.226;-00:36:53.974;1.99E+20;0.8;-999/-999;5060.2;4.21037e-14;1.20411e-14;4.50981e-14;1.6773e-14;-9.990E+02;4.42463e-14;-3.1598e-11;9.12338e-14;6.34982e-14;2.93598e-14;-9.990E+02
00:43:48.475;-00:37:01.105;1.99E+20;0.8;-999/-999;5221.6;2.78283e-14;1.03018e-14;3.18164e-14;1.46603e-14;-9.990E+02;2.92504e-14;-2.70328e-11;1.6103e-13;3.73186e-14;2.44468e-14;-9.990E+02
00:43:30.603;-00:28:16.441;1.81E+20;0.8;-999/-999;5431.8;3.43679e-14;1.12965e-14;2.33787e-14;1.2492e-14;-9.990E+02;1.81337e-14;1.36625e-14;-9.990E+02;5.56251e-14;2.97223e-14;-9.990E+02
00:43:56.706;-00:36:59.111;1.99E+20;0.8;-999/-999;5433.6;4.34015e-14;1.29776e-14;2.97519e-14;-2.22279e-11;5.46178e-14;1.26659e-14;1.14288e-14;-9.990E+02;1.55194e-13;4.9125e-14;-9.990E+02
20:58:50.802;+01:00:31.851;6.47E+20;0.8;-999/-999;3894.3;3.96602e-14;1.5414e-14;8.21559e-14;3.193e-14;-9.990E+02;0;-3.70239e-11;1.04883e-13;0;-5.41388e-11;1.53366e-13
20:58:56.178;+00:59:35.353;6.41E+20;0.8;-999/-999;3935.2;4.43357e-14;1.69279e-14;9.16158e-14;3.498e-14;-9.990E+02;0;-4.07015e-11;1.76027e-13;0;-5.95526e-11;2.57556e-13
20:58:51.809;+01:06:43.205;6.55E+20;0.8;-999/-999;3801.4;6.06643e-14;1.85376e-14;1.26076e-13;3.8526e-14;-9.990E+02;0;-4.44781e-11;1.20302e-13;0;-6.49858e-11;1.75771e-13
23:20:04.298;-00:01:33.715;3.83E+20;0.8;-999/-999;9619.0;1.91832e-14;6.69844e-15;2.03517e-14;9.43136e-15;-9.990E+02;6.9078e-15;6.40489e-15;-9.990E+02;2.07615e-14;1.35568e-14;-9.990E+02
23:20:03.298;+00:03:17.806;3.86E+20;0.8;-999/-999;9658.3;1.9416e-14;6.70502e-15;2.88396e-14;1.11594e-14;-9.990E+02;9.77764e-15;7.74018e-15;-9.990E+02;2.09893e-14;-2.53394e-11;9.68779e-14
23:19:49.648;+00:03:57.824;3.84E+20;0.8;-999/-999;9619.8;3.38033e-14;8.5542e-15;1.04575e-14;6.56406e-15;-9.990E+02;7.09538e-15;6.32298e-15;-9.990E+02;9.59569e-14;2.80639e-14;-9.990E+02
23:19:36.672;+00:00:04.748;3.80E+20;0.8;-999/-999;9566.6;5.2225e-14;1.03937e-14;2.82362e-14;1.01466e-14;-9.990E+02;5.4869e-14;1.66007e-14;-9.990E+02;5.77436e-14;2.07499e-14;-9.990E+02
23:19:44.694;+00:06:38.668;3.85E+20;0.8;-999/-999;9590.6;1.61007e-14;6.41745e-15;8.54238e-15;6.32798e-15;-9.990E+02;5.79192e-15;6.18715e-15;-9.990E+02;3.48214e-14;1.82904e-14;-9.990E+02
23:19:39.637;-00:07:36.216;3.74E+20;0.8;-999/-999;9287.0;1.78916e-14;7.1055e-15;1.10286e-14;7.60545e-15;-9.990E+02;3.01238e-14;1.47946e-14;-9.990E+02;3.88411e-14;-2.69535e-11;1.49742e-13
21:33:27.525;-00:48:57.657;3.71E+20;0.8;-999/-999;66246.2;7.71749e-15;1.84561e-15;8.3826e-15;2.6212e-15;-9.990E+02;3.44101e-15;2.00872e-15;-9.990E+02;6.90123e-15;3.45331e-15;-9.990E+02
21:33:27.432;-00:48:35.874;3.71E+20;0.761;+0.27/-0.20;66313.1;1.76631e-14;2.48982e-15;6.87748e-15;2.01984e-15;-9.990E+02;2.11634e-14;4.07721e-15;-9.990E+02;1.9239e-14;4.85474e-15;-9.990E+02
21:33:27.137;-00:49:29.802;3.72E+20;0.419;+0.22/-0.18;66067.5;2.85006e-14;3.52317e-15;1.00559e-14;2.3994e-15;-9.990E+02;1.89116e-14;4.06065e-15;-9.990E+02;3.58038e-14;7.09572e-15;-9.990E+02
21:33:26.485;-00:50:34.125;3.73E+20;0.8;-999/-999;66755.5;6.1924e-15;1.70472e-15;3.81427e-15;1.80423e-15;-9.990E+02;5.21322e-15;2.46596e-15;-9.990E+02;7.84039e-15;3.70867e-15;-9.990E+02
21:33:26.020;-00:46:54.022;3.69E+20;0.8;-999/-999;66156.4;4.83385e-15;1.56068e-15;5.09588e-15;2.15927e-15;-9.990E+02;3.49045e-15;2.10402e-15;-9.990E+02;2.62658e-15;2.22568e-15;-9.990E+02
21:33:26.191;-00:45:26.923;3.68E+20;0.8;-999/-999;67196.6;5.91289e-15;1.56013e-15;3.89418e-15;1.65418e-15;-9.990E+02;4.27427e-15;2.03781e-15;-9.990E+02;8.03405e-15;3.41272e-15;-9.990E+02
21:33:43.678;-00:46:59.252;3.71E+20;0.8;-999/-999;69874.6;9.77463e-15;1.84561e-15;8.09164e-15;2.34257e-15;-9.990E+02;7.66542e-15;2.62281e-15;-9.990E+02;8.96782e-15;3.46356e-15;-9.990E+02
21:33:42.503;-00:51:57.394;3.75E+20;0.8;-999/-999;69291.1;4.27019e-15;1.4215e-15;3.64393e-15;1.7686e-15;-9.990E+02;3.31704e-15;1.95764e-15;-9.990E+02;3.74011e-15;2.55078e-15;-9.990E+02
21:33:44.450;-00:46:20.656;3.70E+20;0.8;-999/-999;69857.6;9.71584e-15;1.84496e-15;4.18548e-15;1.70248e-15;-9.990E+02;7.36688e-15;2.62252e-15;-9.990E+02;1.72393e-14;4.82214e-15;-9.990E+02
21:33:16.793;-00:53:06.703;3.74E+20;0.8;-999/-999;67275.1;6.9975e-15;1.70532e-15;4.31107e-15;1.75149e-15;-9.990E+02;4.90879e-15;2.27247e-15;-9.990E+02;1.03335e-14;3.95696e-15;-9.990E+02
21:33:24.811;-00:54:30.911;3.76E+20;0.8;-999/-999;68587.0;1.01829e-14;1.9908e-15;6.90638e-15;2.24214e-15;-9.990E+02;8.56742e-15;2.84013e-15;-9.990E+02;1.1591e-14;4.27001e-15;-9.990E+02
21:33:05.192;-00:49:32.725;3.70E+20;0.8;-999/-999;68248.9;5.24111e-15;1.56112e-15;7.44115e-16;8.06714e-16;-9.990E+02;3.05578e-15;1.91991e-15;-9.990E+02;1.37968e-14;5.14372e-15;-9.990E+02
21:33:53.533;-00:49:05.341;3.73E+20;0.8;-999/-999;71004.6;9.79788e-15;1.98884e-15;1.39288e-15;9.97538e-16;-9.990E+02;1.04695e-14;3.10963e-15;-9.990E+02;1.86108e-14;5.396e-15;-9.990E+02
21:33:03.591;-00:49:58.851;3.70E+20;0.8;-999/-999;68770.5;1.41636e-14;2.27072e-15;1.17654e-14;2.79469e-15;-9.990E+02;1.25316e-14;3.40046e-15;-9.990E+02;1.07752e-14;3.83688e-15;-9.990E+02
21:33:18.066;-00:54:40.868;3.75E+20;0.8;-999/-999;67028.7;5.14725e-15;1.56365e-15;3.17332e-15;1.65002e-15;-9.990E+02;3.46453e-15;2.02008e-15;-9.990E+02;7.8137e-15;3.84102e-15;-9.990E+02
21:33:02.229;-00:46:37.301;3.67E+20;0.8;-999/-999;68598.1;7.88864e-15;1.84314e-15;6.36077e-15;2.19831e-15;-9.990E+02;4.98715e-15;2.33044e-15;-9.990E+02;9.38277e-15;3.91983e-15;-9.990E+02
21:33:00.744;-00:51:05.798;3.71E+20;0.8;-999/-999;70733.3;6.51926e-15;1.70364e-15;6.01828e-15;2.27179e-15;-9.990E+02;3.29502e-15;1.96101e-15;-9.990E+02;7.43002e-15;3.59738e-15;-9.990E+02
21:33:13.705;-00:55:24.163;3.76E+20;0.8;-999/-999;67657.4;4.81347e-15;1.5642e-15;1.48441e-15;1.17685e-15;-9.990E+02;4.04862e-15;2.26371e-15;-9.990E+02;9.13577e-15;4.35311e-15;-9.990E+02
21:33:57.541;-00:52:24.101;3.76E+20;0.8;-999/-999;69507.0;4.61155e-15;1.422e-15;1.00373e-15;9.2848e-16;-9.990E+02;4.10963e-15;2.11117e-15;-9.990E+02;9.26528e-15;4.12647e-15;-9.990E+02
21:33:18.848;-00:56:37.712;3.77E+20;0.891;+0.22/-0.17;68442.4;2.59481e-14;2.9007e-15;2.21672e-14;3.93743e-15;-9.990E+02;2.25001e-14;4.57056e-15;-9.990E+02;2.68512e-14;5.79029e-15;-9.990E+02
21:32:55.350;-00:48:58.029;3.68E+20;0.8;-999/-999;69791.0;1.16357e-14;2.12745e-15;9.44385e-15;2.6153e-15;-9.990E+02;9.41631e-15;3.07339e-15;-9.990E+02;1.06293e-14;3.85408e-15;-9.990E+02
21:33:48.414;-00:41:50.931;3.66E+20;0.761;+0.25/-0.19;68139.3;2.38062e-14;3.07083e-15;1.23208e-14;2.96498e-15;-9.990E+02;2.43189e-14;4.80479e-15;-9.990E+02;2.59373e-14;6.24174e-15;-9.990E+02
21:32:55.610;-00:52:28.288;3.72E+20;0.8;-999/-999;69951.8;7.96818e-15;1.84613e-15;6.05959e-15;2.08387e-15;-9.990E+02;3.55234e-15;1.94335e-15;-9.990E+02;1.24645e-14;4.2865e-15;-9.990E+02
21:34:03.981;-00:47:05.742;3.72E+20;0.8;-999/-999;62426.3;5.86501e-15;1.70412e-15;2.49965e-15;1.53693e-15;-9.990E+02;3.41853e-15;2.10192e-15;-9.990E+02;1.20005e-14;4.95128e-15;-9.990E+02
21:33:21.809;-00:39:56.452;3.62E+20;0.8;-999/-999;65050.3;7.30256e-15;1.84015e-15;4.47802e-15;1.93414e-15;-9.990E+02;5.28164e-15;2.44016e-15;-9.990E+02;1.06012e-14;4.3419e-15;-9.990E+02
21:33:51.945;-00:56:15.347;3.79E+20;0.8;-999/-999;67908.6;6.14339e-15;1.70808e-15;5.69307e-15;2.17544e-15;-9.990E+02;1.29147e-15;1.21176e-15;-9.990E+02;9.7083e-15;4.04737e-15;-9.990E+02
21:33:33.439;-00:58:20.866;3.80E+20;1.141;+0.12/-0.10;66744.1;6.37326e-14;3.76992e-15;7.54103e-14;6.84368e-15;-9.990E+02;7.67591e-14;7.6794e-15;-9.990E+02;5.92559e-14;7.90079e-15;-9.990E+02
21:33:42.044;-00:58:06.686;3.80E+20;0.8;-999/-999;63633.4;6.13943e-15;1.70856e-15;3.7921e-15;1.77334e-15;-9.990E+02;5.16012e-15;2.41308e-15;-9.990E+02;7.75491e-15;3.62652e-15;-9.990E+02
21:33:27.856;-00:38:59.204;3.62E+20;0.8;-999/-999;57131.9;1.3276e-14;2.40635e-15;5.42569e-15;2.11665e-15;-9.990E+02;1.30679e-14;3.70861e-15;-9.990E+02;1.96756e-14;5.58382e-15;-9.990E+02
21:34:06.419;-00:52:45.397;3.77E+20;0.8;-999/-999;51735.3;7.3467e-15;1.99136e-15;2.47318e-15;1.56664e-15;-9.990E+02;6.74127e-15;3.01526e-15;-9.990E+02;1.26651e-14;4.91063e-15;-9.990E+02
21:32:56.691;-00:55:16.062;3.74E+20;0.8;-999/-999;69868.1;7.10408e-15;1.84743e-15;5.05191e-15;2.13452e-15;-9.990E+02;8.27821e-15;3.20686e-15;-9.990E+02;4.15014e-15;2.76226e-15;-9.990E+02
21:32:48.414;-00:51:25.162;3.70E+20;0.8;-999/-999;64915.9;5.40006e-15;1.70304e-15;6.22846e-16;7.94141e-16;-9.990E+02;1.10898e-14;3.85201e-15;-9.990E+02;2.56673e-15;2.35145e-15;-9.990E+02
21:33:57.893;-00:56:34.352;3.80E+20;0.8;-999/-999;50371.0;1.39447e-14;2.56284e-15;1.10755e-14;3.09807e-15;-9.990E+02;1.2561e-14;3.93563e-15;-9.990E+02;1.13275e-14;4.64593e-15;-9.990E+02
21:33:41.330;-00:38:57.524;3.62E+20;0.399;+0.28/-0.21;50732.9;2.36221e-14;3.7436e-15;1.19678e-14;2.84496e-15;-9.990E+02;9.31937e-15;3.24922e-15;-9.990E+02;2.99715e-14;7.12476e-15;-9.990E+02
21:34:09.784;-00:46:17.519;3.72E+20;0.8;-999/-999;42486.6;1.56921e-14;2.69819e-15;1.08732e-14;2.99045e-15;-9.990E+02;1.48702e-14;4.08975e-15;-9.990E+02;1.49089e-14;5.12611e-15;-9.990E+02
21:33:42.547;-00:39:12.111;3.63E+20;0.8;-999/-999;52993.2;1.02759e-14;2.2656e-15;3.15265e-15;1.73005e-15;-9.990E+02;1.5173e-14;4.58701e-15;-9.990E+02;9.78671e-15;4.31608e-15;-9.990E+02
21:32:49.379;-00:52:57.939;3.71E+20;1.839;+0.20/-0.15;65851.0;2.10655e-14;1.48512e-15;7.71569e-14;7.30732e-15;-9.990E+02;5.36627e-14;6.39625e-15;-9.990E+02;1.46386e-14;3.48906e-15;-9.990E+02
21:33:40.165;-00:38:37.701;3.62E+20;1.000;+0.23/-0.18;48652.5;2.60729e-14;2.975e-15;2.0569e-14;4.0677e-15;-9.990E+02;3.26526e-14;5.63584e-15;-9.990E+02;2.57963e-14;6.12132e-15;-9.990E+02
21:33:38.551;-00:38:23.844;3.62E+20;0.8;-999/-999;48147.4;2.26622e-14;3.1141e-15;1.04166e-14;2.73888e-15;-9.990E+02;3.82327e-14;6.51067e-15;-9.990E+02;7.19693e-15;3.40586e-15;-9.990E+02
21:33:41.830;-00:38:29.186;3.62E+20;0.707;+0.27/-0.20;46465.7;2.28725e-14;3.19788e-15;5.89605e-15;2.05737e-15;-9.990E+02;2.91913e-14;5.45847e-15;-9.990E+02;2.55472e-14;6.5001e-15;-9.990E+02
21:33:10.334;-00:38:50.921;3.61E+20;0.8;-999/-999;40544.5;1.34236e-14;2.54718e-15;1.51933e-14;3.55379e-15;-9.990E+02;5.23089e-15;2.44634e-15;-9.990E+02;1.18151e-14;4.68825e-15;-9.990E+02
21:33:39.336;-00:38:02.366;3.61E+20;0.8;-999/-999;41080.8;1.66982e-14;2.8302e-15;7.67472e-15;2.6016e-15;-9.990E+02;2.11349e-14;5.21297e-15;-9.990E+02;1.59153e-14;5.395e-15;-9.990E+02
21:34:05.900;-00:56:41.438;3.81E+20;0.8;-999/-999;36895.7;1.76328e-14;2.99103e-15;2.33376e-15;1.48445e-15;-9.990E+02;1.26952e-14;3.99353e-15;-9.990E+02;4.29254e-14;9.0017e-15;-9.990E+02
21:36:38.488;+00:41:54.660;4.57E+20;0.705;+0.05/-0.05;16351.6;1.19552e-12;3.44982e-14;6.00013e-13;3.23778e-14;-9.990E+02;1.10084e-12;4.94372e-14;-9.990E+02;1.33637e-12;7.02798e-14;-9.990E+02
21:36:49.394;+00:36:56.505;4.60E+20;0.8;-999/-999;17708.8;1.07201e-14;3.94227e-15;1.14179e-14;5.6152e-15;-9.990E+02;5.91616e-15;4.75251e-15;-9.990E+02;8.81835e-15;7.08386e-15;-9.990E+02
21:36:19.245;+00:41:31.272;4.54E+20;0.8;-999/-999;16865.3;3.59541e-14;6.84978e-15;2.3918e-14;7.69491e-15;-9.990E+02;3.4968e-14;1.06429e-14;-9.990E+02;3.47731e-14;1.30156e-14;-9.990E+02
21:36:23.392;+00:35:02.567;4.56E+20;0.8;-999/-999;17021.3;1.14914e-14;4.22907e-15;8.25049e-15;4.95699e-15;-9.990E+02;1.78489e-14;8.36281e-15;-9.990E+02;1.11034e-14;-1.56528e-11;3.52498e-14
21:37:03.095;+00:36:21.326;4.62E+20;0.8;-999/-999;17502.4;2.71308e-14;5.9901e-15;2.74079e-14;8.46036e-15;-9.990E+02;2.48127e-14;9.08676e-15;-9.990E+02;1.0564e-14;7.38672e-15;-9.990E+02
21:37:00.247;+00:35:25.616;4.62E+20;0.8;-999/-999;17212.8;2.5772e-14;5.844e-15;1.52135e-14;6.16726e-15;-9.990E+02;1.47578e-14;7.00906e-15;-9.990E+02;4.39907e-14;1.44114e-14;-9.990E+02
21:37:07.119;+00:40:48.303;4.61E+20;0.8;-999/-999;17812.9;1.04126e-14;3.79756e-15;2.49736e-15;2.53322e-15;-9.990E+02;1.29249e-14;6.76156e-15;-9.990E+02;1.4449e-14;8.55374e-15;-9.990E+02
21:36:41.606;+00:32:23.713;4.59E+20;0.8;-999/-999;13303.2;1.78667e-14;5.25492e-15;4.28251e-15;-1.00587e-11;3.77063e-14;7.39439e-15;5.4153e-15;-9.990E+02;5.51137e-14;1.76148e-14;-9.990E+02
21:36:31.530;+00:31:50.710;4.56E+20;0.584;+0.13/-0.12;13352.9;2.27791e-13;1.7063e-14;1.00409e-13;1.43626e-14;-9.990E+02;1.79393e-13;2.24122e-14;-9.990E+02;2.67493e-13;3.42282e-14;-9.990E+02
21:36:27.653;+00:31:23.863;4.55E+20;0.8;-999/-999;12378.9;2.96537e-14;6.70634e-15;4.05535e-14;1.08245e-14;-9.990E+02;2.10605e-14;8.85461e-15;-9.990E+02;3.86044e-14;-2.48268e-11;1.039e-13
21:37:14.073;+00:35:24.630;4.63E+20;0.8;-999/-999;17245.4;1.31374e-14;4.53065e-15;3.15035e-15;3.13071e-15;-9.990E+02;1.63007e-14;7.86929e-15;-9.990E+02;1.82155e-14;1.03857e-14;-9.990E+02
21:36:33.706;+00:30:24.905;4.56E+20;0.8;-999/-999;7631.7;6.5186e-14;1.03539e-14;1.24762e-14;6.09855e-15;-9.990E+02;8.0983e-14;1.7809e-14;-9.990E+02;9.66074e-14;2.36061e-14;-9.990E+02
23:18:56.737;+00:14:38.725;3.82E+20;0.958;+0.01/-0.01;20968.4;3.28937e-11;1.13341e-13;2.97963e-11;1.60343e-13;-9.990E+02;3.23009e-11;1.90743e-13;-9.990E+02;3.30166e-11;2.3249e-13;-9.990E+02
23:19:10.486;+00:18:58.675;3.87E+20;0.8;-999/-999;21470.0;2.94961e-14;4.7091e-15;1.61231e-14;4.70058e-15;-9.990E+02;1.3107e-14;5.05302e-15;-9.990E+02;5.90454e-14;1.28615e-14;-9.990E+02
23:18:33.200;+00:16:45.404;3.81E+20;0.8;-999/-999;21356.2;1.80459e-14;3.84561e-15;7.43677e-15;3.38827e-15;-9.990E+02;1.51732e-14;5.5737e-15;-9.990E+02;3.03942e-14;9.83279e-15;-9.990E+02
23:18:34.019;+00:13:56.631;3.79E+20;0.8;-999/-999;22111.4;1.46183e-14;3.5585e-15;1.20427e-14;4.39571e-15;-9.990E+02;1.63974e-14;5.9852e-15;-9.990E+02;6.15741e-15;4.4969e-15;-9.990E+02
23:18:39.398;+00:20:37.898;3.84E+20;0.8;-999/-999;21857.7;2.03733e-14;3.99196e-15;8.40094e-15;3.52024e-15;-9.990E+02;1.7108e-14;5.78409e-15;-9.990E+02;3.42649e-14;9.82236e-15;-9.990E+02
23:19:16.743;+00:18:03.341;3.87E+20;0.336;+0.22/-0.17;21131.0;6.12533e-14;7.60305e-15;2.7477e-14;5.55235e-15;-9.990E+02;2.45959e-14;6.52544e-15;-9.990E+02;7.96036e-14;1.52528e-14;-9.990E+02
23:18:56.535;+00:22:29.058;3.88E+20;0.8;-999/-999;22151.0;1.98422e-14;3.997e-15;5.27223e-15;2.883e-15;-9.990E+02;1.07038e-14;4.72291e-15;-9.990E+02;4.82303e-14;1.20306e-14;-9.990E+02
23:19:12.958;+00:20:51.730;3.88E+20;0.8;-999/-999;21016.8;2.87784e-14;4.71075e-15;1.91112e-14;5.22179e-15;-9.990E+02;3.10512e-14;7.7565e-15;-9.990E+02;2.33163e-14;8.22009e-15;-9.990E+02
23:19:21.250;+00:14:55.039;3.86E+20;0.8;-999/-999;21376.3;1.49793e-14;3.70916e-15;1.85522e-14;5.54792e-15;-9.990E+02;1.61739e-14;-9.33206e-12;2.77123e-14;1.88898e-14;8.21439e-15;-9.990E+02
23:18:29.060;+00:12:49.578;3.78E+20;0.8;-999/-999;21980.9;1.44851e-14;3.55725e-15;1.15018e-14;4.32931e-15;-9.990E+02;5.22345e-15;3.33367e-15;-9.990E+02;2.35553e-14;8.86629e-15;-9.990E+02
23:19:04.548;+00:23:35.280;3.90E+20;0.8;-999/-999;21170.9;2.74538e-14;4.71372e-15;1.57262e-14;4.81756e-15;-9.990E+02;3.72093e-14;8.60667e-15;-9.990E+02;1.59655e-14;6.98424e-15;-9.990E+02
23:18:21.740;+00:13:57.520;3.78E+20;0.8;-999/-999;20792.1;3.10477e-14;4.83786e-15;1.6424e-14;4.82469e-15;-9.990E+02;2.23765e-14;6.57329e-15;-9.990E+02;5.04563e-14;1.19962e-14;-9.990E+02
23:18:49.536;+00:06:36.235;3.76E+20;0.8;-999/-999;21173.6;2.00786e-14;4.1238e-15;1.85749e-14;5.53036e-15;-9.990E+02;1.90012e-14;6.50363e-15;-9.990E+02;9.52429e-15;5.47714e-15;-9.990E+02
23:18:15.763;+00:15:43.103;3.79E+20;0.926;+0.07/-0.06;13482.3;4.56064e-13;1.664e-14;3.56822e-13;2.15068e-14;-9.990E+02;4.80995e-13;2.82203e-14;-9.990E+02;4.6433e-13;3.3506e-14;-9.990E+02
23:18:43.046;+00:06:40.949;3.76E+20;0.8;-999/-999;20961.3;1.47746e-14;3.6972e-15;1.01162e-14;-6.83271e-12;1.80618e-14;1.11911e-14;5.16127e-15;-9.990E+02;3.9252e-14;1.16396e-14;-9.990E+02
23:18:58.163;+00:06:19.888;3.77E+20;1.344;+0.15/-0.12;17894.4;8.74156e-14;5.92361e-15;1.42592e-13;1.40931e-14;-9.990E+02;1.29899e-13;1.45364e-14;-9.990E+02;7.4646e-14;1.25493e-14;-9.990E+02
23:19:14.869;+00:07:15.680;3.80E+20;0.260;+0.13/-0.11;16305.1;1.87235e-13;1.45771e-14;2.97388e-14;6.27407e-15;-9.990E+02;1.43836e-13;1.73925e-14;-9.990E+02;2.50973e-13;2.89688e-14;-9.990E+02
23:19:40.168;+00:10:08.722;3.86E+20;0.883;+0.09/-0.08;12323.3;2.75396e-13;1.46487e-14;1.99294e-13;1.73826e-14;-9.990E+02;2.81178e-13;2.38353e-14;-9.990E+02;2.8577e-13;2.9437e-14;-9.990E+02
02:07:18.334;+00:20:30.739;2.34E+20;0.740;+0.04/-0.03;78979.7;4.46629e-13;8.97246e-15;2.55044e-13;8.62581e-15;-9.990E+02;4.06452e-13;1.34775e-14;-9.990E+02;4.90267e-13;1.85977e-14;-9.990E+02
02:07:10.089;+00:18:43.008;2.34E+20;1.025;+0.24/-0.18;82471.1;1.55028e-14;1.76544e-15;1.47347e-14;2.70226e-15;-9.990E+02;1.75116e-14;3.3909e-15;-9.990E+02;1.51524e-14;3.8399e-15;-9.990E+02
02:07:06.196;+00:21:15.652;2.34E+20;0.8;-999/-999;82746.4;6.3057e-15;1.49039e-15;3.95335e-15;1.51694e-15;-9.990E+02;3.28373e-15;1.70204e-15;-9.990E+02;1.10268e-14;3.82709e-15;-9.990E+02
02:07:26.487;+00:22:35.315;2.35E+20;0.8;-999/-999;80270.8;9.8646e-15;1.62648e-15;6.13546e-15;1.65934e-15;-9.990E+02;1.00908e-14;2.60159e-15;-9.990E+02;9.79386e-15;3.18422e-15;-9.990E+02
02:07:02.071;+00:21:21.319;2.34E+20;0.745;+0.13/-0.11;80942.2;4.43959e-14;3.12048e-15;2.80732e-14;3.11769e-15;-9.990E+02;3.67648e-14;4.45644e-15;-9.990E+02;4.85424e-14;6.44064e-15;-9.990E+02
02:07:05.188;+00:23:17.247;2.35E+20;0.893;+0.24/-0.18;80684.8;1.66433e-14;1.9992e-15;1.27971e-14;2.48638e-15;-9.990E+02;1.65e-14;3.2958e-15;-9.990E+02;1.72059e-14;4.24846e-15;-9.990E+02
02:07:07.888;+00:16:30.144;2.34E+20;0.656;+0.27/-0.20;81901.3;1.67702e-14;2.2827e-15;9.62285e-15;2.14847e-15;-9.990E+02;1.21825e-14;3.07956e-15;-9.990E+02;1.90646e-14;4.81922e-15;-9.990E+02
02:06:54.397;+00:19:26.755;2.34E+20;0.8;-999/-999;78559.2;6.9967e-15;1.49039e-15;8.30533e-15;2.13684e-15;-9.990E+02;4.96883e-15;2.07788e-15;-9.990E+02;1.26367e-15;1.28898e-15;-9.990E+02
02:06:52.658;+00:21:10.175;2.34E+20;0.8;-999/-999;75320.3;8.96266e-15;1.62588e-15;5.40165e-15;1.69834e-15;-9.990E+02;7.18152e-15;2.32914e-15;-9.990E+02;1.23298e-14;3.87662e-15;-9.990E+02
02:07:39.850;+00:20:51.176;2.34E+20;1.129;+0.19/-0.15;85203.9;1.99601e-14;1.88866e-15;2.60594e-14;3.39046e-15;-9.990E+02;1.99457e-14;3.41005e-15;-9.990E+02;1.86699e-14;3.98608e-15;-9.990E+02
02:07:07.431;+00:26:09.249;2.35E+20;0.8;-999/-999;83347.7;1.21905e-14;1.76202e-15;9.5868e-15;2.09984e-15;-9.990E+02;1.02391e-14;2.6563e-15;-9.990E+02;1.09353e-14;3.3522e-15;-9.990E+02
02:07:18.602;+00:26:22.018;2.35E+20;0.8;-999/-999;80431.6;5.62355e-15;1.3554e-15;5.50987e-15;1.8548e-15;-9.990E+02;1.8304e-15;1.26038e-15;-9.990E+02;6.97792e-15;3.07653e-15;-9.990E+02
02:07:15.804;+00:27:14.992;2.35E+20;0.478;+0.27/-0.20;83529.4;1.6084e-14;2.41864e-15;3.73747e-15;1.2973e-15;-9.990E+02;1.53184e-14;3.29311e-15;-9.990E+02;1.9733e-14;4.89392e-15;-9.990E+02
02:07:31.136;+00:26:07.546;2.35E+20;0.8;-999/-999;83386.8;3.85882e-15;1.20631e-15;8.96358e-16;7.50467e-16;-9.990E+02;2.00899e-15;1.36874e-15;-9.990E+02;1.02192e-14;3.76517e-15;-9.990E+02
02:07:37.980;+00:24:31.254;2.35E+20;0.8;-999/-999;83082.6;4.57448e-15;1.26052e-15;3.28137e-15;1.44262e-15;-9.990E+02;1.40121e-15;1.14885e-15;-9.990E+02;8.55011e-15;3.50511e-15;-9.990E+02
02:07:09.252;+00:13:32.160;2.30E+20;0.8;-999/-999;84183.6;1.0065e-14;1.6236e-15;4.62991e-15;1.41084e-15;-9.990E+02;1.23424e-14;2.96302e-15;-9.990E+02;1.06007e-14;3.23028e-15;-9.990E+02
02:07:03.712;+00:26:59.145;2.35E+20;0.8;-999/-999;81558.0;6.29177e-15;1.3554e-15;2.98865e-15;1.21977e-15;-9.990E+02;7.44724e-15;2.35312e-15;-9.990E+02;6.8164e-15;2.78202e-15;-9.990E+02
02:07:44.942;+00:21:04.750;2.34E+20;0.831;+0.19/-0.15;85172.6;2.21527e-14;2.24298e-15;1.83845e-14;2.84736e-15;-9.990E+02;1.63649e-14;3.16809e-15;-9.990E+02;2.344e-14;4.64528e-15;-9.990E+02
02:07:18.445;+00:12:47.666;2.33E+20;0.8;-999/-999;78630.5;7.35846e-15;1.48984e-15;7.31613e-15;1.98271e-15;-9.990E+02;6.39029e-15;2.28336e-15;-9.990E+02;2.78573e-15;1.8812e-15;-9.990E+02
02:07:45.730;+00:21:26.548;2.35E+20;0.8;-999/-999;85292.2;5.68861e-15;1.3554e-15;4.50422e-15;1.65249e-15;-9.990E+02;4.04128e-15;1.92534e-15;-9.990E+02;6.16491e-15;2.93708e-15;-9.990E+02
02:06:45.038;+00:17:37.410;2.29E+20;0.8;-999/-999;46748.5;1.24403e-14;2.164e-15;2.54216e-15;1.28682e-15;-9.990E+02;7.63574e-15;2.82152e-15;-9.990E+02;3.20438e-14;6.95574e-15;-9.990E+02
02:07:44.907;+00:23:51.147;2.35E+20;0.8;-999/-999;81254.3;5.73741e-15;1.3554e-15;2.49762e-15;1.14895e-15;-9.990E+02;7.47195e-15;2.35312e-15;-9.990E+02;5.69648e-15;2.62049e-15;-9.990E+02
02:07:04.147;+00:28:30.717;2.35E+20;0.8;-999/-999;61505.0;9.51626e-15;1.76202e-15;8.28842e-15;2.16618e-15;-9.990E+02;4.12952e-15;1.86216e-15;-9.990E+02;1.26044e-14;3.994e-15;-9.990E+02
02:07:34.643;+00:13:26.595;2.34E+20;0.8;-999/-999;84840.4;1.58252e-14;2.03235e-15;1.37754e-14;2.46023e-15;-9.990E+02;1.49912e-14;3.22198e-15;-9.990E+02;8.57165e-15;3.02e-15;-9.990E+02
02:06:43.542;+00:23:47.899;2.34E+20;1.185;+0.13/-0.11;42574.9;4.79516e-14;2.9999e-15;6.21709e-14;5.61982e-15;-9.990E+02;5.91611e-14;6.27735e-15;-9.990E+02;4.39309e-14;6.53144e-15;-9.990E+02
02:06:47.918;+00:15:33.167;2.29E+20;0.8;-999/-999;66561.8;5.98346e-15;1.48775e-15;9.44734e-16;7.75335e-16;-9.990E+02;8.51041e-15;2.84515e-15;-9.990E+02;8.65699e-15;3.51394e-15;-9.990E+02
02:07:02.835;+00:28:32.321;2.35E+20;0.8;-999/-999;59174.3;1.08974e-14;1.89756e-15;5.99382e-15;1.80263e-15;-9.990E+02;8.9614e-15;2.69513e-15;-9.990E+02;1.5948e-14;4.45435e-15;-9.990E+02
02:07:35.350;+00:27:24.780;2.35E+20;0.8;-999/-999;77348.7;6.32294e-15;1.49094e-15;2.59205e-15;1.23347e-15;-9.990E+02;5.80956e-15;2.28076e-15;-9.990E+02;1.0343e-14;3.70164e-15;-9.990E+02
02:07:48.916;+00:21:17.118;2.35E+20;0.8;-999/-999;85329.0;4.15701e-15;1.20631e-15;1.60882e-15;1.0295e-15;-9.990E+02;2.40535e-15;1.53921e-15;-9.990E+02;9.17468e-15;3.73771e-15;-9.990E+02
02:07:27.133;+00:28:56.748;2.36E+20;0.783;+0.12/-0.10;36758.1;6.33143e-14;4.26405e-15;2.43957e-14;3.45685e-15;-9.990E+02;8.13734e-14;7.78738e-15;-9.990E+02;6.84741e-14;8.827e-15;-9.990E+02
02:07:18.533;+00:11:40.442;2.31E+20;1.138;+0.22/-0.17;76037.2;1.8017e-14;1.86857e-15;1.49961e-14;2.68027e-15;-9.990E+02;3.03626e-14;4.52428e-15;-9.990E+02;1.67617e-14;4.03228e-15;-9.990E+02
02:07:45.928;+00:26:10.976;2.35E+20;0.487;+0.26/-0.20;81361.6;1.81175e-14;2.57595e-15;6.47543e-16;5.47836e-16;-9.990E+02;2.33005e-14;4.24565e-15;-9.990E+02;2.21354e-14;5.30855e-15;-9.990E+02
02:06:54.243;+00:12:26.646;2.30E+20;0.8;-999/-999;78727.2;7.16414e-15;1.4883e-15;3.55767e-15;1.345e-15;-9.990E+02;8.00367e-15;2.45754e-15;-9.990E+02;8.14569e-15;3.07953e-15;-9.990E+02
02:07:30.613;+00:11:31.604;2.33E+20;0.517;+0.26/-0.20;80135.9;1.8419e-14;2.52315e-15;8.54996e-15;2.02914e-15;-9.990E+02;1.17427e-14;3.05852e-15;-9.990E+02;2.22164e-14;5.27257e-15;-9.990E+02
02:07:38.716;+00:28:12.691;2.36E+20;0.8;-999/-999;56939.3;1.01503e-14;1.89826e-15;7.37131e-15;2.20501e-15;-9.990E+02;8.8071e-15;3.02018e-15;-9.990E+02;1.0074e-14;3.85301e-15;-9.990E+02
02:07:49.534;+00:24:56.056;2.35E+20;0.8;-999/-999;85093.4;4.88351e-15;1.32829e-15;3.03822e-15;1.42374e-15;-9.990E+02;3.63186e-15;1.91581e-15;-9.990E+02;6.92947e-15;3.24721e-15;-9.990E+02
02:07:46.489;+00:14:23.705;2.34E+20;0.8;-999/-999;85433.5;5.12965e-15;1.3278e-15;3.57122e-15;1.46953e-15;-9.990E+02;1.78144e-15;1.25985e-15;-9.990E+02;9.51388e-15;3.61818e-15;-9.990E+02
02:07:46.739;+00:26:36.579;2.35E+20;0.8;-999/-999;78994.2;5.40534e-15;1.3554e-15;7.06085e-15;2.02336e-15;-9.990E+02;1.87664e-15;-3.52597e-12;7.74372e-15;5.36751e-15;2.61511e-15;-9.990E+02
02:07:53.750;+00:23:04.526;2.35E+20;0.050;+0.25/-0.19;80699.8;2.35086e-14;3.24705e-15;4.30971e-15;1.33159e-15;-9.990E+02;1.21176e-14;2.92139e-15;-9.990E+02;3.43449e-14;6.77161e-15;-9.990E+02
02:07:55.475;+00:20:15.304;2.34E+20;0.169;+0.27/-0.20;79035.9;2.10278e-14;3.08325e-15;2.41345e-15;1.0431e-15;-9.990E+02;1.59811e-14;3.60019e-15;-9.990E+02;2.92627e-14;6.50696e-15;-9.990E+02
02:07:10.315;+00:10:19.124;2.31E+20;1.050;+0.18/-0.14;60476.4;2.92454e-14;2.58048e-15;3.34655e-14;4.2767e-15;-9.990E+02;2.75098e-14;4.56886e-15;-9.990E+02;2.82222e-14;5.39571e-15;-9.990E+02
02:06:53.391;+00:29:00.938;2.35E+20;0.501;+0.26/-0.20;43201.2;2.11994e-14;3.06252e-15;1.18408e-14;2.66136e-15;-9.990E+02;9.6423e-15;2.89016e-15;-9.990E+02;2.57815e-14;6.18455e-15;-9.990E+02
02:07:46.533;+00:27:05.381;2.35E+20;0.8;-999/-999;73315.2;7.86268e-15;1.62648e-15;4.56559e-15;1.682e-15;-9.990E+02;5.46014e-15;2.25006e-15;-9.990E+02;1.24913e-14;4.03815e-15;-9.990E+02
02:07:50.405;+00:15:02.937;2.34E+20;0.8;-999/-999;85347.9;7.46414e-15;1.49039e-15;4.64212e-15;1.51977e-15;-9.990E+02;2.77732e-15;1.44195e-15;-9.990E+02;1.48281e-14;4.1033e-15;-9.990E+02
02:07:48.209;+00:13:45.404;2.34E+20;0.8;-999/-999;84734.1;1.0029e-14;1.76137e-15;7.68261e-15;1.93681e-15;-9.990E+02;9.40479e-15;2.65593e-15;-9.990E+02;7.96862e-15;3.0943e-15;-9.990E+02
02:07:56.792;+00:23:40.389;2.35E+20;0.8;-999/-999;78584.1;6.07761e-15;1.49094e-15;2.26816e-15;1.21175e-15;-9.990E+02;9.04611e-15;2.84725e-15;-9.990E+02;5.17314e-15;2.76371e-15;-9.990E+02
02:07:52.024;+00:14:46.412;2.34E+20;0.8;-999/-999;82426.8;5.00907e-15;1.3278e-15;2.90604e-15;1.29074e-15;-9.990E+02;2.89907e-15;1.58523e-15;-9.990E+02;8.84624e-15;3.38558e-15;-9.990E+02
02:08:00.424;+00:21:36.188;2.35E+20;0.8;-999/-999;48942.5;1.3798e-14;2.30418e-15;7.39607e-15;2.17373e-15;-9.990E+02;5.5272e-15;2.32523e-15;-9.990E+02;2.95108e-14;6.48258e-15;-9.990E+02
02:07:56.035;+00:15:13.422;2.34E+20;0.8;-999/-999;57793.9;1.07809e-14;1.89686e-15;8.04351e-15;2.20147e-15;-9.990E+02;8.02495e-15;2.58782e-15;-9.990E+02;1.22437e-14;3.94823e-15;-9.990E+02
02:07:37.911;+00:09:53.898;2.33E+20;0.8;-999/-999;64708.6;8.45146e-15;1.76072e-15;6.1282e-15;2.04281e-15;-9.990E+02;1.10092e-14;3.313e-15;-9.990E+02;2.80027e-15;2.02227e-15;-9.990E+02
21:18:47.913;+00:35:18.864;5.63E+20;0.8;-999/-999;6468.7;5.11268e-14;1.29473e-14;3.14838e-14;1.40336e-14;-9.990E+02;5.75393e-14;2.07773e-14;-9.990E+02;4.24154e-14;2.17192e-14;-9.990E+02
21:18:49.385;+00:33:33.016;5.62E+20;0.8;-999/-999;6402.2;4.96532e-14;1.26428e-14;1.41924e-14;9.66134e-15;-9.990E+02;5.18811e-14;2.00847e-14;-9.990E+02;7.65271e-14;2.96258e-14;-9.990E+02
21:18:58.985;+00:33:00.014;5.56E+20;0.8;-999/-999;6451.3;3.85692e-14;1.1419e-14;1.53952e-14;1.01276e-14;-9.990E+02;3.7655e-14;1.78045e-14;-9.990E+02;5.55771e-14;2.62787e-14;-9.990E+02
21:18:47.583;+00:32:54.345;5.63E+20;0.8;-999/-999;6519.0;4.71221e-14;1.26462e-14;2.57203e-14;1.28827e-14;-9.990E+02;4.176e-14;1.79333e-14;-9.990E+02;6.15908e-14;2.64494e-14;-9.990E+02
21:18:44.451;+00:33:22.800;5.65E+20;0.8;-999/-999;6460.4;4.25558e-14;1.19006e-14;2.55729e-14;1.33477e-14;-9.990E+02;6.22133e-14;2.2907e-14;-9.990E+02;1.52897e-14;1.36823e-14;-9.990E+02
21:19:19.409;+00:36:36.770;5.45E+20;0.8;-999/-999;6519.0;2.18664e-14;9.13597e-15;6.20225e-15;6.6544e-15;-9.990E+02;2.29155e-14;1.43323e-14;-9.990E+02;3.38595e-14;2.11771e-14;-9.990E+02
21:18:38.714;+00:40:29.057;5.67E+20;0.8;-999/-999;5439.6;8.39963e-14;1.65792e-14;9.47178e-14;2.41704e-14;-9.990E+02;3.83651e-14;1.72551e-14;-9.990E+02;7.53961e-14;2.97688e-14;-9.990E+02
21:19:14.901;+00:40:58.702;5.47E+20;0.8;-999/-999;6503.9;2.98951e-14;1.04895e-14;2.64109e-14;1.3405e-14;-9.990E+02;2.43453e-14;1.42841e-14;-9.990E+02;2.39861e-14;1.73146e-14;-9.990E+02
21:18:17.763;+00:40:09.372;5.87E+20;0.8;-999/-999;6519.0;7.50371e-14;1.66749e-14;1.68509e-14;1.14586e-14;-9.990E+02;1.1132e-13;3.2384e-14;-9.990E+02;7.44452e-14;3.27559e-14;-9.990E+02
21:18:26.341;+00:43:50.723;5.77E+20;0.8;-999/-999;6100.4;3.11671e-14;1.14874e-14;6.27364e-14;2.3123e-14;-9.990E+02;4.63126e-14;-2.79052e-11;6.26322e-14;3.10134e-14;-4.10985e-11;9.22443e-14
21:18:32.740;+00:44:58.747;5.71E+20;0.8;-999/-999;6518.7;1.16947e-13;2.1126e-14;8.28953e-14;2.54503e-14;-9.990E+02;1.00493e-13;3.08532e-14;-9.990E+02;1.23414e-13;4.16793e-14;-9.990E+02
22:19:05.545;-01:00:43.016;4.98E+20;0.8;-999/-999;6591.6;3.09727e-14;1.01913e-14;1.50899e-14;9.92565e-15;-9.990E+02;3.81993e-14;1.77523e-14;-9.990E+02;2.83576e-14;1.86528e-14;-9.990E+02
22:19:06.821;-01:06:08.691;5.00E+20;0.8;-999/-999;6493.0;2.50208e-14;9.31077e-15;4.8777e-14;1.81509e-14;-9.990E+02;3.08394e-14;-2.29246e-11;4.52738e-14;2.2887e-14;-3.40304e-11;6.72065e-14
22:19:30.706;-00:58:15.699;4.92E+20;0.8;-999/-999;4418.1;8.25811e-14;1.62184e-14;7.12999e-14;2.04819e-14;-9.990E+02;9.05722e-14;2.60181e-14;-9.990E+02;3.36422e-14;1.99215e-14;-9.990E+02
22:19:02.123;-01:11:27.713;5.01E+20;0.8;-999/-999;6870.3;2.76609e-14;1.00531e-14;5.39447e-14;1.96058e-14;-9.990E+02;3.02972e-14;-2.47455e-11;5.00521e-14;1.12409e-14;-3.67291e-11;7.42908e-14
22:19:37.823;-00:59:32.975;4.91E+20;0.8;-999/-999;4234.7;1.03453e-13;1.91607e-14;5.02386e-14;1.82348e-14;-9.990E+02;9.57627e-14;2.83795e-14;-9.990E+02;1.42286e-13;4.21668e-14;-9.990E+02
22:18:29.654;-01:07:22.109;5.08E+20;0.8;-999/-999;6553.9;6.28156e-14;1.4815e-14;1.22858e-13;2.8976e-14;-9.990E+02;5.79682e-14;-3.64215e-11;6.81035e-14;8.59792e-14;-5.40209e-11;1.01012e-13
22:18:27.086;-01:08:48.000;5.09E+20;0.8;-999/-999;6822.8;3.10754e-14;1.12624e-14;6.08067e-14;2.20377e-14;-9.990E+02;2.8681e-14;-2.7682e-11;1.01182e-13;4.25362e-14;-4.10545e-11;1.50061e-13
03:52:50.411;-00:43:30.765;1.13E+21;0.872;+0.04/-0.04;76880.5;3.80909e-13;8.09039e-15;2.59096e-13;1.08827e-14;-9.990E+02;3.82981e-13;1.23889e-14;-9.990E+02;3.9704e-13;1.50664e-14;-9.990E+02
03:52:55.733;-00:44:28.750;1.14E+21;1.267;+0.23/-0.18;83300.1;1.59637e-14;1.70604e-15;3.33917e-14;4.85242e-15;-9.990E+02;1.30781e-14;2.64432e-15;-9.990E+02;1.412e-14;3.09335e-15;-9.990E+02
03:52:56.665;-00:43:43.164;1.14E+21;1.100;+0.12/-0.11;83167.6;4.81745e-14;2.93832e-15;5.94761e-14;5.89984e-15;-9.990E+02;4.9304e-14;4.73487e-15;-9.990E+02;4.57824e-14;5.45196e-15;-9.990E+02
03:52:57.283;-00:42:36.145;1.14E+21;0.8;-999/-999;83837.6;1.13868e-14;1.90938e-15;1.12224e-14;3.00561e-15;-9.990E+02;6.72302e-15;2.19598e-15;-9.990E+02;1.24631e-14;3.55434e-15;-9.990E+02
03:52:57.851;-00:44:12.504;1.14E+21;0.884;+0.15/-0.13;83797.1;3.63712e-14;2.95434e-15;3.17321e-14;4.44025e-15;-9.990E+02;3.12877e-14;4.21384e-15;-9.990E+02;3.77755e-14;5.28591e-15;-9.990E+02
03:52:59.238;-00:43:38.216;1.14E+21;1.139;+0.04/-0.03;83594.6;3.45992e-13;6.91713e-15;3.80113e-13;1.36348e-14;-9.990E+02;4.25648e-13;1.28764e-14;-9.990E+02;3.22444e-13;1.26381e-14;-9.990E+02
03:53:00.115;-00:44:16.640;1.14E+21;0.840;+0.14/-0.12;84254.5;4.25574e-14;3.21252e-15;2.45317e-14;3.82203e-15;-9.990E+02;4.42798e-14;4.73336e-15;-9.990E+02;4.49309e-14;5.59813e-15;-9.990E+02
03:53:02.399;-00:44:31.530;1.15E+21;0.8;-999/-999;80894.6;1.05118e-14;1.91345e-15;6.25381e-15;2.28691e-15;-9.990E+02;1.25811e-14;3.02733e-15;-9.990E+02;7.76739e-15;2.8404e-15;-9.990E+02
03:53:03.933;-00:44:12.850;1.15E+21;0.8;-999/-999;77222.2;9.04192e-15;1.91345e-15;2.53979e-15;1.6712e-15;-9.990E+02;9.082e-15;3.02733e-15;-9.990E+02;1.26179e-14;4.20597e-15;-9.990E+02
03:52:39.055;-00:46:54.859;1.12E+21;1.010;+0.25/-0.20;84304.9;1.5844e-14;1.93947e-15;1.62727e-14;3.43708e-15;-9.990E+02;1.55878e-14;3.09984e-15;-9.990E+02;1.56206e-14;3.55673e-15;-9.990E+02
03:53:01.707;-00:43:52.658;1.15E+21;1.024;+0.12/-0.10;84803.9;5.78043e-14;3.42125e-15;5.31484e-14;5.86044e-15;-9.990E+02;6.3899e-14;5.92244e-15;-9.990E+02;5.66015e-14;6.39397e-15;-9.990E+02
03:53:02.908;-00:43:08.598;1.15E+21;0.8;-999/-999;81275.3;1.16181e-14;1.91345e-15;1.20942e-14;2.99057e-15;-9.990E+02;1.08119e-14;2.67349e-15;-9.990E+02;6.44005e-15;2.45804e-15;-9.990E+02
03:52:32.140;-00:44:47.828;1.11E+21;0.519;+0.25/-0.19;77177.9;2.26626e-14;2.84298e-15;1.13144e-14;2.86002e-15;-9.990E+02;1.43687e-14;3.24004e-15;-9.990E+02;2.73689e-14;5.45682e-15;-9.990E+02
03:52:50.017;-00:39:18.261;1.12E+21;0.491;+0.28/-0.21;73661.9;1.77851e-14;2.4756e-15;6.02895e-15;2.03575e-15;-9.990E+02;1.35548e-14;3.07354e-15;-9.990E+02;2.17362e-14;4.70736e-15;-9.990E+02
03:53:08.399;-00:42:43.092;1.15E+21;0.8;-999/-999;83398.7;1.16964e-14;1.91345e-15;1.05638e-14;2.95627e-15;-9.990E+02;1.03834e-14;2.64282e-15;-9.990E+02;9.18213e-15;3.07091e-15;-9.990E+02
03:52:27.669;-00:42:09.640;1.10E+21;0.325;+0.28/-0.21;73783.1;2.00236e-14;2.88301e-15;7.87093e-15;2.30014e-15;-9.990E+02;1.04049e-14;2.76697e-15;-9.990E+02;2.61805e-14;5.27812e-15;-9.990E+02
03:52:29.513;-00:46:23.248;1.11E+21;0.8;-999/-999;83304.6;7.41793e-15;1.63846e-15;3.51842e-15;1.75921e-15;-9.990E+02;8.81666e-15;2.55578e-15;-9.990E+02;6.70899e-15;2.75511e-15;-9.990E+02
03:53:10.036;-00:46:13.558;1.16E+21;0.560;+0.22/-0.17;85421.7;2.33417e-14;2.60689e-15;9.78507e-15;2.4098e-15;-9.990E+02;1.79178e-14;3.22097e-15;-9.990E+02;2.76797e-14;5.02409e-15;-9.990E+02
03:52:24.529;-00:42:22.064;1.10E+21;0.8;-999/-999;68817.6;1.18364e-14;2.06508e-15;7.33686e-15;2.50068e-15;-9.990E+02;1.51228e-14;3.31106e-15;-9.990E+02;7.03536e-15;2.77376e-15;-9.990E+02
03:52:24.651;-00:44:52.922;1.10E+21;0.8;-999/-999;70098.8;1.26486e-14;2.06508e-15;1.6731e-14;3.84129e-15;-9.990E+02;5.74579e-15;2.08138e-15;-9.990E+02;1.06977e-14;3.35667e-15;-9.990E+02
03:52:45.551;-00:37:26.242;1.11E+21;1.007;+0.23/-0.18;84071.5;1.85841e-14;2.0881e-15;2.3212e-14;4.00549e-15;-9.990E+02;1.46801e-14;2.94641e-15;-9.990E+02;1.83475e-14;3.7999e-15;-9.990E+02
03:53:04.149;-00:49:04.972;1.16E+21;0.589;+0.16/-0.14;83482.6;3.82677e-14;3.35682e-15;1.56119e-14;3.07191e-15;-9.990E+02;3.11562e-14;4.29052e-15;-9.990E+02;4.49059e-14;6.18398e-15;-9.990E+02
03:52:25.449;-00:39:29.101;1.09E+21;0.520;+0.19/-0.16;72203.1;3.33746e-14;3.23632e-15;8.93915e-15;2.36979e-15;-9.990E+02;2.90048e-14;4.37899e-15;-9.990E+02;4.03398e-14;6.42818e-15;-9.990E+02
03:52:20.384;-00:45:40.224;1.10E+21;0.8;-999/-999;65832.6;1.36571e-14;2.06508e-15;4.61808e-15;1.90229e-15;-9.990E+02;9.86947e-15;2.6802e-15;-9.990E+02;2.36277e-14;4.99025e-15;-9.990E+02
03:52:58.861;-00:50:33.663;1.15E+21;0.522;+0.28/-0.21;83798.7;1.42742e-14;2.24565e-15;3.83681e-15;-4.42183e-12;8.06712e-15;1.46197e-14;3.1119e-15;-9.990E+02;1.955e-14;4.53965e-15;-9.990E+02
03:53:07.956;-00:38:07.100;1.14E+21;0.881;+0.28/-0.21;85029.5;1.46468e-14;1.97352e-15;1.11756e-14;2.87859e-15;-9.990E+02;1.39053e-14;3.03045e-15;-9.990E+02;1.52242e-14;3.65883e-15;-9.990E+02
03:53:19.235;-00:43:32.479;1.16E+21;0.8;-999/-999;85198.0;8.67939e-15;1.70834e-15;8.38809e-15;2.65534e-15;-9.990E+02;2.79864e-15;1.44655e-15;-9.990E+02;1.29532e-14;3.68056e-15;-9.990E+02
03:52:17.357;-00:43:27.966;1.09E+21;0.342;+0.24/-0.18;64606.4;2.48684e-14;3.07832e-15;1.46171e-14;2.96773e-15;-9.990E+02;8.0327e-15;2.3426e-15;-9.990E+02;3.23032e-14;5.81311e-15;-9.990E+02
03:52:36.770;-00:51:07.010;1.13E+21;0.8;-999/-999;84122.4;1.94861e-14;2.42494e-15;2.32234e-14;4.14797e-15;-9.990E+02;1.54425e-14;3.245e-15;-9.990E+02;1.07519e-14;3.23158e-15;-9.990E+02
03:52:22.377;-00:48:15.365;1.10E+21;0.8;-999/-999;71931.0;1.15817e-14;1.89299e-15;1.02605e-14;2.87969e-15;-9.990E+02;1.12727e-14;2.86625e-15;-9.990E+02;7.87044e-15;2.84198e-15;-9.990E+02
03:53:21.315;-00:43:28.213;1.17E+21;0.577;+0.19/-0.15;85727.5;3.03413e-14;2.98635e-15;1.97347e-14;3.51055e-15;-9.990E+02;1.71551e-14;3.21369e-15;-9.990E+02;3.57524e-14;5.60512e-15;-9.990E+02
03:52:15.457;-00:43:23.125;1.09E+21;1.278;+0.09/-0.08;63477.8;7.40441e-14;3.44723e-15;1.38856e-13;9.24249e-15;-9.990E+02;7.46804e-14;6.11772e-15;-9.990E+02;6.52883e-14;6.43881e-15;-9.990E+02
03:53:11.060;-00:37:15.409;1.15E+21;0.8;-999/-999;84404.2;7.40853e-15;1.65252e-15;2.95583e-15;1.69891e-15;-9.990E+02;5.288e-15;2.14154e-15;-9.990E+02;1.2241e-14;3.80558e-15;-9.990E+02
03:52:58.429;-00:52:00.847;1.15E+21;0.565;+0.07/-0.06;84141.9;1.48128e-13;5.9898e-15;7.51702e-14;6.12135e-15;-9.990E+02;1.01876e-13;7.11812e-15;-9.990E+02;1.753e-13;1.08549e-14;-9.990E+02
03:53:04.900;-00:35:54.830;1.14E+21;0.8;-999/-999;82740.8;1.41277e-14;2.08296e-15;2.24055e-14;4.14184e-15;-9.990E+02;1.0654e-14;2.72809e-15;-9.990E+02;1.6461e-15;1.24195e-15;-9.990E+02
03:52:50.390;-00:34:44.621;1.12E+21;0.8;-999/-999;77401.7;9.23138e-15;1.90124e-15;3.07613e-15;1.74218e-15;-9.990E+02;8.36863e-15;2.7296e-15;-9.990E+02;1.36113e-14;4.00367e-15;-9.990E+02
03:53:16.260;-00:37:46.406;1.15E+21;0.8;-999/-999;78713.0;9.71859e-15;1.91345e-15;6.13947e-15;2.48349e-15;-9.990E+02;6.86457e-15;2.47966e-15;-9.990E+02;1.33499e-14;4.0055e-15;-9.990E+02
03:52:17.047;-00:39:19.518;1.08E+21;3.320;+0.09/-0.09;62611.3;1.07087e-14;3.48103e-16;7.74431e-13;2.57917e-14;-9.990E+02;3.4488e-15;1.12021e-15;-9.990E+02;3.11124e-15;8.78595e-16;-9.990E+02
03:53:20.814;-00:39:26.147;1.16E+21;0.118;+0.26/-0.20;84837.4;2.42114e-14;3.12871e-15;7.36853e-15;2.12474e-15;-9.990E+02;1.03139e-14;2.73052e-15;-9.990E+02;3.44686e-14;6.29066e-15;-9.990E+02
03:53:24.414;-00:45:05.029;1.17E+21;0.8;-999/-999;83993.5;6.3304e-15;1.57212e-15;5.3762e-15;2.21857e-15;-9.990E+02;3.57076e-15;1.71898e-15;-9.990E+02;8.25064e-15;3.06421e-15;-9.990E+02
03:52:41.748;-00:34:21.095;1.10E+21;0.844;+0.21/-0.16;72090.9;2.71937e-14;2.84138e-15;2.75478e-14;4.55022e-15;-9.990E+02;1.79198e-14;3.46903e-15;-9.990E+02;2.86276e-14;5.24002e-15;-9.990E+02
03:53:13.760;-00:36:32.545;1.15E+21;0.8;-999/-999;84575.4;7.51638e-15;1.70471e-15;4.07246e-15;2.05558e-15;-9.990E+02;9.70712e-15;2.96364e-15;-9.990E+02;5.05809e-15;2.55308e-15;-9.990E+02
03:53:18.004;-00:49:35.785;1.17E+21;0.8;-999/-999;85610.3;6.28324e-15;1.57212e-15;2.46291e-15;1.54076e-15;-9.990E+02;3.27047e-15;1.69139e-15;-9.990E+02;1.20918e-14;3.78273e-15;-9.990E+02
03:52:32.280;-00:34:53.989;1.09E+21;0.8;-999/-999;74613.5;1.3954e-14;2.23236e-15;4.92554e-15;2.1327e-15;-9.990E+02;9.06555e-15;2.74075e-15;-9.990E+02;2.53432e-14;5.67549e-15;-9.990E+02
03:53:27.602;-00:43:18.418;1.17E+21;0.8;-999/-999;77925.5;9.02572e-15;1.7468e-15;5.305e-15;2.13001e-15;-9.990E+02;6.26193e-15;2.19542e-15;-9.990E+02;1.30316e-14;3.70787e-15;-9.990E+02
03:52:17.714;-00:50:07.227;1.08E+21;0.8;-999/-999;64596.9;1.28735e-14;2.0562e-15;4.52473e-15;1.91152e-15;-9.990E+02;1.25567e-14;3.11968e-15;-9.990E+02;1.75693e-14;4.36504e-15;-9.990E+02
03:53:29.477;-00:43:28.209;1.18E+21;0.8;-999/-999;61740.7;1.36224e-14;2.27565e-15;2.48871e-15;1.58437e-15;-9.990E+02;1.97383e-14;4.27276e-15;-9.990E+02;1.21485e-14;3.86806e-15;-9.990E+02
03:53:30.327;-00:46:54.865;1.18E+21;0.653;+0.24/-0.19;41373.7;2.81961e-14;3.44322e-15;1.45397e-14;3.71289e-15;-9.990E+02;2.26114e-14;4.45292e-15;-9.990E+02;3.21733e-14;6.33596e-15;-9.990E+02
03:53:31.616;-00:48:26.859;1.18E+21;1.174;+0.14/-0.12;25532.7;6.38059e-14;4.39857e-15;8.97859e-14;1.01591e-14;-9.990E+02;6.87108e-14;7.77446e-15;-9.990E+02;5.87224e-14;7.88853e-15;-9.990E+02
03:53:33.090;-00:39:17.608;1.17E+21;0.990;+0.12/-0.11;25034.5;9.09835e-14;5.6721e-15;1.48174e-13;1.27619e-14;-9.990E+02;4.06928e-14;5.95637e-15;-9.990E+02;9.05196e-14;1.0291e-14;-9.990E+02
03:53:20.471;-00:52:57.307;1.18E+21;0.986;+0.13/-0.11;70421.6;5.74288e-14;3.85325e-15;5.22084e-14;6.31522e-15;-9.990E+02;5.9186e-14;6.15581e-15;-9.990E+02;5.72081e-14;6.92e-15;-9.990E+02
03:53:21.446;-00:34:27.760;1.15E+21;0.814;+0.13/-0.12;66731.0;5.91263e-14;4.3095e-15;4.88509e-14;6.25875e-15;-9.990E+02;4.56364e-14;5.56513e-15;-9.990E+02;6.32372e-14;7.71146e-15;-9.990E+02
00:00:11.977;+00:02:27.101;2.83E+20;0.8;-999/-999;965.4;1.47902e-13;5.5136e-14;2.19144e-13;8.87997e-14;-9.990E+02;0;-1.41846e-10;4.1993e-13;9.62889e-14;8.94458e-14;-9.990E+02
23:59:40.175;-00:03:06.684;3.30E+20;0.8;-999/-999;952.6;2.03507e-13;6.58282e-14;1.67853e-13;8.08388e-14;-9.990E+02;2.82962e-13;1.23722e-13;-9.990E+02;1.30548e-13;-2.53168e-10;4.71233e-13
22:35:35.848;-00:21:46.078;4.70E+20;0.8;-999/-999;7384.0;1.84979e-14;7.323e-15;7.12513e-15;6.26515e-15;-9.990E+02;3.66932e-14;1.61291e-14;-9.990E+02;0;-2.6994e-11;9.03042e-14
22:35:24.982;-00:25:26.654;4.65E+20;0.8;-999/-999;7497.6;1.83531e-14;7.312e-15;1.51005e-14;9.16988e-15;-9.990E+02;1.30002e-14;9.57244e-15;-9.990E+02;1.93672e-14;1.42606e-14;-9.990E+02
22:35:24.171;-00:27:13.669;4.63E+20;0.8;-999/-999;7702.7;2.4144e-14;8.33055e-15;1.32354e-14;8.56178e-15;-9.990E+02;1.71094e-14;1.10678e-14;-9.990E+02;3.82521e-14;2.02203e-14;-9.990E+02
22:36:10.428;-00:33:18.786;4.58E+20;0.8;-999/-999;7290.9;3.96611e-14;1.16736e-14;1.08538e-14;8.19832e-15;-9.990E+02;5.62838e-14;2.12632e-14;-9.990E+02;4.19613e-14;2.23314e-14;-9.990E+02
22:36:33.658;-00:33:55.212;4.59E+20;1.893;+0.06/-0.06;2738.2;2.00908e-12;5.03184e-14;5.94821e-12;2.25924e-13;-9.990E+02;7.3423e-12;2.46582e-13;-9.990E+02;1.36976e-12;1.12245e-13;-9.990E+02
02:29:23.524;-00:00:42.972;2.13E+20;0.8;-999/-999;2412.4;1.34067e-13;3.09281e-14;1.23419e-13;3.92295e-14;-9.990E+02;1.40456e-13;5.0022e-14;-9.990E+02;3.57876e-14;3.20414e-14;-9.990E+02
02:29:46.430;+00:01:56.320;2.11E+20;0.8;-999/-999;2424.6;7.24254e-14;2.28429e-14;6.66082e-14;-3.93257e-11;1.65061e-13;1.13817e-13;4.65265e-14;-9.990E+02;1.1604e-13;5.75895e-14;-9.990E+02
02:29:31.107;-00:08:43.247;2.12E+20;0.8;-999/-999;2335.7;1.46518e-13;3.3605e-14;1.14875e-13;3.81526e-14;-9.990E+02;1.74441e-13;5.79359e-14;-9.990E+02;5.33547e-14;3.93823e-14;-9.990E+02
22:26:46.533;+00:52:11.207;4.51E+20;0.8;-999/-999;4413.6;2.08368e-13;2.9122e-14;1.09822e-13;3.01182e-14;-9.990E+02;2.50261e-13;5.13124e-14;-9.990E+02;1.86714e-13;5.4026e-14;-9.990E+02
22:26:19.252;+00:49:01.245;4.49E+20;0.8;-999/-999;4706.0;3.1345e-14;1.19326e-14;4.27365e-14;1.87524e-14;-9.990E+02;2.22836e-14;1.57162e-14;-9.990E+02;2.80984e-14;-4.42573e-11;1.09887e-13
22:26:44.893;+00:45:18.763;4.52E+20;0.8;-999/-999;4374.2;3.13002e-14;1.22346e-14;4.27469e-14;-2.33549e-11;9.87687e-14;5.83818e-14;2.6366e-14;-9.990E+02;2.90287e-14;2.26913e-14;-9.990E+02
22:26:15.911;+00:47:08.295;4.49E+20;0.8;-999/-999;4896.6;4.3365e-14;1.39699e-14;4.59577e-14;2.07351e-14;-9.990E+02;3.59578e-14;2.12409e-14;-9.990E+02;1.78877e-14;1.75743e-14;-9.990E+02
23:40:23.779;-00:53:29.524;3.40E+20;0.8;-999/-999;4902.6;7.5577e-14;1.68636e-14;6.88545e-14;2.21927e-14;-9.990E+02;3.60596e-14;1.85838e-14;-9.990E+02;9.06597e-14;3.59565e-14;-9.990E+02
23:40:12.264;-00:45:43.912;3.43E+20;0.8;-999/-999;5003.1;2.57004e-14;1.01282e-14;2.34527e-14;1.29557e-14;-9.990E+02;3.26693e-14;1.80471e-14;-9.990E+02;3.08017e-14;-3.87947e-11;3.2533e-13
23:40:19.615;-00:59:07.197;3.39E+20;0.8;-999/-999;5261.8;1.12258e-13;2.1072e-14;1.39014e-13;3.27002e-14;-9.990E+02;2.28447e-14;1.5287e-14;-9.990E+02;1.03386e-13;3.8949e-14;-9.990E+02
23:40:34.700;-00:44:32.769;3.41E+20;0.8;-999/-999;5111.9;2.63166e-14;1.05435e-14;2.39808e-14;1.32948e-14;-9.990E+02;1.67241e-14;1.3182e-14;-9.990E+02;2.52353e-14;1.98905e-14;-9.990E+02
01:33:52.535;+01:13:43.999;2.56E+20;0.8;-999/-999;1908.5;3.79336e-13;5.7351e-14;2.8992e-13;6.5976e-14;-9.990E+02;2.99163e-13;8.10625e-14;-9.990E+02;3.90323e-13;1.15153e-13;-9.990E+02
01:33:48.007;+01:06:38.237;2.56E+20;0.8;-999/-999;2011.6;5.95221e-14;2.4579e-14;6.276e-14;3.2736e-14;-9.990E+02;4.69532e-14;-6.36186e-11;2.03771e-13;9.39318e-14;6.16697e-14;-9.990E+02
03:30:58.950;+01:09:53.402;7.98E+20;0.8;-999/-999;3312.4;5.57802e-14;1.92456e-14;1.75465e-14;1.62044e-14;-9.990E+02;3.74772e-14;2.45019e-14;-9.990E+02;1.07938e-13;4.98459e-14;-9.990E+02
22:48:06.906;-00:36:53.376;5.67E+20;0.8;-999/-999;9460.8;2.3859e-14;7.536e-15;1.59464e-14;8.84939e-15;-9.990E+02;2.58349e-14;1.23246e-14;-9.990E+02;1.90466e-14;1.27573e-14;-9.990E+02
22:48:04.147;-00:35:44.988;5.68E+20;0.8;-999/-999;9552.2;2.53595e-14;7.68927e-15;1.69552e-14;-1.54042e-11;4.19648e-14;2.74533e-14;-1.87073e-11;5.09632e-14;9.10399e-14;2.76043e-14;-9.990E+02
22:48:19.515;-00:36:41.778;5.70E+20;1.027;+0.18/-0.14;8974.9;1.97863e-13;1.75322e-14;2.30883e-13;3.15354e-14;-9.990E+02;1.71503e-13;2.78908e-14;-9.990E+02;1.93366e-13;3.51289e-14;-9.990E+02
22:47:54.365;-00:35:12.718;5.65E+20;0.8;-999/-999;9460.4;2.22646e-14;7.23072e-15;2.67617e-14;1.11633e-14;-9.990E+02;1.08534e-14;8.07488e-15;-9.990E+02;1.60042e-14;1.19071e-14;-9.990E+02
22:48:20.836;-00:32:21.960;5.76E+20;1.376;+0.27/-0.20;9247.1;8.56221e-14;9.85501e-15;1.33159e-13;2.39095e-14;-9.990E+02;1.42885e-13;2.62537e-14;-9.990E+02;7.23795e-14;2.05189e-14;-9.990E+02
22:48:40.748;-00:33:02.434;5.79E+20;0.8;-999/-999;9868.8;3.11554e-14;8.77192e-15;1.25555e-14;7.99759e-15;-9.990E+02;4.54415e-14;1.66104e-14;-9.990E+02;2.2309e-14;1.42104e-14;-9.990E+02
22:48:52.490;-00:36:58.014;5.74E+20;0.775;+0.14/-0.12;9909.4;3.77338e-13;2.92391e-14;2.06675e-13;2.98139e-14;-9.990E+02;3.74061e-13;4.47695e-14;-9.990E+02;4.09274e-13;5.79774e-14;-9.990E+02
02:04:41.761;+00:49:56.284;2.21E+20;0.8;-999/-999;8066.5;3.05458e-14;8.0916e-15;1.44191e-14;7.25625e-15;-9.990E+02;5.80337e-14;1.80866e-14;-9.990E+02;0;-3.22657e-11;7.34241e-14
02:05:04.147;+00:52:11.997;2.26E+20;0.8;-999/-999;8128.8;1.6158e-14;6.3497e-15;5.6113e-15;4.97141e-15;-9.990E+02;1.6874e-14;1.05066e-14;-9.990E+02;2.57654e-14;1.60428e-14;-9.990E+02
02:04:45.643;+00:40:03.345;2.21E+20;0.8;-999/-999;8368.2;2.69855e-14;8.0916e-15;1.75196e-14;8.57535e-15;-9.990E+02;8.81252e-15;7.55107e-15;-9.990E+02;5.38838e-14;2.27378e-14;-9.990E+02
02:05:13.577;+00:52:21.928;2.26E+20;0.8;-999/-999;8170.4;2.12512e-14;7.2954e-15;9.21856e-15;6.4176e-15;-9.990E+02;6.93505e-15;-1.90212e-11;9.17387e-14;6.35253e-14;2.53832e-14;-9.990E+02
02:04:17.546;+00:48:30.672;2.21E+20;0.219;+0.22/-0.18;4042.5;1.94648e-13;2.60117e-14;8.87674e-14;1.69836e-14;-9.990E+02;3.97376e-14;1.56414e-14;-9.990E+02;2.65507e-13;5.07987e-14;-9.990E+02
22:34:21.761;+00:42:39.870;5.51E+20;0.8;-999/-999;5128.1;3.59172e-14;1.27525e-14;1.58924e-14;1.20627e-14;-9.990E+02;2.92456e-14;1.81681e-14;-9.990E+02;5.75741e-14;3.10489e-14;-9.990E+02
22:34:39.916;+00:41:26.651;5.49E+20;0.581;+0.18/-0.15;4712.2;4.17256e-13;4.1988e-14;1.34695e-13;3.08077e-14;-9.990E+02;3.90773e-13;5.96032e-14;-9.990E+02;4.90664e-13;8.3178e-14;-9.990E+02
22:34:10.441;+00:42:12.196;5.51E+20;0.8;-999/-999;5187.1;6.89238e-14;1.65033e-14;3.92232e-14;1.72128e-14;-9.990E+02;6.01328e-14;2.30344e-14;-9.990E+02;8.87962e-14;3.40142e-14;-9.990E+02
22:34:40.235;+00:38:26.119;5.46E+20;0.8;-999/-999;5178.0;4.00442e-14;1.36327e-14;1.9894e-14;1.33748e-14;-9.990E+02;7.33905e-14;2.91584e-14;-9.990E+02;5.16505e-14;-4.91887e-11;1.1936e-13
22:34:11.405;+00:47:55.485;5.56E+20;0.8;-999/-999;5193.3;2.90433e-14;1.15693e-14;1.93228e-14;1.30267e-14;-9.990E+02;1.18135e-14;1.12928e-14;-9.990E+02;5.22977e-14;2.85732e-14;-9.990E+02
22:34:21.202;+00:51:22.818;5.58E+20;0.8;-999/-999;5180.9;3.41099e-14;1.24774e-14;1.13547e-14;1.01448e-14;-9.990E+02;1.38701e-14;1.23921e-14;-9.990E+02;8.1879e-14;3.52897e-14;-9.990E+02
22:34:35.745;+00:35:47.395;5.44E+20;0.8;-999/-999;4998.1;7.27789e-14;1.79664e-14;1.44498e-13;3.56712e-14;-9.990E+02;2.96639e-14;-4.3899e-11;1.06837e-13;1.75358e-13;-6.48731e-11;1.57881e-13
22:34:37.940;+00:31:35.047;5.40E+20;0.8;-999/-999;3530.3;1.4282e-13;2.84145e-14;7.07851e-14;2.81599e-14;-9.990E+02;1.74746e-13;4.86727e-14;-9.990E+02;1.29196e-13;5.13969e-14;-9.990E+02
02:55:46.930;+00:38:15.648;6.62E+20;0.8;-999/-999;3117.2;4.46821e-14;1.85724e-14;3.7258e-14;2.39645e-14;-9.990E+02;4.28817e-14;2.75816e-14;-9.990E+02;3.1304e-14;2.88051e-14;-9.990E+02
02:56:14.367;+00:39:39.474;6.63E+20;0.8;-999/-999;3214.4;8.90215e-14;2.63194e-14;5.3036e-14;2.95491e-14;-9.990E+02;9.14908e-14;4.12897e-14;-9.990E+02;8.90621e-14;4.96211e-14;-9.990E+02
02:04:31.458;+00:23:58.420;2.20E+20;0.8;-999/-999;6913.5;7.14628e-14;1.3481e-14;6.80244e-14;1.71064e-14;-9.990E+02;5.60189e-14;1.87892e-14;-9.990E+02;4.28056e-14;2.00947e-14;-9.990E+02
02:04:24.092;+00:25:10.453;2.19E+20;0.8;-999/-999;6740.5;5.42409e-14;1.15894e-14;5.8648e-14;1.58508e-14;-9.990E+02;1.77262e-14;1.09204e-14;-9.990E+02;5.4152e-14;2.31465e-14;-9.990E+02
02:04:42.517;+00:25:39.320;2.21E+20;0.8;-999/-999;6747.4;2.44636e-14;8.22646e-15;2.11874e-14;1.01069e-14;-9.990E+02;7.99152e-15;-2.14728e-11;1.05708e-13;4.88507e-14;2.3303e-14;-9.990E+02
02:04:37.653;+00:20:34.703;2.21E+20;0.8;-999/-999;6793.6;2.59471e-14;8.49618e-15;3.37131e-14;1.26564e-14;-9.990E+02;8.47426e-15;7.74487e-15;-9.990E+02;1.29461e-14;1.18318e-14;-9.990E+02
02:04:29.776;+00:18:17.605;2.21E+20;0.8;-999/-999;7184.6;2.60954e-14;8.49618e-15;7.53174e-15;5.9138e-15;-9.990E+02;3.40979e-14;1.55602e-14;-9.990E+02;3.47311e-14;1.9578e-14;-9.990E+02
02:04:02.088;+00:25:45.112;2.18E+20;0.8;-999/-999;7305.4;2.46672e-14;8.21792e-15;1.59963e-14;8.65261e-15;-9.990E+02;2.41912e-14;1.30853e-14;-9.990E+02;2.46371e-14;1.64175e-14;-9.990E+02
03:10:48.554;+01:22:01.120;6.12E+20;0.8;-999/-999;27140.7;1.61362e-14;3.20586e-15;1.17709e-14;3.8374e-15;-9.990E+02;1.39368e-14;4.5435e-15;-9.990E+02;1.63575e-14;5.88221e-15;-9.990E+02
03:10:44.267;+01:19:32.611;6.12E+20;0.8;-999/-999;33377.6;1.29792e-14;2.90054e-15;1.59013e-14;4.68842e-15;-9.990E+02;1.25528e-14;4.3811e-15;-9.990E+02;1.31564e-14;-1.02803e-11;2.02898e-14
03:10:51.612;+01:17:51.573;6.13E+20;0.8;-999/-999;36251.8;7.86405e-15;2.4432e-15;3.21298e-15;2.19606e-15;-9.990E+02;5.70306e-15;3.3074e-15;-9.990E+02;1.39472e-14;6.23969e-15;-9.990E+02
03:10:43.306;+01:16:46.015;6.12E+20;0.8;-999/-999;37582.2;8.03144e-15;2.44256e-15;3.78128e-15;2.31584e-15;-9.990E+02;8.95781e-15;4.00832e-15;-9.990E+02;8.76374e-15;4.95221e-15;-9.990E+02
03:11:02.201;+01:21:21.154;6.14E+20;0.8;-999/-999;37377.0;7.19558e-15;2.2911e-15;1.33698e-15;1.40472e-15;-9.990E+02;9.48767e-15;4.0461e-15;-9.990E+02;9.27846e-15;4.99997e-15;-9.990E+02
03:11:07.323;+01:19:39.122;6.16E+20;0.8;-999/-999;37362.1;1.33115e-14;2.90377e-15;7.56468e-15;3.23843e-15;-9.990E+02;1.6085e-14;5.10317e-15;-9.990E+02;1.04867e-14;4.98986e-15;-9.990E+02
03:11:10.076;+01:20:15.894;6.16E+20;0.8;-999/-999;37049.4;7.79891e-15;2.44528e-15;4.78575e-15;2.80081e-15;-9.990E+02;9.41982e-15;4.25388e-15;-9.990E+02;5.53045e-15;3.81336e-15;-9.990E+02
03:11:01.082;+01:16:20.655;6.16E+20;0.8;-999/-999;38717.7;1.13874e-14;2.90377e-15;2.14999e-14;5.51409e-15;-9.990E+02;2.1166e-15;1.90427e-15;-9.990E+02;8.07088e-15;-1.02809e-11;2.0513e-14
03:10:18.336;+01:15:00.839;5.99E+20;0.137;+0.26/-0.20;19220.8;5.40029e-14;7.54664e-15;6.25281e-15;2.72934e-15;-9.990E+02;3.75167e-14;8.18932e-15;-9.990E+02;7.62061e-14;1.50784e-14;-9.990E+02
03:10:49.503;+01:13:59.710;6.14E+20;0.8;-999/-999;38299.3;1.44675e-14;3.20754e-15;9.09634e-15;3.74592e-15;-9.990E+02;1.61364e-14;5.26067e-15;-9.990E+02;1.18405e-14;5.68733e-15;-9.990E+02
03:10:33.016;+01:12:41.944;6.04E+20;0.8;-999/-999;35996.5;1.13425e-14;2.89389e-15;1.04938e-14;3.85962e-15;-9.990E+02;2.49637e-15;2.10182e-15;-9.990E+02;1.83321e-14;6.74255e-15;-9.990E+02
03:10:28.556;+01:12:19.225;6.03E+20;0.8;-999/-999;31037.7;1.57143e-14;3.50221e-15;1.06537e-14;4.07064e-15;-9.990E+02;1.90207e-14;6.05758e-15;-9.990E+02;9.30942e-15;4.98235e-15;-9.990E+02
03:11:19.062;+01:18:54.465;6.18E+20;0.8;-999/-999;37136.0;2.29824e-14;3.97566e-15;1.41109e-14;4.52001e-15;-9.990E+02;3.3308e-14;7.46826e-15;-9.990E+02;8.1416e-15;4.38173e-15;-9.990E+02
03:11:12.789;+01:14:54.121;6.18E+20;0.8;-999/-999;38069.6;8.79385e-15;2.75238e-15;2.57177e-15;2.08221e-15;-9.990E+02;1.51692e-14;5.49223e-15;-9.990E+02;4.45053e-15;3.60332e-15;-9.990E+02
03:11:24.004;+01:13:13.218;6.21E+20;0.020;+0.20/-0.16;28227.5;3.32702e-14;7.42432e-15;5.14401e-15;-8.02607e-12;2.37895e-14;3.98029e-14;-1.24267e-11;3.68332e-14;9.15423e-14;2.04278e-14;-9.990E+02
03:10:37.636;+01:07:03.749;6.11E+20;0.8;-999/-999;27868.1;2.4967e-14;5.34135e-15;2.83225e-14;8.05876e-15;-9.990E+02;1.3422e-14;6.17773e-15;-9.990E+02;1.96991e-14;9.06689e-15;-9.990E+02
03:11:03.925;+01:06:57.013;6.19E+20;0.8;-999/-999;29227.5;1.84164e-14;4.5888e-15;7.53945e-15;4.20355e-15;-9.990E+02;1.77861e-14;6.99994e-15;-9.990E+02;2.60824e-14;1.0265e-14;-9.990E+02
03:11:24.580;+01:06:57.057;6.23E+20;0.8;-999/-999;27472.3;8.4344e-14;1.20973e-14;7.41276e-14;1.60348e-14;-9.990E+02;5.81334e-14;1.54961e-14;-9.990E+02;8.52141e-14;2.27147e-14;-9.990E+02
02:42:40.740;-00:00:46.739;2.92E+20;1.818;+0.01/-0.01;37614.1;3.14125e-12;1.94743e-14;1.34782e-11;1.03216e-13;-9.990E+02;5.31864e-12;6.7284e-14;-9.990E+02;2.20711e-12;4.99434e-14;-9.990E+02
02:43:04.734;+00:00:03.614;2.93E+20;0.396;+0.27/-0.20;39860.7;3.2994e-14;4.79778e-15;9.55571e-15;2.93397e-15;-9.990E+02;2.41304e-14;5.95384e-15;-9.990E+02;4.18795e-14;9.64486e-15;-9.990E+02
02:42:47.603;+00:05:01.094;2.93E+20;0.8;-999/-999;38321.3;7.16359e-15;2.21312e-15;4.56969e-15;2.25841e-15;-9.990E+02;9.20105e-15;4.06211e-15;-9.990E+02;3.98855e-15;3.2028e-15;-9.990E+02
02:43:08.153;-00:01:26.601;2.94E+20;0.8;-999/-999;39691.4;1.38923e-14;2.90577e-15;8.27378e-15;2.98865e-15;-9.990E+02;1.01976e-14;4.06979e-15;-9.990E+02;2.06141e-14;7.2001e-15;-9.990E+02
02:43:00.121;-00:03:57.914;2.93E+20;0.8;-999/-999;38077.3;1.5644e-14;3.18136e-15;1.07474e-14;3.49519e-15;-9.990E+02;1.7009e-14;5.23845e-15;-9.990E+02;1.17269e-14;5.40537e-15;-9.990E+02
02:42:28.011;+00:04:06.991;2.91E+20;0.8;-999/-999;38254.6;7.91309e-15;2.34974e-15;2.56731e-15;1.84472e-15;-9.990E+02;3.69878e-15;2.65772e-15;-9.990E+02;1.96321e-14;7.32904e-15;-9.990E+02
02:42:52.047;-00:06:13.142;2.92E+20;0.8;-999/-999;38384.1;1.03108e-14;2.62713e-15;5.25705e-15;2.42565e-15;-9.990E+02;9.46297e-15;3.9586e-15;-9.990E+02;1.43512e-14;6.00346e-15;-9.990E+02
02:42:44.404;-00:06:34.329;2.92E+20;1.990;+0.17/-0.15;38245.4;3.57438e-14;2.11332e-15;1.80005e-13;1.35833e-14;-9.990E+02;9.84704e-14;1.05403e-14;-9.990E+02;2.3441e-14;5.28758e-15;-9.990E+02
02:42:50.983;+00:10:11.554;2.94E+20;0.8;-999/-999;28590.7;2.31908e-14;3.73599e-15;1.46219e-14;3.94284e-15;-9.990E+02;2.45254e-14;6.10646e-15;-9.990E+02;2.125e-14;6.94681e-15;-9.990E+02
02:42:14.028;-00:01:38.162;2.88E+20;0.8;-999/-999;33994.7;1.3605e-14;3.17584e-15;6.92631e-15;2.99689e-15;-9.990E+02;7.5014e-15;3.84305e-15;-9.990E+02;2.65501e-14;8.75125e-15;-9.990E+02
02:42:11.821;+00:01:50.999;2.87E+20;0.8;-999/-999;37287.7;2.116e-14;3.72681e-15;1.8855e-14;4.67626e-15;-9.990E+02;1.55587e-14;5.01103e-15;-9.990E+02;1.77073e-14;6.61193e-15;-9.990E+02
02:42:20.422;-00:05:02.357;2.89E+20;0.8;-999/-999;32681.7;1.03114e-14;2.90073e-15;2.04256e-15;1.75446e-15;-9.990E+02;1.17862e-14;5.06189e-15;-9.990E+02;1.788e-14;7.67904e-15;-9.990E+02
02:42:47.908;-00:08:43.925;2.90E+20;0.8;-999/-999;38036.7;8.3516e-15;2.48724e-15;1.48942e-15;1.39898e-15;-9.990E+02;1.28821e-14;4.92049e-15;-9.990E+02;9.77008e-15;5.22292e-15;-9.990E+02
02:43:30.785;-00:01:03.745;2.97E+20;0.8;-999/-999;27391.6;1.03412e-14;2.7702e-15;6.93756e-15;3.09713e-15;-9.990E+02;1.32766e-14;5.1094e-15;-9.990E+02;5.02948e-15;3.70528e-15;-9.990E+02
02:42:11.269;-00:01:37.252;2.88E+20;0.8;-999/-999;33347.3;1.28193e-14;3.17584e-15;1.14192e-14;4.0426e-15;-9.990E+02;1.41291e-14;5.36677e-15;-9.990E+02;3.57271e-15;3.3286e-15;-9.990E+02
02:43:25.522;-00:04:13.875;2.97E+20;0.925;+0.15/-0.12;30984.6;7.89802e-14;6.215e-15;3.27049e-14;5.75383e-15;-9.990E+02;1.2383e-13;1.31921e-14;-9.990E+02;8.05002e-14;1.30175e-14;-9.990E+02
02:42:08.759;+00:02:03.660;2.87E+20;0.8;-999/-999;34451.7;3.03252e-14;4.41696e-15;1.35051e-14;3.85263e-15;-9.990E+02;4.46056e-14;8.58018e-15;-9.990E+02;2.11453e-14;7.38791e-15;-9.990E+02
02:43:16.531;-00:07:27.623;2.96E+20;0.8;-999/-999;25222.5;1.75706e-14;3.59996e-15;1.14283e-14;3.83254e-15;-9.990E+02;2.46126e-14;6.82243e-15;-9.990E+02;6.21937e-15;4.33739e-15;-9.990E+02
02:42:07.309;+00:00:40.177;2.87E+20;0.987;+0.23/-0.18;34723.3;3.56611e-14;4.21056e-15;3.88601e-14;6.52339e-15;-9.990E+02;2.90638e-14;6.42988e-15;-9.990E+02;3.54451e-14;8.59152e-15;-9.990E+02
02:43:21.601;-00:07:42.129;2.96E+20;0.8;-999/-999;20192.8;2.92566e-14;4.70764e-15;2.09329e-14;5.34278e-15;-9.990E+02;3.00592e-14;7.67212e-15;-9.990E+02;2.27864e-14;8.10566e-15;-9.990E+02
02:42:00.909;+00:00:20.562;2.87E+20;0.926;+0.10/-0.09;24323.4;1.82487e-13;1.00213e-14;1.48637e-13;1.2858e-14;-9.990E+02;1.85472e-13;1.70751e-14;-9.990E+02;1.8586e-13;2.06575e-14;-9.990E+02
02:42:51.011;-00:11:13.657;2.90E+20;0.426;+0.28/-0.21;26412.8;4.13972e-14;6.33815e-15;1.59589e-14;4.39182e-15;-9.990E+02;2.57129e-14;7.07608e-15;-9.990E+02;5.18609e-14;1.27382e-14;-9.990E+02
02:41:57.530;+00:09:41.105;2.88E+20;0.8;-999/-999;3400.6;1.31425e-12;3.59008e-14;1.63943e-12;5.3319e-14;-9.990E+02;1.01439e-12;5.2318e-14;-9.990E+02;1.9728e-12;-1.39945e-10;3.38734e-12
02:56:37.457;-01:25:44.270;6.08E+20;0.8;-999/-999;16552.1;1.27695e-14;4.42221e-15;8.67638e-15;5.07029e-15;-9.990E+02;1.545e-14;7.35607e-15;-9.990E+02;7.56074e-15;6.38005e-15;-9.990E+02
02:56:40.346;-01:25:40.833;6.09E+20;0.8;-999/-999;17561.3;1.88375e-14;5.03349e-15;7.2015e-15;4.492e-15;-9.990E+02;2.27759e-14;8.62628e-15;-9.990E+02;2.08953e-14;1.00523e-14;-9.990E+02
02:56:23.339;-01:23:11.592;5.99E+20;0.8;-999/-999;17266.9;1.22106e-14;4.1067e-15;3.10176e-15;2.85986e-15;-9.990E+02;1.47887e-14;7.10875e-15;-9.990E+02;1.63052e-14;8.77262e-15;-9.990E+02
02:56:34.528;-01:21:54.658;6.02E+20;0.8;-999/-999;17815.1;1.25255e-14;4.26244e-15;9.55054e-15;5.25357e-15;-9.990E+02;1.13729e-14;6.25599e-15;-9.990E+02;1.11397e-14;7.80915e-15;-9.990E+02
02:56:16.479;-01:26:36.350;5.82E+20;1.194;+0.18/-0.15;17581.4;1.0277e-13;8.628e-15;1.52473e-13;1.86838e-14;-9.990E+02;1.07112e-13;1.62053e-14;-9.990E+02;9.38443e-14;1.77556e-14;-9.990E+02
02:56:12.849;-01:23:46.519;5.78E+20;0.8;-999/-999;17997.0;1.49612e-14;4.536e-15;6.69508e-15;4.37509e-15;-9.990E+02;1.21238e-14;6.43318e-15;-9.990E+02;2.38032e-14;1.0827e-14;-9.990E+02
02:56:39.418;-01:20:47.994;6.03E+20;-0.716;+0.36/-0.09;17466.8;3.52472e-14;8.946e-15;5.8943e-15;-6.72508e-12;1.5906e-14;4.99769e-15;4.13286e-15;-9.990E+02;8.62727e-14;2.31849e-14;-9.990E+02
02:56:13.194;-01:23:16.844;5.77E+20;0.8;-999/-999;18115.7;2.25818e-14;5.29025e-15;3.97655e-14;9.81815e-15;-9.990E+02;6.86235e-15;4.42175e-15;-9.990E+02;7.3514e-14;-1.89307e-11;3.33953e-14
02:56:58.748;-01:25:56.909;6.18E+20;0.8;-999/-999;17725.7;2.57348e-14;5.96349e-15;1.40515e-14;6.20093e-15;-9.990E+02;1.24323e-14;6.40084e-15;-9.990E+02;4.86167e-14;1.54273e-14;-9.990E+02
02:56:25.649;-01:19:11.961;5.95E+20;0.8;-999/-999;17730.9;2.03282e-14;5.31755e-15;3.17014e-15;2.97451e-15;-9.990E+02;1.89516e-14;8.00056e-15;-9.990E+02;3.90144e-14;1.37214e-14;-9.990E+02
02:56:22.261;-01:18:44.930;5.93E+20;0.8;-999/-999;18001.1;1.20667e-14;4.25152e-15;2.71664e-15;2.87139e-15;-9.990E+02;1.6255e-14;7.73346e-15;-9.990E+02;1.43381e-14;8.84221e-15;-9.990E+02
02:56:58.241;-01:19:31.021;6.09E+20;0.8;-999/-999;18222.4;1.26417e-14;4.42337e-15;3.22279e-15;3.26323e-15;-9.990E+02;1.5286e-14;7.51203e-15;-9.990E+02;1.68332e-14;9.6894e-15;-9.990E+02
02:57:05.233;-01:21:31.836;6.14E+20;0.8;-999/-999;18162.1;1.02229e-14;3.97124e-15;2.98519e-15;3.06604e-15;-9.990E+02;7.05853e-15;5.12039e-15;-9.990E+02;2.07181e-14;1.0638e-14;-9.990E+02
00:22:01.046;+00:06:58.764;2.76E+20;1.421;+0.12/-0.11;5896.2;4.29273e-13;2.43068e-14;7.61294e-13;6.159e-14;-9.990E+02;7.39112e-13;6.83261e-14;-9.990E+02;3.5653e-13;5.5929e-14;-9.990E+02
00:21:29.633;+00:06:24.553;2.78E+20;0.8;-999/-999;6053.6;2.08066e-14;8.66943e-15;1.47613e-14;9.36804e-15;-9.990E+02;1.07244e-14;9.75235e-15;-9.990E+02;3.25752e-14;2.06734e-14;-9.990E+02
00:21:47.459;+00:00:30.850;2.75E+20;0.688;+0.14/-0.12;5848.8;4.61338e-13;3.7605e-14;2.53523e-13;3.48981e-14;-9.990E+02;3.81132e-13;5.24637e-14;-9.990E+02;5.19152e-13;7.64862e-14;-9.990E+02
00:22:15.443;+00:01:21.807;2.73E+20;0.8;-999/-999;6009.4;4.75163e-14;1.27754e-14;2.80421e-14;1.29047e-14;-9.990E+02;4.08796e-14;1.88124e-14;-9.990E+02;6.21179e-14;2.85861e-14;-9.990E+02
00:22:19.361;+00:01:14.399;2.73E+20;0.8;-999/-999;6043.9;2.03857e-14;8.92905e-15;1.20316e-14;-1.57916e-11;4.76448e-14;1.75396e-14;-2.30209e-11;6.94563e-14;7.99505e-14;3.50187e-14;-9.990E+02
00:22:14.062;-00:01:12.764;2.74E+20;0.8;-999/-999;5860.1;2.59999e-14;1.00317e-14;7.67684e-15;7.5527e-15;-9.990E+02;2.23604e-14;1.5531e-14;-9.990E+02;5.09981e-14;2.88393e-14;-9.990E+02
00:21:11.785;+00:01:42.012;2.78E+20;0.8;-999/-999;5987.0;3.55171e-14;1.22473e-14;2.1014e-14;1.28716e-14;-9.990E+02;3.05342e-14;1.87029e-14;-9.990E+02;4.63737e-14;2.8405e-14;-9.990E+02
21:23:29.824;-00:50:51.141;3.84E+20;0.8;-999/-999;3815.1;9.42673e-14;2.13855e-14;8.07803e-14;2.71562e-14;-9.990E+02;5.48231e-14;2.60931e-14;-9.990E+02;1.09827e-13;4.68667e-14;-9.990E+02
21:23:10.386;-00:46:23.495;3.85E+20;0.8;-999/-999;4055.8;1.31258e-13;2.42437e-14;2.43796e-13;4.50296e-14;-9.990E+02;7.63153e-14;-6.10091e-11;7.27942e-14;1.52843e-13;-9.16411e-11;1.09343e-13
21:23:49.236;-00:52:48.054;3.84E+20;0.8;-999/-999;3689.6;3.51578e-14;1.39719e-14;9.32468e-15;9.63435e-15;-9.990E+02;5.06197e-14;2.68259e-14;-9.990E+02;3.80374e-14;2.77023e-14;-9.990E+02
21:24:19.656;-00:46:46.867;3.83E+20;0.8;-999/-999;2606.1;1.20173e-13;2.70788e-14;3.71594e-14;2.01005e-14;-9.990E+02;1.51483e-13;4.77763e-14;-9.990E+02;1.5165e-13;5.81235e-14;-9.990E+02
21:28:48.640;+00:40:09.559;3.74E+20;0.8;-999/-999;6529.8;2.72709e-14;9.37926e-15;7.20351e-15;6.35758e-15;-9.990E+02;1.96818e-14;1.24335e-14;-9.990E+02;5.91952e-14;2.64139e-14;-9.990E+02
21:29:40.443;+00:35:27.248;3.70E+20;1.003;+0.14/-0.12;6597.8;4.17319e-13;3.09478e-14;3.82718e-13;4.43593e-14;-9.990E+02;4.56449e-13;5.44214e-14;-9.990E+02;4.12398e-13;6.21324e-14;-9.990E+02
21:29:57.401;+00:31:27.444;3.68E+20;0.8;-999/-999;4284.4;8.62894e-14;1.98562e-14;4.54801e-14;1.91022e-14;-9.990E+02;3.11678e-14;1.87717e-14;-9.990E+02;1.87605e-13;5.58445e-14;-9.990E+02
03:39:30.075;+00:00:19.709;6.04E+20;0.8;-999/-999;1614.9;8.11051e-14;3.35082e-14;0;-6.81402e-11;2.17813e-13;7.85416e-14;5.14392e-14;-9.990E+02;1.73032e-13;9.29876e-14;-9.990E+02
23:48:25.979;+00:43:48.437;3.36E+20;0.8;-999/-999;11156.4;2.79417e-14;7.017e-15;1.90651e-14;7.70721e-15;-9.990E+02;8.89121e-15;6.40138e-15;-9.990E+02;5.36961e-14;1.88263e-14;-9.990E+02
23:48:30.374;+00:39:18.751;3.37E+20;0.790;+0.17/-0.15;11087.6;1.79614e-13;1.69848e-14;8.75498e-14;1.59089e-14;-9.990E+02;2.02874e-13;2.8604e-14;-9.990E+02;1.93744e-13;3.46067e-14;-9.990E+02
23:48:37.203;+00:47:30.612;3.35E+20;0.8;-999/-999;10973.5;1.26228e-14;5.0508e-15;6.20889e-15;-9.17304e-12;3.03812e-14;2.57162e-14;1.15294e-14;-9.990E+02;9.70686e-15;8.70382e-15;-9.990E+02
23:48:07.871;+00:48:22.542;3.34E+20;0.8;-999/-999;10605.7;3.39826e-14;7.71375e-15;1.54418e-14;7.14995e-15;-9.990E+02;4.32842e-14;1.41423e-14;-9.990E+02;3.2669e-14;1.51265e-14;-9.990E+02
01:22:00.142;+00:20:09.706;3.39E+20;0.8;-999/-999;1078.4;1.55933e-13;5.05728e-14;1.42008e-13;6.54515e-14;-9.990E+02;1.98324e-13;9.14076e-14;-9.990E+02;0;-1.93936e-10;9.89095e-13
01:22:03.163;+00:20:00.015;3.39E+20;0.8;-999/-999;1049.5;1.96953e-13;5.6192e-14;8.96824e-14;4.98691e-14;-9.990E+02;3.75922e-13;1.24604e-13;-9.990E+02;0;-2.15508e-10;1.25012e-12
22:26:46.533;+00:52:11.207;4.51E+20;0.8;-999/-999;4413.6;2.08368e-13;2.9122e-14;1.09822e-13;3.01182e-14;-9.990E+02;2.50261e-13;5.13124e-14;-9.990E+02;1.86714e-13;5.4026e-14;-9.990E+02
22:26:19.252;+00:49:01.245;4.49E+20;0.8;-999/-999;4706.0;3.1345e-14;1.19326e-14;4.27365e-14;1.87524e-14;-9.990E+02;2.22836e-14;1.57162e-14;-9.990E+02;2.80984e-14;-4.42573e-11;1.09887e-13
22:26:44.893;+00:45:18.763;4.52E+20;0.8;-999/-999;4374.2;3.13002e-14;1.22346e-14;4.27469e-14;-2.33549e-11;9.87687e-14;5.83818e-14;2.6366e-14;-9.990E+02;2.90287e-14;2.26913e-14;-9.990E+02
22:26:15.911;+00:47:08.295;4.49E+20;0.8;-999/-999;4896.6;4.3365e-14;1.39699e-14;4.59577e-14;2.07351e-14;-9.990E+02;3.59578e-14;2.12409e-14;-9.990E+02;1.78877e-14;1.75743e-14;-9.990E+02
00:13:27.753;-00:49:35.733;3.13E+20;0.8;-999/-999;7279.2;6.26949e-14;1.21156e-14;4.51745e-14;1.34896e-14;-9.990E+02;4.27844e-14;1.57779e-14;-9.990E+02;8.09174e-14;2.6437e-14;-9.990E+02
00:13:49.509;-00:47:52.826;3.10E+20;0.8;-999/-999;7316.9;2.26626e-14;7.92984e-15;1.01906e-14;7.41771e-15;-9.990E+02;2.89909e-14;1.50207e-14;-9.990E+02;2.19505e-14;1.59777e-14;-9.990E+02
00:13:53.399;-00:51:36.095;3.12E+20;0.8;-999/-999;7224.7;2.14538e-14;7.93554e-15;1.93068e-14;1.01284e-14;-9.990E+02;1.37208e-14;1.02799e-14;-9.990E+02;2.07654e-14;1.55578e-14;-9.990E+02
00:53:54.292;-00:28:25.001;3.23E+20;0.8;-999/-999;450.5;1.80811e-13;8.3838e-14;2.1809e-13;1.2272e-13;-9.990E+02;1.53827e-13;1.22548e-13;-9.990E+02;0;-3.23178e-10;1.5361e-12
01:10:12.341;-00:07:58.058;3.07E+20;0.8;-999/-999;3971.8;1.12115e-13;2.22368e-14;0;-3.98989e-11;1.90306e-13;1.64111e-13;4.33952e-14;-9.990E+02;1.86346e-13;5.75156e-14;-9.990E+02
01:10:26.030;+00:07:11.498;2.93E+20;0.8;-999/-999;5125.9;2.70692e-14;1.10656e-14;4.83399e-14;1.97608e-14;-9.990E+02;3.97681e-14;-2.84028e-11;6.56405e-14;4.51992e-14;-4.30705e-11;9.95385e-14
20:48:58.573;+00:27:19.946;6.94E+20;0.8;-999/-999;3971.9;7.48235e-14;2.02943e-14;5.74597e-14;2.49981e-14;-9.990E+02;1.13677e-13;3.83519e-14;-9.990E+02;0;-7.04487e-11;1.56191e-13
20:47:50.241;+00:26:11.141;6.70E+20;0.8;-999/-999;3690.7;9.30195e-14;2.79198e-14;3.24081e-14;2.46985e-14;-9.990E+02;7.42868e-14;3.85742e-14;-9.990E+02;1.62585e-13;7.12901e-14;-9.990E+02
00:55:13.300;+00:49:40.111;2.82E+20;0.8;-999/-999;2656.7;6.55101e-14;2.067e-14;3.32588e-14;2.02051e-14;-9.990E+02;9.6399e-14;3.99296e-14;-9.990E+02;3.65859e-14;3.07127e-14;-9.990E+02
00:55:26.084;+00:53:23.415;2.82E+20;0.8;-999/-999;2744.1;5.6939e-14;2.067e-14;3.37241e-14;2.11945e-14;-9.990E+02;7.33285e-14;3.68417e-14;-9.990E+02;3.71085e-14;3.41935e-14;-9.990E+02
00:55:23.232;+00:44:06.081;2.80E+20;0.8;-999/-999;2608.4;4.82638e-14;1.9278e-14;1.71367e-14;1.52147e-14;-9.990E+02;4.97486e-14;3.12791e-14;-9.990E+02;7.55412e-14;4.74961e-14;-9.990E+02
00:54:45.966;+00:42:06.395;2.79E+20;0.8;-999/-999;2649.7;8.5577e-14;2.4777e-14;6.07674e-14;2.76349e-14;-9.990E+02;4.41016e-14;2.73693e-14;-9.990E+02;1.34e-13;6.09383e-14;-9.990E+02
00:54:36.713;+00:42:34.189;2.78E+20;0.8;-999/-999;2741.5;5.98053e-14;2.20176e-14;1.51544e-14;1.48175e-14;-9.990E+02;8.81224e-14;4.30679e-14;-9.990E+02;6.69177e-14;4.75644e-14;-9.990E+02
03:09:15.442;+00:25:08.277;6.40E+20;0.8;-999/-999;3890.3;8.55098e-14;2.00005e-14;0;-4.12796e-11;8.98046e-14;4.74737e-14;2.30555e-14;-9.990E+02;2.31704e-13;6.30195e-14;-9.990E+02
03:09:11.676;+00:23:59.944;6.41E+20;1.131;+0.22/-0.18;3708.0;3.06824e-13;3.27404e-14;3.17461e-13;5.8286e-14;-9.990E+02;4.02514e-13;6.63175e-14;-9.990E+02;2.87247e-13;6.53214e-14;-9.990E+02
03:09:39.303;+00:27:20.876;6.41E+20;0.8;-999/-999;4004.2;2.75463e-14;1.24651e-14;1.42305e-14;1.32479e-14;-9.990E+02;4.9701e-14;2.57134e-14;-9.990E+02;2.15506e-14;-4.38489e-11;1.60071e-13
03:09:16.148;+00:18:38.928;6.47E+20;0.8;-999/-999;3980.1;3.25698e-14;1.37185e-14;3.37181e-14;2.02979e-14;-9.990E+02;3.91364e-14;2.35597e-14;-9.990E+02;2.54382e-14;-4.8183e-11;1.89188e-13
03:09:08.735;+00:35:08.798;6.33E+20;0.698;+0.22/-0.18;1101.1;6.18877e-13;7.10403e-14;3.84521e-13;7.7767e-14;-9.990E+02;4.65479e-13;9.41402e-14;-9.990E+02;6.94262e-13;1.4041e-13;-9.990E+02
04:00:24.480;-00:00:19.054;1.10E+21;0.8;-999/-999;1701.5;7.81633e-14;3.4418e-14;0;-8.52766e-11;2.1349e-13;1.47944e-13;7.03566e-14;-9.990E+02;4.13225e-14;4.3664e-14;-9.990E+02
00:16:10.989;-00:15:11.914;2.69E+20;-0.111;+0.27/-0.20;3471.9;3.38766e-13;5.06308e-14;7.4004e-14;2.20054e-14;-9.990E+02;1.02601e-13;3.47248e-14;-9.990E+02;5.29714e-13;1.0571e-13;-9.990E+02
00:16:11.057;-00:14:12.711;2.69E+20;0.8;-999/-999;3609.2;3.76422e-14;1.3718e-14;1.72503e-14;-2.42208e-11;7.33654e-14;3.24151e-14;2.04442e-14;-9.990E+02;9.85301e-14;4.55856e-14;-9.990E+02
00:16:02.079;-00:12:23.115;2.69E+20;0.8;-999/-999;3575.0;5.83701e-14;1.64616e-14;2.94819e-14;1.60017e-14;-9.990E+02;1.07696e-13;3.61468e-14;-9.990E+02;1.52832e-13;-6.45913e-11;2.16508e-13
01:09:38.145;-00:14:56.372;3.13E+20;0.8;-999/-999;3784.2;5.26821e-14;1.3369e-14;4.7457e-14;1.7074e-14;-9.990E+02;3.37003e-14;1.70995e-14;-9.990E+02;5.09979e-14;2.58763e-14;-9.990E+02
01:10:11.953;-00:07:58.043;3.07E+20;0.142;+0.23/-0.18;3609.9;1.4469e-13;2.74274e-14;7.31851e-14;-2.77246e-11;1.38217e-13;7.30884e-14;2.53945e-14;-9.990E+02;3.0533e-13;6.94301e-14;-9.990E+02
01:10:39.814;-00:24:31.772;3.10E+20;0.8;-999/-999;4201.4;1.1597e-13;2.50416e-14;6.95222e-14;2.66277e-14;-9.990E+02;1.48391e-13;4.66148e-14;-9.990E+02;7.48754e-14;4.0133e-14;-9.990E+02
01:05:10.015;-00:43:56.374;3.74E+20;0.8;-999/-999;1453.6;1.61579e-13;4.83174e-14;0;-8.92426e-11;4.93369e-13;2.03959e-13;8.54015e-14;-9.990E+02;3.06714e-13;1.28427e-13;-9.990E+02
03:17:29.740;+01:18:43.644;6.98E+20;0.8;-999/-999;15182.6;7.09042e-14;1.00019e-14;4.85247e-14;1.21642e-14;-9.990E+02;5.9737e-14;1.4319e-14;-9.990E+02;7.96199e-14;1.99592e-14;-9.990E+02
03:17:02.045;+01:15:17.259;6.94E+20;0.8;-999/-999;14668.8;7.95224e-13;3.1222e-14;9.56014e-15;5.02402e-15;-9.990E+02;8.28534e-14;1.56165e-14;-9.990E+02;2.6265e-12;1.03314e-13;-9.990E+02
03:17:37.359;+01:19:02.944;6.99E+20;0.8;-999/-999;15328.7;1.72421e-14;5.4712e-15;1.82486e-14;8.29902e-15;-9.990E+02;1.54318e-14;8.12614e-15;-9.990E+02;7.48484e-15;6.80687e-15;-9.990E+02
03:16:58.873;+01:18:06.791;6.96E+20;0.8;-999/-999;15124.7;1.60417e-14;5.3108e-15;1.45211e-14;7.2622e-15;-9.990E+02;1.09342e-14;6.7104e-15;-9.990E+02;1.59071e-14;9.7623e-15;-9.990E+02
03:17:11.397;+01:08:09.709;5.97E+20;0.8;-999/-999;15115.6;1.90177e-14;5.62474e-15;1.28649e-14;6.57126e-15;-9.990E+02;1.15245e-14;6.81595e-15;-9.990E+02;2.82289e-14;1.30558e-14;-9.990E+02
03:17:13.361;+01:07:22.826;6.01E+20;0.8;-999/-999;14991.1;1.48142e-14;5.17446e-15;3.34429e-15;3.56704e-15;-9.990E+02;3.98467e-15;4.25007e-15;-9.990E+02;4.09892e-14;1.623e-14;-9.990E+02
03:16:53.280;+01:17:56.254;6.95E+20;1.029;+0.23/-0.18;14614.4;9.36192e-14;1.0683e-14;8.36286e-14;1.66384e-14;-9.990E+02;1.09488e-13;1.94511e-14;-9.990E+02;9.13864e-14;2.08505e-14;-9.990E+02
03:16:45.662;+01:15:33.262;6.93E+20;0.8;-999/-999;14316.9;8.78362e-14;1.15492e-14;1.02983e-13;1.81719e-14;-9.990E+02;7.76644e-14;1.67962e-14;-9.990E+02;2.26043e-14;1.09442e-14;-9.990E+02
03:16:49.343;+01:19:06.306;6.96E+20;0.8;-999/-999;14174.3;1.44704e-14;5.3108e-15;2.03936e-14;9.28241e-15;-9.990E+02;1.15158e-14;7.31434e-15;-9.990E+02;3.72161e-15;-1.84236e-11;5.54282e-14
03:17:15.516;+01:04:00.531;6.02E+20;0.808;+0.27/-0.20;14823.4;8.89854e-14;1.21048e-14;7.29567e-14;1.56739e-14;-9.990E+02;6.49946e-14;1.61344e-14;-9.990E+02;9.53266e-14;2.36641e-14;-9.990E+02
03:17:49.639;+01:06:07.348;6.33E+20;1.491;+0.24/-0.18;7964.3;9.22403e-14;8.93959e-15;1.8775e-13;2.8541e-14;-9.990E+02;1.57641e-13;2.47101e-14;-9.990E+02;7.44228e-14;1.89444e-14;-9.990E+02
03:16:52.777;+01:23:07.262;6.98E+20;0.8;-999/-999;14117.9;2.62082e-14;7.18888e-15;1.66333e-14;8.33317e-15;-9.990E+02;1.87638e-14;9.40056e-15;-9.990E+02;3.6393e-14;1.57233e-14;-9.990E+02
03:16:31.632;+01:14:50.816;6.91E+20;0.8;-999/-999;11423.1;3.61117e-14;8.89143e-15;2.53882e-14;1.07711e-14;-9.990E+02;1.91655e-14;9.94043e-15;-9.990E+02;5.58037e-14;2.03909e-14;-9.990E+02
23:40:10.531;+00:10:21.517;3.48E+20;0.8;-999/-999;762.2;6.81533e-13;1.21174e-13;3.1172e-13;1.10777e-13;-9.990E+02;4.32841e-13;1.5382e-13;-9.990E+02;1.30478e-12;3.24713e-13;-9.990E+02
01:10:59.361;+00:26:01.241;2.89E+20;0.8;-999/-999;13505.0;3.25296e-14;6.63024e-15;0;-1.18072e-11;2.1216e-14;2.78812e-14;9.77921e-15;-9.990E+02;8.46042e-14;2.13019e-14;-9.990E+02
01:10:38.988;+00:22:05.402;2.89E+20;0.8;-999/-999;14745.7;1.56916e-14;4.69642e-15;2.48702e-14;7.97325e-15;-9.990E+02;4.48288e-15;4.02464e-15;-9.990E+02;4.07878e-14;-1.83058e-11;4.4948e-14
01:10:29.962;+00:26:22.434;2.86E+20;0.8;-999/-999;15127.6;1.09302e-14;4.00171e-15;1.66785e-14;6.56676e-15;-9.990E+02;3.12701e-15;-1.02872e-11;2.65792e-14;6.0999e-15;5.81969e-15;-9.990E+02
01:10:42.960;+00:20:10.609;2.90E+20;0.8;-999/-999;14200.1;2.27168e-14;5.5272e-15;3.64716e-14;9.26084e-15;-9.990E+02;6.49434e-15;-1.41966e-11;3.85468e-14;8.85935e-15;6.86007e-15;-9.990E+02
01:10:28.435;+00:27:07.261;2.86E+20;0.8;-999/-999;15167.4;2.25062e-14;5.5196e-15;3.55976e-14;9.14875e-15;-9.990E+02;6.43796e-15;-1.41898e-11;4.2541e-14;9.76414e-15;7.05907e-15;-9.990E+02
01:10:33.628;+00:29:31.844;2.85E+20;0.8;-999/-999;14298.9;1.07152e-14;4.1382e-15;6.35793e-15;4.20753e-15;-9.990E+02;4.5979e-15;4.34581e-15;-9.990E+02;2.09343e-14;1.12189e-14;-9.990E+02
01:11:12.615;+00:29:10.746;2.88E+20;0.8;-999/-999;13282.0;1.75638e-14;5.10896e-15;3.47669e-15;3.08055e-15;-9.990E+02;1.00409e-14;6.26893e-15;-9.990E+02;4.5707e-14;1.62577e-14;-9.990E+02
01:10:27.268;+00:27:41.094;2.86E+20;0.8;-999/-999;14956.6;1.44614e-14;4.55367e-15;2.57462e-14;8.10711e-15;-9.990E+02;8.26673e-15;-1.17076e-11;4.10141e-14;3.7634e-14;-1.77662e-11;6.22383e-14
01:11:19.807;+00:25:26.002;2.89E+20;0.8;-999/-999;13456.0;2.39656e-14;5.80146e-15;1.16545e-14;5.39019e-15;-9.990E+02;2.80055e-14;1.00847e-14;-9.990E+02;2.55052e-14;1.17961e-14;-9.990E+02
01:11:19.817;+00:26:51.461;2.89E+20;0.8;-999/-999;13215.2;3.46844e-14;6.9065e-15;5.09224e-14;1.12187e-14;-9.990E+02;1.04932e-14;6.11689e-15;-9.990E+02;7.95926e-15;6.58511e-15;-9.990E+02
01:11:14.086;+00:19:56.418;2.90E+20;0.8;-999/-999;14077.9;3.00127e-14;6.49446e-15;2.67623e-14;8.27266e-15;-9.990E+02;3.30508e-14;1.10596e-14;-9.990E+02;8.35818e-15;6.90857e-15;-9.990E+02
01:11:24.463;+00:26:43.626;2.89E+20;0.8;-999/-999;13287.5;3.78476e-14;7.32089e-15;2.62492e-14;8.1924e-15;-9.990E+02;3.24351e-14;1.10154e-14;-9.990E+02;4.10303e-14;1.5191e-14;-9.990E+02
01:11:30.155;+00:25:05.328;2.89E+20;0.8;-999/-999;13288.1;2.26809e-14;5.93959e-15;5.05284e-15;3.74777e-15;-9.990E+02;2.91565e-14;1.08093e-14;-9.990E+02;3.31735e-14;1.42588e-14;-9.990E+02
01:11:16.637;+00:32:51.792;2.87E+20;0.8;-999/-999;12322.7;2.65018e-14;6.48741e-15;1.18013e-14;5.77771e-15;-9.990E+02;2.2729e-14;9.51065e-15;-9.990E+02;4.3088e-14;1.61984e-14;-9.990E+02
01:11:28.972;+00:33:08.514;2.88E+20;0.8;-999/-999;9003.5;6.47871e-14;1.04941e-14;6.92877e-14;1.44185e-14;-9.990E+02;6.66673e-14;1.72369e-14;-9.990E+02;1.05295e-13;-4.0911e-11;3.34207e-13
01:11:29.901;+00:34:30.592;2.87E+20;0.553;+0.14/-0.12;7234.4;3.31201e-13;2.6656e-14;1.75864e-13;2.35745e-14;-9.990E+02;1.98576e-13;3.01883e-14;-9.990E+02;3.92979e-13;5.30946e-14;-9.990E+02
01:31:28.359;+00:32:27.861;2.43E+20;0.880;+0.21/-0.16;11197.3;1.32126e-13;1.3948e-14;8.59396e-14;1.61411e-14;-9.990E+02;1.49062e-13;2.54122e-14;-9.990E+02;1.37144e-13;2.9942e-14;-9.990E+02
01:31:21.983;+00:32:35.264;2.44E+20;0.8;-999/-999;11124.6;2.49523e-14;6.93498e-15;3.96567e-15;3.65659e-15;-9.990E+02;2.35706e-14;1.08684e-14;-9.990E+02;5.39038e-14;2.00537e-14;-9.990E+02
01:31:32.495;+00:33:20.877;2.42E+20;0.8;-999/-999;10574.3;6.44479e-14;1.05986e-14;5.63065e-14;1.30701e-14;-9.990E+02;4.6557e-14;1.45853e-14;-9.990E+02;5.67558e-14;1.97676e-14;-9.990E+02
01:31:32.336;+00:33:46.037;2.42E+20;0.8;-999/-999;10156.2;3.12116e-14;8.01692e-15;4.09006e-14;1.20731e-14;-9.990E+02;1.01415e-14;7.54521e-15;-9.990E+02;1.54598e-14;1.15019e-14;-9.990E+02
01:31:32.932;+00:34:13.342;2.42E+20;0.8;-999/-999;9659.4;2.21484e-14;7.06576e-15;1.28992e-14;7.2211e-15;-9.990E+02;3.83972e-14;1.52494e-14;-9.990E+02;1.09688e-14;-2.7974e-11;9.6711e-14
01:31:37.157;+00:33:17.481;2.42E+20;0.8;-999/-999;10578.3;3.49076e-14;8.28868e-15;1.82949e-14;7.94036e-15;-9.990E+02;4.53913e-14;1.52918e-14;-9.990E+02;2.76671e-14;1.48351e-14;-9.990E+02
01:31:29.468;+00:28:09.825;2.44E+20;0.8;-999/-999;11228.7;1.63856e-14;5.84714e-15;3.58052e-15;3.53772e-15;-9.990E+02;2.12917e-14;1.08119e-14;-9.990E+02;2.43348e-14;1.42487e-14;-9.990E+02
01:31:45.817;+00:30:42.243;2.42E+20;1.752;+0.26/-0.18;10768.6;7.09233e-14;6.21296e-15;2.27112e-13;2.64937e-14;-9.990E+02;1.66467e-13;2.4768e-14;-9.990E+02;5.10746e-14;1.53578e-14;-9.990E+02
01:31:36.326;+00:38:59.441;2.41E+20;0.8;-999/-999;11201.6;9.46192e-14;1.26322e-14;7.08249e-14;1.42741e-14;-9.990E+02;9.96024e-14;2.12556e-14;-9.990E+02;6.25164e-14;2.09142e-14;-9.990E+02
01:31:32.269;+00:26:01.188;2.44E+20;0.8;-999/-999;11345.3;2.08321e-14;6.52704e-15;2.02373e-14;8.52096e-15;-9.990E+02;1.20274e-14;8.14072e-15;-9.990E+02;1.83305e-14;1.2407e-14;-9.990E+02
01:31:30.723;+00:39:51.425;2.41E+20;1.309;+0.20/-0.16;10780.7;1.16433e-13;1.0682e-14;1.91602e-13;2.46066e-14;-9.990E+02;1.53449e-13;2.48179e-14;-9.990E+02;1.01308e-13;2.362e-14;-9.990E+02
01:31:47.723;+00:38:31.072;2.40E+20;0.8;-999/-999;11657.7;1.57641e-14;5.97432e-15;1.83343e-14;8.50593e-15;-9.990E+02;9.108e-15;7.35985e-15;-9.990E+02;6.94088e-15;7.79166e-15;-9.990E+02
01:31:17.926;+00:25:00.518;2.45E+20;0.8;-999/-999;11654.6;1.76962e-14;5.98488e-15;8.84185e-15;5.6249e-15;-9.990E+02;1.31312e-14;8.35367e-15;-9.990E+02;3.00219e-14;1.55629e-14;-9.990E+02
01:31:39.657;+00:25:05.875;2.43E+20;0.8;-999/-999;11658.9;2.14905e-14;6.38871e-15;1.40826e-14;6.82272e-15;-9.990E+02;1.39652e-14;8.30208e-15;-9.990E+02;3.19217e-14;1.54654e-14;-9.990E+02
01:32:09.796;+00:37:57.478;2.36E+20;0.8;-999/-999;11008.8;7.77202e-14;1.26099e-14;9.02749e-14;1.75777e-14;-9.990E+02;4.2147e-14;1.51009e-14;-9.990E+02;3.85785e-14;1.80266e-14;-9.990E+02
01:32:00.998;+00:23:23.998;2.41E+20;0.8;-999/-999;6309.1;7.40817e-14;1.33113e-14;9.70107e-14;2.09202e-14;-9.990E+02;4.81765e-14;1.79355e-14;-9.990E+02;3.67075e-14;-5.27162e-11;4.85592e-13
20:55:28.265;-00:21:17.211;6.61E+20;0.975;+0.03/-0.03;4842.5;7.28433e-12;1.3487e-13;6.03133e-12;1.92754e-13;-9.990E+02;8.0468e-12;2.32878e-13;-9.990E+02;7.28068e-12;2.62879e-13;-9.990E+02
20:55:50.025;-00:23:33.225;6.49E+20;0.8;-999/-999;5092.1;2.6142e-14;1.06419e-14;1.35506e-14;1.1031e-14;-9.990E+02;3.14205e-14;1.81384e-14;-9.990E+02;2.29678e-14;1.86973e-14;-9.990E+02
20:55:50.579;-00:20:02.695;6.47E+20;0.8;-999/-999;5103.6;2.82693e-14;1.10981e-14;2.92734e-14;1.57638e-14;-9.990E+02;3.39775e-14;1.8297e-14;-9.990E+02;2.48475e-14;-3.8981e-11;1.09416e-13
20:54:58.403;-00:14:13.476;6.64E+20;0.8;-999/-999;3952.0;5.05308e-14;1.70346e-14;3.51446e-14;1.95427e-14;-9.990E+02;8.07708e-14;3.26797e-14;-9.990E+02;4.42229e-14;-5.95746e-11;1.94769e-13
20:55:15.353;-00:11:01.864;6.55E+20;0.8;-999/-999;4014.1;5.02369e-14;1.69928e-14;4.17686e-14;2.1581e-14;-9.990E+02;7.23743e-14;3.17393e-14;-9.990E+02;4.40592e-14;-5.95658e-11;2.32897e-13
01:04:52.566;-00:53:58.580;3.95E+20;0.8;-999/-999;2301.6;6.6127e-14;2.43219e-14;5.2865e-14;2.90344e-14;-9.990E+02;2.3753e-14;2.32386e-14;-9.990E+02;1.06932e-13;5.87292e-14;-9.990E+02
01:05:14.378;-00:52:38.299;4.02E+20;0.8;-999/-999;2271.8;5.20362e-14;2.15085e-14;3.24582e-14;2.38742e-14;-9.990E+02;4.35636e-14;3.20427e-14;-9.990E+02;6.53219e-14;4.80466e-14;-9.990E+02
01:05:13.791;-01:02:23.146;4.19E+20;0.8;-999/-999;2364.0;1.59008e-13;3.89232e-14;1.49728e-13;5.26167e-14;-9.990E+02;1.65692e-13;6.35281e-14;-9.990E+02;4.96143e-14;4.12012e-14;-9.990E+02
00:03:40.934;+00:04:30.576;2.92E+20;0.8;-999/-999;8428.3;2.43632e-14;7.46658e-15;3.10734e-14;1.12767e-14;-9.990E+02;8.94771e-15;7.38062e-15;-9.990E+02;1.35698e-14;1.11932e-14;-9.990E+02
00:03:17.866;+00:08:52.398;2.91E+20;0.8;-999/-999;8802.4;2.22672e-14;7.18744e-15;2.48346e-14;1.01829e-14;-9.990E+02;7.15594e-15;6.51994e-15;-9.990E+02;2.17069e-14;1.40114e-14;-9.990E+02
00:03:35.700;+00:02:04.675;2.91E+20;0.8;-999/-999;9235.2;1.59229e-14;6.2199e-15;4.7351e-15;4.64139e-15;-9.990E+02;1.36439e-14;9.30202e-15;-9.990E+02;3.1046e-14;1.71963e-14;-9.990E+02
00:03:26.322;+00:11:56.461;2.92E+20;0.8;-999/-999;8673.0;2.64372e-14;7.74312e-15;1.17926e-14;6.98472e-15;-9.990E+02;3.39644e-14;1.41216e-14;-9.990E+02;2.57491e-14;1.52512e-14;-9.990E+02
00:03:55.132;+00:07:34.380;2.92E+20;0.8;-999/-999;9179.6;4.74957e-14;1.00937e-14;5.08675e-14;1.44137e-14;-9.990E+02;4.06876e-14;1.55643e-14;-9.990E+02;1.2341e-14;1.04926e-14;-9.990E+02
00:03:15.062;+00:02:16.602;2.90E+20;0.8;-999/-999;9321.0;2.68484e-14;7.73808e-15;2.87337e-14;-1.37853e-11;3.96259e-14;4.31653e-14;1.59161e-14;-9.990E+02;3.92689e-14;1.84624e-14;-9.990E+02
00:03:30.149;-00:00:08.863;2.92E+20;0.8;-999/-999;9174.8;6.38393e-14;1.17529e-14;8.68278e-14;1.79826e-14;-9.990E+02;2.34389e-14;1.16519e-14;-9.990E+02;2.36959e-14;1.43943e-14;-9.990E+02
00:04:02.764;+00:09:45.528;2.93E+20;0.8;-999/-999;9582.8;2.66958e-14;7.88424e-15;2.64795e-14;1.04461e-14;-9.990E+02;2.28693e-14;1.17634e-14;-9.990E+02;1.15598e-14;1.02395e-14;-9.990E+02
00:03:37.810;-00:01:34.554;2.93E+20;0.8;-999/-999;8710.0;1.91712e-14;7.05432e-15;5.70593e-15;5.22426e-15;-9.990E+02;3.2838e-14;1.48091e-14;-9.990E+02;1.24491e-14;1.13982e-14;-9.990E+02
00:02:51.385;+00:07:57.497;2.89E+20;0.8;-999/-999;7672.8;5.95202e-14;1.18792e-14;3.85858e-14;1.28685e-14;-9.990E+02;6.95876e-14;2.06809e-14;-9.990E+02;4.22212e-14;1.99655e-14;-9.990E+02
03:10:47.466;+01:22:50.703;6.11E+20;0.8;-999/-999;43162.4;8.5309e-15;1.98393e-15;4.35491e-15;2.02481e-15;-9.990E+02;1.20344e-14;3.66863e-15;-9.990E+02;5.04583e-15;2.89935e-15;-9.990E+02
03:10:48.378;+01:22:01.083;6.12E+20;0.8;-999/-999;52827.7;1.28891e-14;2.2899e-15;9.21162e-15;2.59765e-15;-9.990E+02;1.24642e-14;3.38345e-15;-9.990E+02;1.1434e-14;4.01734e-15;-9.990E+02
03:10:28.393;+01:22:41.175;6.08E+20;0.8;-999/-999;33516.7;1.81006e-14;2.89731e-15;1.4757e-14;3.83924e-15;-9.990E+02;1.75122e-14;4.55604e-15;-9.990E+02;1.28576e-14;4.57923e-15;-9.990E+02
03:10:50.512;+01:23:34.669;6.11E+20;0.8;-999/-999;39998.9;9.22985e-15;2.13654e-15;4.71003e-15;2.18057e-15;-9.990E+02;5.57988e-15;2.58328e-15;-9.990E+02;1.63843e-14;5.47588e-15;-9.990E+02
03:10:44.135;+01:19:31.947;6.12E+20;0.8;-999/-999;58523.5;1.04786e-14;2.13724e-15;1.45484e-14;3.63789e-15;-9.990E+02;7.09022e-15;2.72721e-15;-9.990E+02;1.4868e-15;1.51659e-15;-9.990E+02
03:10:51.613;+01:17:48.754;6.13E+20;0.8;-999/-999;61524.1;5.32465e-15;1.6797e-15;9.06498e-16;1.00788e-15;-9.990E+02;4.29298e-15;2.36022e-15;-9.990E+02;1.1017e-14;4.46853e-15;-9.990E+02
03:10:37.646;+01:16:33.272;6.11E+20;0.8;-999/-999;62786.7;7.6244e-15;1.83132e-15;1.03733e-15;9.55401e-16;-9.990E+02;6.14452e-15;2.46039e-15;-9.990E+02;1.62327e-14;5.05503e-15;-9.990E+02
03:10:43.356;+01:16:47.128;6.12E+20;0.8;-999/-999;63273.9;5.80566e-15;1.67926e-15;3.16094e-15;1.75255e-15;-9.990E+02;7.48515e-15;2.93205e-15;-9.990E+02;4.11809e-15;2.61504e-15;-9.990E+02
03:11:02.113;+01:21:20.900;6.14E+20;0.8;-999/-999;62571.7;1.08247e-14;2.13836e-15;5.77184e-15;2.18512e-15;-9.990E+02;1.25112e-14;3.52373e-15;-9.990E+02;1.00151e-14;3.79155e-15;-9.990E+02
03:11:07.247;+01:19:39.170;6.16E+20;0.8;-999/-999;63082.7;1.2639e-14;2.44528e-15;8.27113e-15;2.82675e-15;-9.990E+02;1.58782e-14;4.36835e-15;-9.990E+02;7.16629e-15;3.5046e-15;-9.990E+02
03:10:11.384;+01:26:03.076;6.04E+20;0.8;-999/-999;33487.1;1.5429e-14;2.74158e-15;1.39504e-14;3.86272e-15;-9.990E+02;4.14833e-15;2.24636e-15;-9.990E+02;2.43706e-14;6.74796e-15;-9.990E+02
03:10:58.542;+01:16:16.421;6.15E+20;0.8;-999/-999;62444.8;4.69035e-15;1.68058e-15;2.61485e-15;1.85548e-15;-9.990E+02;5.15431e-15;2.70749e-15;-9.990E+02;4.53424e-15;3.21746e-15;-9.990E+02
03:11:09.948;+01:20:16.837;6.16E+20;0.8;-999/-999;61994.9;4.69341e-15;1.68113e-15;2.88052e-15;1.8796e-15;-9.990E+02;6.80546e-15;3.24949e-15;-9.990E+02;1.66347e-15;1.90668e-15;-9.990E+02
03:10:26.638;+01:14:58.258;6.01E+20;0.8;-999/-999;55133.3;8.00976e-15;1.97847e-15;8.14262e-15;2.75185e-15;-9.990E+02;4.84722e-15;2.34547e-15;-9.990E+02;7.12125e-15;3.44582e-15;-9.990E+02
03:11:01.182;+01:16:20.831;6.16E+20;0.8;-999/-999;63643.8;1.46717e-14;2.44528e-15;2.19313e-14;4.16682e-15;-9.990E+02;8.1828e-15;2.70778e-15;-9.990E+02;1.99985e-15;1.69705e-15;-9.990E+02
03:11:09.290;+01:25:53.097;6.14E+20;0.8;-999/-999;34864.1;1.31983e-14;2.59658e-15;1.97129e-14;-5.30048e-12;1.61886e-14;2.61003e-14;5.604e-15;-9.990E+02;8.50932e-15;3.94646e-15;-9.990E+02
03:10:06.974;+01:25:10.655;5.95E+20;0.634;+0.18/-0.14;30907.8;4.93901e-14;4.7852e-15;1.85539e-14;3.77457e-15;-9.990E+02;4.68974e-14;6.81262e-15;-9.990E+02;5.67674e-14;9.28049e-15;-9.990E+02
03:10:15.773;+01:16:06.262;5.98E+20;0.8;-999/-999;30926.1;2.22768e-14;3.19326e-15;1.20679e-14;3.24156e-15;-9.990E+02;2.52077e-14;5.29506e-15;-9.990E+02;2.1168e-14;5.68596e-15;-9.990E+02
03:10:49.516;+01:13:56.870;6.14E+20;0.8;-999/-999;57365.5;1.28134e-14;2.44384e-15;7.48248e-15;2.70549e-15;-9.990E+02;1.47483e-14;4.1827e-15;-9.990E+02;1.08168e-14;4.3332e-15;-9.990E+02
03:10:18.337;+01:14:59.808;5.99E+20;-0.116;+0.22/-0.17;36805.3;4.6429e-14;5.53012e-15;4.82045e-15;1.71407e-15;-9.990E+02;2.37966e-14;5.12854e-15;-9.990E+02;7.27561e-14;1.15447e-14;-9.990E+02
03:11:14.249;+01:23:10.867;6.16E+20;0.8;-999/-999;57401.8;5.78156e-15;1.68113e-15;4.72949e-15;2.14906e-15;-9.990E+02;4.1911e-15;2.28461e-15;-9.990E+02;6.14795e-15;3.35131e-15;-9.990E+02
03:11:12.763;+01:26:14.539;6.14E+20;0.8;-999/-999;33742.9;2.21015e-14;3.20754e-15;2.87531e-14;5.24429e-15;-9.990E+02;9.72025e-15;3.35945e-15;-9.990E+02;1.42616e-14;4.92901e-15;-9.990E+02
03:10:33.046;+01:12:39.297;6.04E+20;0.8;-999/-999;48862.2;1.41877e-14;2.58927e-15;1.08286e-14;3.2427e-15;-9.990E+02;4.29213e-15;2.194e-15;-9.990E+02;2.52263e-14;6.37428e-15;-9.990E+02
03:10:11.330;+01:30:14.484;6.03E+20;0.286;+0.21/-0.16;26584.4;4.96897e-14;5.62761e-15;1.16838e-14;3.17154e-15;-9.990E+02;3.31449e-14;6.353e-15;-9.990E+02;6.60655e-14;1.09703e-14;-9.990E+02
03:10:28.580;+01:12:16.037;6.03E+20;0.8;-999/-999;38494.9;1.58818e-14;2.89313e-15;9.23484e-15;3.13817e-15;-9.990E+02;2.19887e-14;5.37181e-15;-9.990E+02;8.07466e-15;4.11586e-15;-9.990E+02
03:10:18.426;+01:31:55.952;6.05E+20;0.369;+0.18/-0.15;30186.8;5.40486e-14;5.60504e-15;1.5998e-14;3.57109e-15;-9.990E+02;3.66867e-14;6.27991e-15;-9.990E+02;6.9361e-14;1.07608e-14;-9.990E+02
03:10:47.296;+01:11:50.265;6.15E+20;0.8;-999/-999;44984.3;9.85584e-15;2.44448e-15;3.66098e-15;2.15129e-15;-9.990E+02;6.49458e-15;3.08225e-15;-9.990E+02;1.90556e-14;6.40784e-15;-9.990E+02
03:11:19.068;+01:18:54.421;6.18E+20;0.8;-999/-999;56159.9;2.29059e-14;3.21111e-15;1.44271e-14;3.61538e-15;-9.990E+02;3.40467e-14;6.20508e-15;-9.990E+02;6.24027e-15;3.18514e-15;-9.990E+02
03:11:13.616;+01:29:46.162;6.14E+20;0.289;+0.27/-0.20;30958.4;3.52224e-14;5.00496e-15;4.17132e-15;2.04845e-15;-9.990E+02;2.93837e-14;6.29842e-15;-9.990E+02;4.67805e-14;1.00274e-14;-9.990E+02
03:11:12.797;+01:14:51.582;6.18E+20;0.8;-999/-999;49178.7;1.00768e-14;2.44656e-15;4.1256e-15;2.21806e-15;-9.990E+02;1.46041e-14;4.50238e-15;-9.990E+02;7.13947e-15;3.83842e-15;-9.990E+02
03:11:27.175;+01:18:09.580;6.20E+20;0.8;-999/-999;46157.1;1.32926e-14;2.907e-15;1.23813e-14;4.04977e-15;-9.990E+02;8.75549e-15;3.64997e-15;-9.990E+02;1.28383e-14;5.352e-15;-9.990E+02
03:09:51.663;+01:29:04.568;5.91E+20;1.811;+0.12/-0.10;8598.6;8.99082e-14;4.28134e-15;3.67901e-13;2.27112e-14;-9.990E+02;1.63774e-13;1.41811e-14;-9.990E+02;6.34758e-14;9.46324e-15;-9.990E+02
03:10:31.072;+01:36:22.164;6.07E+20;0.286;+0.10/-0.09;10292.8;2.59044e-13;1.48085e-14;9.14694e-14;1.01167e-14;-9.990E+02;1.29487e-13;1.43216e-14;-9.990E+02;3.44118e-13;2.90056e-14;-9.990E+02
03:11:23.921;+01:13:13.110;6.21E+20;-0.345;+0.12/-0.11;30168.9;5.67125e-14;7.82068e-15;1.36184e-14;-6.8803e-12;3.3013e-14;2.42086e-14;-1.22307e-11;5.86851e-14;1.50688e-13;2.07799e-14;-9.990E+02
03:11:30.275;+01:30:37.201;6.26E+20;1.464;+0.09/-0.08;8973.0;1.88513e-13;8.17447e-15;1.89696e-13;1.67252e-14;-9.990E+02;4.83832e-13;2.59586e-14;-9.990E+02;1.53381e-13;1.66262e-14;-9.990E+02
03:10:37.581;+01:07:03.856;6.11E+20;0.8;-999/-999;27828.4;4.04111e-14;5.34135e-15;4.58543e-14;8.05876e-15;-9.990E+02;2.17217e-14;6.17773e-15;-9.990E+02;3.18803e-14;9.06689e-15;-9.990E+02
03:11:24.580;+01:06:57.057;6.23E+20;0.866;+0.16/-0.14;27553.3;1.39548e-13;1.2084e-14;1.31116e-13;1.71214e-14;-9.990E+02;1.00654e-13;1.61937e-14;-9.990E+02;1.45703e-13;2.34412e-14;-9.990E+02
02:53:29.778;-00:14:04.140;5.54E+20;0.8;-999/-999;33818.6;9.08018e-15;2.70288e-15;5.56865e-15;3.0448e-15;-9.990E+02;1.0231e-14;4.30353e-15;-9.990E+02;7.55431e-15;4.65867e-15;-9.990E+02
02:53:15.988;-00:14:27.070;5.45E+20;0.8;-999/-999;33278.2;7.96477e-15;2.54609e-15;5.75307e-15;3.12938e-15;-9.990E+02;7.08192e-15;3.85221e-15;-9.990E+02;7.85078e-15;4.81814e-15;-9.990E+02
02:53:12.816;-00:16:27.079;5.44E+20;0.8;-999/-999;33398.8;7.94863e-15;2.54524e-15;9.4707e-15;3.79007e-15;-9.990E+02;3.8883e-15;2.73865e-15;-9.990E+02;5.74606e-15;4.04713e-15;-9.990E+02
02:53:34.061;-00:17:47.120;5.53E+20;0.8;-999/-999;31469.2;2.19926e-14;3.753e-15;7.97614e-15;3.19524e-15;-9.990E+02;2.44176e-14;6.24917e-15;-9.990E+02;2.88368e-14;7.99249e-15;-9.990E+02
02:53:27.109;-00:11:00.270;5.54E+20;0.8;-999/-999;33274.3;7.38937e-15;2.55272e-15;4.91e-15;2.90827e-15;-9.990E+02;6.01175e-15;3.56086e-15;-9.990E+02;8.8747e-15;5.25663e-15;-9.990E+02
02:53:14.675;-00:11:24.750;5.45E+20;0.8;-999/-999;32850.6;8.26281e-15;2.54609e-15;1.36777e-15;1.49419e-15;-9.990E+02;8.41848e-15;3.96207e-15;-9.990E+02;1.49278e-14;6.6875e-15;-9.990E+02
02:53:37.835;-00:12:06.814;5.55E+20;1.157;+0.27/-0.20;34151.4;3.10177e-14;3.8703e-15;4.01994e-14;7.38124e-15;-9.990E+02;3.47733e-14;7.15085e-15;-9.990E+02;2.86415e-14;7.6849e-15;-9.990E+02
02:53:18.286;-00:20:12.323;5.44E+20;0.8;-999/-999;34458.2;1.18833e-14;2.84468e-15;3.14501e-15;2.11798e-15;-9.990E+02;1.16173e-14;4.34962e-15;-9.990E+02;2.003e-14;7.06624e-15;-9.990E+02
02:53:01.552;-00:16:14.509;5.44E+20;0.8;-999/-999;35067.7;1.52565e-14;3.14412e-15;1.27554e-14;3.98923e-15;-9.990E+02;1.37482e-14;4.69745e-15;-9.990E+02;1.16111e-14;5.04971e-15;-9.990E+02
02:53:46.610;-00:12:12.429;5.55E+20;0.8;-999/-999;35003.4;2.66905e-14;4.2056e-15;2.25898e-14;5.53361e-15;-9.990E+02;1.38175e-14;4.80626e-15;-9.990E+02;3.49637e-14;9.35107e-15;-9.990E+02
02:53:18.791;-00:09:01.679;5.54E+20;0.8;-999/-999;33037.3;1.91754e-14;3.60384e-15;2.91247e-14;6.28719e-15;-9.990E+02;8.91498e-15;3.73901e-15;-9.990E+02;3.29067e-15;2.82475e-15;-9.990E+02
02:53:49.082;-00:16:00.590;5.55E+20;0.8;-999/-999;34658.0;9.96126e-15;2.7036e-15;5.67742e-15;2.95735e-15;-9.990E+02;8.68132e-15;4.04371e-15;-9.990E+02;1.28144e-14;5.96888e-15;-9.990E+02
02:53:41.810;-00:10:27.562;5.55E+20;0.8;-999/-999;34228.1;6.63584e-15;2.4032e-15;8.82622e-15;3.87982e-15;-9.990E+02;5.40017e-15;3.35192e-15;-9.990E+02;8.53935e-15;-8.64758e-12;2.63324e-14
02:52:56.397;-00:19:02.376;5.43E+20;0.8;-999/-999;31039.4;2.46523e-14;4.04136e-15;6.66877e-15;2.91644e-15;-9.990E+02;3.56242e-14;7.63664e-15;-9.990E+02;2.42986e-14;7.63422e-15;-9.990E+02
02:52:53.924;-00:19:06.742;5.43E+20;0.736;+0.23/-0.18;27520.8;4.77371e-14;5.81011e-15;4.82592e-14;7.99055e-15;-9.990E+02;1.59773e-14;5.02647e-15;-9.990E+02;5.25652e-14;1.12734e-14;-9.990E+02
02:52:51.108;-00:12:04.897;5.44E+20;0.8;-999/-999;32937.8;7.36173e-15;2.39552e-15;8.76917e-15;3.73656e-15;-9.990E+02;1.80026e-15;1.88301e-15;-9.990E+02;7.98064e-15;4.94691e-15;-9.990E+02
02:52:50.966;-00:11:20.541;5.44E+20;0.8;-999/-999;32436.3;7.34227e-15;2.54524e-15;2.91523e-15;2.26542e-15;-9.990E+02;3.59064e-15;2.79028e-15;-9.990E+02;1.59234e-14;7.29349e-15;-9.990E+02
02:53:56.796;-00:11:23.841;5.56E+20;-0.052;+0.27/-0.20;31138.9;5.15596e-14;7.28841e-15;3.83264e-15;1.90216e-15;-9.990E+02;3.14496e-14;7.20397e-15;-9.990E+02;7.85245e-14;1.47894e-14;-9.990E+02
02:54:00.747;-00:15:33.420;5.56E+20;0.8;-999/-999;27050.1;1.10404e-14;3.005e-15;5.50751e-15;2.9981e-15;-9.990E+02;1.01049e-14;4.35214e-15;-9.990E+02;1.49144e-14;6.42357e-15;-9.990E+02
02:53:50.018;-00:07:50.169;5.56E+20;0.8;-999/-999;33221.8;1.04289e-14;3.005e-15;2.31213e-15;1.99164e-15;-9.990E+02;1.4138e-14;5.49975e-15;-9.990E+02;1.25224e-14;6.18546e-15;-9.990E+02
02:53:10.057;-00:05:46.567;5.54E+20;0.8;-999/-999;24006.9;1.68329e-14;3.754e-15;6.71532e-15;3.2873e-15;-9.990E+02;8.22217e-15;4.02494e-15;-9.990E+02;3.64025e-14;1.05576e-14;-9.990E+02
02:53:58.475;-00:09:11.439;5.57E+20;0.8;-999/-999;24850.1;1.34915e-14;3.45667e-15;1.79562e-14;5.56537e-15;-9.990E+02;1.09717e-14;4.89544e-15;-9.990E+02;2.9142e-14;-1.24361e-11;5.34838e-14
02:53:43.857;-00:05:00.872;5.56E+20;0.8;-999/-999;30797.0;1.48252e-14;3.606e-15;1.88221e-14;5.75635e-15;-9.990E+02;6.5777e-15;3.77283e-15;-9.990E+02;9.70841e-15;5.56854e-15;-9.990E+02
02:53:37.246;-00:04:20.511;5.56E+20;0.8;-999/-999;34146.5;9.68962e-15;3.005e-15;8.59255e-15;4.06842e-15;-9.990E+02;7.87931e-15;4.19081e-15;-9.990E+02;7.75482e-15;5.02521e-15;-9.990E+02
02:54:11.194;-00:18:44.418;5.55E+20;0.531;+0.22/-0.18;18570.3;7.10002e-14;8.6784e-15;2.74671e-14;6.71568e-15;-9.990E+02;5.50719e-14;1.07749e-14;-9.990E+02;8.5139e-14;1.66576e-14;-9.990E+02
01:12:39.677;+00:19:41.187;2.92E+20;0.831;+0.16/-0.13;20389.0;1.10538e-13;9.29568e-15;9.1219e-14;1.14887e-14;-9.990E+02;8.30854e-14;1.30619e-14;-9.990E+02;1.16933e-13;1.88547e-14;-9.990E+02
01:12:14.533;+00:17:14.937;2.92E+20;0.8;-999/-999;19859.1;2.01183e-14;4.56291e-15;4.49194e-15;2.90989e-15;-9.990E+02;6.46737e-15;4.18958e-15;-9.990E+02;5.8849e-14;1.56661e-14;-9.990E+02
01:12:42.377;+00:21:13.095;2.92E+20;0.8;-999/-999;21617.8;9.17283e-15;3.18021e-15;5.45697e-15;3.327e-15;-9.990E+02;1.04757e-14;5.35512e-15;-9.990E+02;7.94353e-15;5.9819e-15;-9.990E+02
01:12:36.078;+00:12:19.726;2.93E+20;0.8;-999/-999;21538.6;2.19376e-14;4.70288e-15;1.67843e-14;5.50832e-15;-9.990E+02;8.04958e-15;4.5561e-15;-9.990E+02;3.66196e-14;1.20179e-14;-9.990E+02
01:12:39.851;+00:24:16.376;2.91E+20;0.8;-999/-999;21818.0;1.14999e-14;3.59372e-15;1.28218e-14;5.06311e-15;-9.990E+02;3.69522e-15;3.16048e-15;-9.990E+02;1.12091e-14;7.0057e-15;-9.990E+02
01:12:48.840;+00:23:07.911;2.91E+20;0.8;-999/-999;21581.3;3.02978e-14;5.39058e-15;1.80156e-14;5.53662e-15;-9.990E+02;2.92029e-14;8.39953e-15;-9.990E+02;3.44465e-14;1.11445e-14;-9.990E+02
01:12:52.011;+00:23:40.818;2.91E+20;0.8;-999/-999;21431.2;1.42643e-14;4.00838e-15;1.15665e-14;4.81895e-15;-9.990E+02;9.99842e-15;5.37584e-15;-9.990E+02;1.51646e-14;8.15356e-15;-9.990E+02
01:12:48.149;+00:24:44.410;2.91E+20;0.8;-999/-999;21671.4;9.17504e-15;3.31728e-15;7.44053e-15;-5.91395e-12;1.80353e-14;7.85946e-15;4.76471e-15;-9.990E+02;2.38517e-14;1.02714e-14;-9.990E+02
01:13:03.914;+00:19:15.582;2.92E+20;-0.105;+0.26/-0.20;21896.2;8.41252e-14;1.1985e-14;5.99639e-15;3.00017e-15;-9.990E+02;4.97176e-14;1.17202e-14;-9.990E+02;1.31224e-13;2.50407e-14;-9.990E+02
01:13:04.724;+00:14:43.900;2.93E+20;0.8;-999/-999;21888.4;9.92169e-15;3.458e-15;2.95177e-15;2.54173e-15;-9.990E+02;1.69947e-14;7.31748e-15;-9.990E+02;6.44009e-15;5.54549e-15;-9.990E+02
01:11:53.261;+00:13:30.143;2.92E+20;0.898;+0.24/-0.18;11971.3;7.39214e-14;8.6428e-15;3.65855e-14;8.89728e-15;-9.990E+02;1.02481e-13;1.74936e-14;-9.990E+02;7.62827e-14;1.85513e-14;-9.990E+02
01:12:23.422;+00:06:16.998;2.93E+20;0.8;-999/-999;12620.0;4.41517e-14;7.6076e-15;9.8557e-15;4.87598e-15;-9.990E+02;5.67202e-14;1.3782e-14;-9.990E+02;6.45087e-14;1.82424e-14;-9.990E+02
01:13:15.688;+00:14:02.488;2.93E+20;0.8;-999/-999;21346.4;2.38325e-14;5.5328e-15;8.51443e-15;4.4363e-15;-9.990E+02;3.0624e-14;1.01535e-14;-9.990E+02;2.78676e-14;1.18778e-14;-9.990E+02
01:12:54.739;+00:03:15.059;2.93E+20;1.011;+0.03/-0.03;1075.0;4.94929e-12;9.05498e-14;4.93509e-12;1.34654e-13;-9.990E+02;5.02125e-12;1.60268e-13;-9.990E+02;4.87333e-12;1.91256e-13;-9.990E+02
02:59:28.535;-00:19:59.637;7.23E+20;0.626;+0.12/-0.11;7597.7;5.23714e-13;3.71805e-14;2.48199e-13;3.36703e-14;-9.990E+02;4.2361e-13;4.77414e-14;-9.990E+02;6.05032e-13;7.1447e-14;-9.990E+02
02:59:32.707;-00:12:42.603;7.12E+20;0.8;-999/-999;7675.7;2.60388e-14;8.94102e-15;1.10742e-14;8.41824e-15;-9.990E+02;4.96008e-14;1.88468e-14;-9.990E+02;3.24735e-14;-3.08894e-11;1.19294e-13
02:59:10.394;-00:18:49.374;6.95E+20;0.8;-999/-999;7116.1;2.35474e-14;8.58825e-15;9.95248e-15;8.04247e-15;-9.990E+02;1.12462e-14;9.08789e-15;-9.990E+02;4.90763e-14;2.30494e-14;-9.990E+02
02:59:51.682;-00:15:21.229;7.23E+20;-0.115;+0.26/-0.20;7716.5;1.60299e-13;2.6818e-14;3.35023e-14;-2.79992e-11;4.10434e-14;7.7057e-14;2.51899e-14;-9.990E+02;3.01393e-13;6.03633e-14;-9.990E+02
02:59:10.480;-00:22:38.314;7.02E+20;0.8;-999/-999;7160.0;1.45796e-13;2.03385e-14;1.69361e-13;3.18471e-14;-9.990E+02;1.45755e-13;3.1628e-14;-9.990E+02;1.63045e-14;1.25674e-14;-9.990E+02
02:59:33.377;-00:25:14.290;7.14E+20;0.8;-999/-999;7139.5;4.53243e-14;1.19274e-14;5.79013e-14;1.91412e-14;-9.990E+02;2.15786e-14;1.2448e-14;-9.990E+02;3.13354e-14;1.80764e-14;-9.990E+02
02:59:45.384;-00:24:52.400;7.28E+20;0.8;-999/-999;7164.1;6.06137e-14;1.35467e-14;5.19012e-14;1.86089e-14;-9.990E+02;8.64051e-14;2.54762e-14;-9.990E+02;4.17662e-14;-4.66173e-11;1.38208e-13
02:58:55.669;-00:15:50.890;6.84E+20;0.8;-999/-999;7677.2;2.50521e-14;9.0306e-15;2.63499e-14;1.3468e-14;-9.990E+02;2.99533e-14;1.53098e-14;-9.990E+02;1.7455e-14;-3.1418e-11;7.19566e-14
02:59:07.019;-00:24:26.749;7.03E+20;0.8;-999/-999;6407.5;2.65877e-14;9.70238e-15;2.81812e-14;-2.0543e-11;9.29643e-14;3.17032e-14;-2.31104e-11;1.04583e-13;9.21555e-14;3.36294e-14;-9.990E+02
02:59:38.143;-00:07:32.828;7.06E+20;0.8;-999/-999;5411.6;4.60433e-14;1.2842e-14;3.25541e-14;1.55725e-14;-9.990E+02;3.65626e-14;1.749e-14;-9.990E+02;5.31374e-14;2.54187e-14;-9.990E+02
02:59:25.989;-00:07:02.562;7.01E+20;-0.167;+0.20/-0.16;4656.6;1.13843e-13;2.4604e-14;3.81152e-14;-2.46933e-11;1.25913e-13;6.09892e-14;-3.95124e-11;2.01478e-13;3.03476e-13;6.5588e-14;-9.990E+02
02:58:49.191;-00:12:45.448;6.76E+20;0.8;-999/-999;6902.6;3.61523e-14;1.13413e-14;3.78766e-14;1.62449e-14;-9.990E+02;2.88393e-14;-2.71212e-11;9.52013e-14;6.30555e-14;2.70439e-14;-9.990E+02
02:58:52.252;-00:05:39.879;6.65E+20;0.008;+0.17/-0.15;4324.3;1.94505e-13;3.74768e-14;1.06544e-13;-4.10159e-11;2.34673e-13;1.0814e-13;-6.2453e-11;3.57327e-13;5.31373e-13;1.02384e-13;-9.990E+02
00:10:02.746;-01:01:15.407;3.35E+20;0.8;-999/-999;2671.6;5.76914e-14;2.2448e-14;2.62233e-14;2.12949e-14;-9.990E+02;3.67171e-14;2.98166e-14;-9.990E+02;1.1082e-13;6.00208e-14;-9.990E+02
00:10:38.818;-00:51:41.125;3.33E+20;0.8;-999/-999;2418.2;7.40677e-14;2.5236e-14;2.68974e-14;2.07054e-14;-9.990E+02;1.13198e-13;4.97783e-14;-9.990E+02;5.69459e-14;4.38364e-14;-9.990E+02
01:58:28.352;+01:04:38.080;2.36E+20;0.8;-999/-999;5095.6;3.54297e-14;1.04404e-14;0;-1.81731e-11;5.10558e-14;3.45895e-14;1.72965e-14;-9.990E+02;8.79256e-14;3.4298e-14;-9.990E+02
01:58:52.671;+01:01:34.467;2.35E+20;0.8;-999/-999;6323.5;5.1966e-14;1.20631e-14;2.58497e-14;1.09891e-14;-9.990E+02;4.83189e-14;1.8364e-14;-9.990E+02;7.37097e-14;2.8014e-14;-9.990E+02
01:58:54.867;+01:04:54.545;2.30E+20;0.8;-999/-999;6556.4;2.43269e-14;8.6592e-15;2.11532e-14;1.05343e-14;-9.990E+02;1.05751e-14;9.03014e-15;-9.990E+02;3.22759e-14;1.97316e-14;-9.990E+02
01:59:02.691;+01:04:13.943;2.30E+20;0.8;-999/-999;6492.4;2.67759e-14;9.2004e-15;2.32648e-14;1.17264e-14;-9.990E+02;2.61839e-14;1.51925e-14;-9.990E+02;1.33195e-14;1.34218e-14;-9.990E+02
01:58:09.102;+01:06:04.999;2.38E+20;0.8;-999/-999;4126.7;5.20643e-14;1.27549e-14;3.6299e-14;1.3902e-14;-9.990E+02;8.12767e-14;2.48914e-14;-9.990E+02;2.58187e-14;-5.05658e-11;2.72833e-13
01:58:59.608;+01:09:22.070;2.30E+20;0.8;-999/-999;6524.0;2.15668e-14;8.6592e-15;1.87383e-14;1.07012e-14;-9.990E+02;2.81099e-14;1.60532e-14;-9.990E+02;1.07299e-14;-3.4424e-11;1.4154e-13
01:58:56.310;+01:10:47.697;2.30E+20;0.8;-999/-999;6502.4;4.93439e-14;1.24476e-14;5.71625e-14;1.69983e-14;-9.990E+02;4.28932e-14;1.87764e-14;-9.990E+02;2.45447e-14;-4.94825e-11;1.44286e-13
01:59:10.105;+01:05:14.243;2.30E+20;1.534;+0.24/-0.18;6478.4;1.58901e-13;1.44113e-14;3.71947e-13;4.44496e-14;-9.990E+02;2.71784e-13;4.22097e-14;-9.990E+02;1.25402e-13;3.46736e-14;-9.990E+02
21:56:14.861;-00:37:04.922;6.34E+20;0.750;+0.18/-0.15;15945.7;1.21633e-13;1.19483e-14;6.73728e-14;1.23621e-14;-9.990E+02;1.13499e-13;1.7454e-14;-9.990E+02;1.33128e-13;2.30736e-14;-9.990E+02
21:56:06.675;-00:40:58.716;6.55E+20;0.8;-999/-999;15964.0;1.1257e-14;4.17096e-15;6.60721e-15;-8.65872e-12;2.57578e-14;4.50716e-15;4.19927e-15;-9.990E+02;3.29157e-14;1.36909e-14;-9.990E+02
21:56:15.232;-00:30:58.952;6.13E+20;0.8;-999/-999;15862.7;1.76216e-14;5.0391e-15;1.20035e-14;5.88319e-15;-9.990E+02;9.46818e-15;5.65507e-15;-9.990E+02;2.77861e-14;1.18078e-14;-9.990E+02
21:56:18.621;-00:30:48.355;6.09E+20;0.8;-999/-999;15723.3;1.95696e-14;5.33855e-15;1.33049e-14;6.29004e-15;-9.990E+02;1.57804e-14;7.46037e-15;-9.990E+02;2.31647e-14;1.09514e-14;-9.990E+02
21:55:37.104;-00:38:56.342;6.80E+20;0.8;-999/-999;14621.0;3.58963e-14;6.99885e-15;2.15301e-14;7.83744e-15;-9.990E+02;2.45299e-14;8.92944e-15;-9.990E+02;5.3631e-14;1.59413e-14;-9.990E+02
21:55:50.135;-00:30:22.949;6.37E+20;0.8;-999/-999;16428.4;1.15674e-14;4.30416e-15;4.77281e-15;3.89753e-15;-9.990E+02;1.11424e-14;6.5744e-15;-9.990E+02;1.63097e-14;9.62326e-15;-9.990E+02
21:56:13.731;-00:28:00.165;6.04E+20;0.8;-999/-999;15885.5;1.12831e-14;4.41699e-15;5.74139e-15;4.49514e-15;-9.990E+02;1.09295e-14;-1.06824e-11;4.49494e-14;3.00896e-14;1.36367e-14;-9.990E+02
21:56:13.068;-00:46:26.040;6.67E+20;0.8;-999/-999;12482.6;1.89696e-14;5.73426e-15;4.40205e-15;4.046e-15;-9.990E+02;3.5377e-14;1.20734e-14;-9.990E+02;7.37256e-15;6.77625e-15;-9.990E+02
21:56:28.850;-00:28:55.727;5.96E+20;0.8;-999/-999;15869.6;1.30223e-14;4.71107e-15;1.13269e-14;6.3109e-15;-9.990E+02;4.50909e-15;4.31016e-15;-9.990E+02;1.98947e-14;1.10845e-14;-9.990E+02
21:56:26.579;-00:27:38.133;5.94E+20;0.8;-999/-999;16563.1;2.00647e-14;5.77182e-15;1.1619e-14;6.31749e-15;-9.990E+02;2.7803e-14;1.06365e-14;-9.990E+02;1.02177e-14;7.81897e-15;-9.990E+02
21:56:28.740;-00:27:53.554;5.93E+20;0.8;-999/-999;16509.8;1.246e-14;4.70704e-15;1.00974e-14;5.99014e-15;-9.990E+02;1.20863e-14;7.17002e-15;-9.990E+02;8.89094e-15;7.41814e-15;-9.990E+02
21:55:37.226;-00:28:44.613;6.44E+20;0.8;-999/-999;8166.9;5.0534e-14;9.70326e-15;5.22586e-14;1.41258e-14;-9.990E+02;6.07587e-14;1.64234e-14;-9.990E+02;3.55601e-14;-3.41078e-11;2.93553e-13
01:59:31.768;-01:18:26.488;2.42E+20;0.8;-999/-999;1221.6;8.66914e-14;3.53288e-14;3.78621e-14;3.08594e-14;-9.990E+02;1.12719e-13;6.48195e-14;-9.990E+02;8.58876e-14;7.00024e-14;-9.990E+02
01:25:28.956;-00:05:54.410;3.14E+20;0.648;+0.12/-0.10;4196.2;8.23986e-13;5.64804e-14;3.43859e-13;4.58317e-14;-9.990E+02;7.79004e-13;8.34544e-14;-9.990E+02;9.39448e-13;1.15301e-13;-9.990E+02
01:25:11.830;-00:01:28.435;3.16E+20;0.8;-999/-999;4555.7;2.55957e-14;1.07346e-14;1.24398e-14;-1.93385e-11;5.08351e-14;3.27112e-14;2.02062e-14;-9.990E+02;4.94849e-14;3.05675e-14;-9.990E+02
01:25:23.415;-00:10:55.873;3.19E+20;0.8;-999/-999;4645.7;3.19011e-14;1.18617e-14;1.1521e-14;9.4849e-15;-9.990E+02;1.62987e-14;1.34183e-14;-9.990E+02;7.39161e-14;3.60092e-14;-9.990E+02
01:24:47.386;-00:02:49.459;3.26E+20;0.8;-999/-999;4695.5;5.0105e-14;1.53868e-14;1.29639e-14;1.04912e-14;-9.990E+02;1.82569e-14;1.47747e-14;-9.990E+02;1.37981e-13;4.88461e-14;-9.990E+02
01:25:44.339;-00:15:43.126;3.16E+20;0.8;-999/-999;4336.4;3.67067e-14;1.3941e-14;3.78372e-14;1.91549e-14;-9.990E+02;4.01985e-14;2.37592e-14;-9.990E+02;1.01407e-13;-5.38571e-11;1.34023e-13
01:58:28.321;+01:04:36.999;2.36E+20;0.8;-999/-999;5618.3;4.05414e-14;1.0576e-14;7.84856e-15;6.19946e-15;-9.990E+02;3.5179e-14;1.57681e-14;-9.990E+02;8.94332e-14;3.13097e-14;-9.990E+02
01:58:52.646;+01:01:33.788;2.35E+20;0.8;-999/-999;6758.7;5.49886e-14;1.19275e-14;2.39375e-14;1.02266e-14;-9.990E+02;4.47541e-14;1.69628e-14;-9.990E+02;9.55696e-14;3.06146e-14;-9.990E+02
01:58:55.011;+01:04:51.083;2.30E+20;0.8;-999/-999;7084.8;3.59221e-14;9.8769e-15;3.56707e-14;1.27963e-14;-9.990E+02;2.92668e-14;-2.57253e-11;8.85377e-14;6.12676e-14;2.53685e-14;-9.990E+02
01:59:02.691;+01:04:13.943;2.30E+20;0.8;-999/-999;6940.2;2.49087e-14;8.6592e-15;2.1647e-14;1.02827e-14;-9.990E+02;2.43496e-14;1.33583e-14;-9.990E+02;1.23935e-14;1.17744e-14;-9.990E+02
01:58:09.102;+01:06:04.999;2.38E+20;0.8;-999/-999;4680.8;4.91062e-14;1.19407e-14;3.4264e-14;1.3088e-14;-9.990E+02;7.66515e-14;2.44113e-14;-9.990E+02;2.43649e-14;-4.73351e-11;2.57594e-13
01:58:09.282;+01:06:35.980;2.38E+20;0.8;-999/-999;4609.8;4.09919e-14;1.11266e-14;7.14859e-14;1.94037e-14;-9.990E+02;6.39763e-14;-2.89235e-11;2.34968e-13;2.03373e-14;-4.41098e-11;3.58338e-13
01:58:59.608;+01:09:22.070;2.30E+20;0.8;-999/-999;7068.6;1.95103e-14;7.9827e-15;1.69512e-14;9.86177e-15;-9.990E+02;2.5429e-14;1.47939e-14;-9.990E+02;9.70699e-15;-3.17321e-11;1.27973e-13
01:58:56.325;+01:10:47.541;2.30E+20;0.8;-999/-999;7045.6;4.79774e-14;1.17711e-14;5.00378e-14;1.60742e-14;-9.990E+02;5.00185e-14;1.88504e-14;-9.990E+02;2.38664e-14;-4.67906e-11;1.26304e-13
01:59:10.107;+01:05:14.498;2.30E+20;1.576;+0.22/-0.17;6925.1;1.4732e-13;1.24897e-14;3.59663e-13;4.1591e-14;-9.990E+02;2.75406e-13;4.07682e-14;-9.990E+02;1.14627e-13;3.03667e-14;-9.990E+02
23:52:29.961;-00:27:01.732;3.25E+20;0.8;-999/-999;4210.9;8.06819e-14;1.81779e-14;1.32808e-14;9.87324e-15;-9.990E+02;7.48818e-14;2.74055e-14;-9.990E+02;1.69737e-13;5.09804e-14;-9.990E+02
23:53:21.578;-00:28:40.219;3.20E+20;0.8;-999/-999;4345.1;1.67089e-13;2.7918e-14;1.09774e-13;2.99338e-14;-9.990E+02;1.74598e-13;4.45675e-14;-9.990E+02;1.46703e-13;5.05453e-14;-9.990E+02
03:33:24.637;+01:00:46.951;7.51E+20;0.8;-999/-999;5843.2;2.28989e-14;9.82514e-15;8.24571e-15;8.58814e-15;-9.990E+02;1.80706e-14;1.33316e-14;-9.990E+02;3.92079e-14;2.38244e-14;-9.990E+02
03:34:06.198;+01:01:24.665;7.36E+20;0.8;-999/-999;5702.1;6.38503e-14;1.5785e-14;4.57026e-14;1.89862e-14;-9.990E+02;6.73084e-14;2.42228e-14;-9.990E+02;4.8777e-14;2.49637e-14;-9.990E+02
03:33:26.447;+01:08:42.039;7.58E+20;0.8;-999/-999;5693.2;6.01663e-14;1.55575e-14;3.26131e-14;1.66471e-14;-9.990E+02;5.34004e-14;2.20812e-14;-9.990E+02;7.71975e-14;3.19213e-14;-9.990E+02
03:33:49.186;+00:52:05.753;7.36E+20;0.8;-999/-999;5892.6;4.55397e-14;1.42065e-14;1.39752e-14;1.11171e-14;-9.990E+02;6.17649e-14;2.40805e-14;-9.990E+02;4.47177e-14;2.54684e-14;-9.990E+02
03:33:05.766;+00:57:36.276;7.57E+20;0.8;-999/-999;5943.9;7.25463e-14;1.74581e-14;6.5492e-14;2.52101e-14;-9.990E+02;8.5837e-14;2.98289e-14;-9.990E+02;2.06779e-14;1.72524e-14;-9.990E+02
02:25:08.082;+00:17:08.013;2.89E+20;0.8;-999/-999;5905.6;8.00878e-14;1.51943e-14;3.00659e-14;1.26395e-14;-9.990E+02;9.75434e-14;2.60483e-14;-9.990E+02;9.86689e-14;3.39872e-14;-9.990E+02
02:25:34.656;+00:18:22.272;2.84E+20;0.8;-999/-999;5942.5;4.32837e-14;1.15828e-14;4.19936e-14;1.5625e-14;-9.990E+02;2.0264e-14;1.29224e-14;-9.990E+02;4.61355e-14;2.414e-14;-9.990E+02
02:25:09.745;+00:19:05.284;2.90E+20;0.8;-999/-999;5378.5;1.0586e-13;1.79634e-14;8.58316e-14;2.17844e-14;-9.990E+02;7.42514e-14;2.40163e-14;-9.990E+02;1.12628e-13;3.6429e-14;-9.990E+02
02:25:08.834;+00:10:54.021;2.87E+20;0.8;-999/-999;6043.8;1.9407e-14;8.00574e-15;1.57129e-14;-1.42451e-11;3.80345e-14;2.49628e-14;1.44187e-14;-9.990E+02;3.78772e-14;2.18781e-14;-9.990E+02
02:25:45.962;+00:12:17.115;2.77E+20;0.8;-999/-999;6388.6;2.0634e-14;8.2536e-15;1.66356e-14;-1.4623e-11;4.02534e-14;2.6604e-14;1.50933e-14;-9.990E+02;4.04085e-14;2.29251e-14;-9.990E+02
02:25:56.426;+00:13:48.459;2.74E+20;0.8;-999/-999;4986.2;8.68082e-14;1.64904e-14;7.68657e-14;1.9915e-14;-9.990E+02;9.33281e-14;2.70765e-14;-9.990E+02;2.83544e-14;1.85114e-14;-9.990E+02
02:25:05.294;+00:05:38.697;2.85E+20;0.8;-999/-999;6375.1;6.24868e-14;1.51734e-14;3.70675e-14;1.56322e-14;-9.990E+02;6.43351e-14;2.46653e-14;-9.990E+02;6.50931e-14;3.05743e-14;-9.990E+02
02:24:51.255;+00:21:21.399;2.93E+20;0.8;-999/-999;6388.6;2.44826e-14;9.54408e-15;7.2868e-15;6.96074e-15;-9.990E+02;2.0968e-14;1.41019e-14;-9.990E+02;4.76944e-14;2.60298e-14;-9.990E+02
02:25:16.430;+00:04:21.138;2.84E+20;0.8;-999/-999;3741.2;5.95685e-14;1.51679e-14;2.11955e-14;1.2213e-14;-9.990E+02;5.11214e-14;-3.90156e-11;2.02675e-13;1.86223e-13;5.30326e-14;-9.990E+02
02:24:38.754;+00:16:51.384;2.91E+20;0.8;-999/-999;6333.5;2.25851e-14;9.39896e-15;1.6124e-14;1.08242e-14;-9.990E+02;1.16115e-14;1.09826e-14;-9.990E+02;3.52333e-14;2.36523e-14;-9.990E+02
02:25:01.065;+00:25:06.029;2.93E+20;0.8;-999/-999;5824.9;1.50907e-13;2.35144e-14;1.7965e-13;3.50013e-14;-9.990E+02;1.07683e-13;3.27243e-14;-9.990E+02;3.26639e-14;2.17616e-14;-9.990E+02
02:35:52.646;+00:39:33.122;2.32E+20;0.8;-999/-999;14617.9;1.24406e-14;4.1974e-15;2.70365e-15;2.67068e-15;-9.990E+02;2.02554e-14;8.80286e-15;-9.990E+02;1.23617e-14;8.54979e-15;-9.990E+02
02:35:55.070;+00:45:05.384;2.29E+20;0.8;-999/-999;14456.3;1.01289e-14;3.92225e-15;2.93218e-15;2.78181e-15;-9.990E+02;8.80667e-15;5.84407e-15;-9.990E+02;2.0162e-14;1.11496e-14;-9.990E+02
02:36:06.131;+00:44:40.566;2.31E+20;0.8;-999/-999;14477.9;1.02054e-14;3.92515e-15;8.87156e-15;4.82406e-15;-9.990E+02;9.97309e-15;6.17365e-15;-9.990E+02;5.07433e-15;5.3839e-15;-9.990E+02
02:35:18.335;+00:39:07.656;2.27E+20;0.8;-999/-999;6275.2;5.902e-14;9.4605e-15;5.12088e-14;1.19988e-14;-9.990E+02;5.77575e-14;1.55677e-14;-9.990E+02;2.93837e-14;1.39166e-14;-9.990E+02
02:36:35.196;+00:54:10.310;2.29E+20;0.308;+0.10/-0.09;3239.0;1.3437e-12;8.03124e-14;6.18406e-13;5.66274e-14;-9.990E+02;4.2841e-13;6.19018e-14;-9.990E+02;1.76893e-12;1.61981e-13;-9.990E+02
02:36:51.179;+00:50:51.345;2.38E+20;0.814;+0.21/-0.17;7915.2;2.81568e-13;3.21792e-14;1.66042e-13;3.18179e-14;-9.990E+02;2.96191e-13;5.22627e-14;-9.990E+02;3.00347e-13;6.43716e-14;-9.990E+02
20:10:00.327;-00:43:42.246;9.45E+20;0.8;-999/-999;32764.2;5.8652e-14;6.3156e-15;5.39722e-14;9.45192e-15;-9.990E+02;6.77513e-14;1.04717e-14;-9.990E+02;2.03853e-14;6.89856e-15;-9.990E+02
20:10:15.099;-00:41:18.552;9.41E+20;0.8;-999/-999;37398.7;1.07312e-14;2.98872e-15;1.17738e-14;4.84574e-15;-9.990E+02;5.83577e-15;3.3031e-15;-9.990E+02;1.03498e-14;5.11284e-15;-9.990E+02
20:10:28.317;-00:44:51.707;9.46E+20;0.8;-999/-999;37396.1;8.5331e-15;2.82608e-15;4.60088e-15;3.06454e-15;-9.990E+02;7.58222e-15;3.96195e-15;-9.990E+02;1.07537e-14;5.61914e-15;-9.990E+02
20:10:28.503;-00:45:21.712;9.47E+20;0.8;-999/-999;37395.1;1.34928e-14;3.3254e-15;8.29448e-15;3.885e-15;-9.990E+02;9.8368e-15;4.29256e-15;-9.990E+02;1.86001e-14;7.04583e-15;-9.990E+02
20:10:02.259;-00:50:19.789;9.46E+20;0.839;+0.13/-0.11;34481.8;1.24148e-13;8.57646e-15;9.92151e-14;1.19828e-14;-9.990E+02;1.03761e-13;1.19874e-14;-9.990E+02;1.31154e-13;1.60089e-14;-9.990E+02
20:10:26.557;-00:47:02.432;9.47E+20;0.8;-999/-999;37415.7;1.74583e-14;3.65794e-15;2.39976e-14;6.67832e-15;-9.990E+02;1.18564e-14;4.48838e-15;-9.990E+02;6.72457e-15;4.11805e-15;-9.990E+02
20:10:28.542;-00:47:30.741;9.47E+20;0.8;-999/-999;37418.7;2.37766e-14;4.32302e-15;1.85159e-14;5.91297e-15;-9.990E+02;2.44e-14;6.57322e-15;-9.990E+02;1.72988e-14;6.56122e-15;-9.990E+02
20:09:40.779;-00:37:42.039;9.37E+20;0.8;-999/-999;35971.3;7.59279e-15;2.65424e-15;7.06894e-15;3.80125e-15;-9.990E+02;5.26546e-15;3.30385e-15;-9.990E+02;7.47475e-15;4.69009e-15;-9.990E+02
20:10:06.628;-00:34:46.557;9.29E+20;0.8;-999/-999;34665.1;1.48516e-14;3.64254e-15;1.32567e-14;5.17821e-15;-9.990E+02;1.32222e-14;5.16473e-15;-9.990E+02;1.12733e-14;5.79722e-15;-9.990E+02
20:09:26.962;-00:45:05.825;9.47E+20;0.8;-999/-999;36156.4;1.34911e-14;3.49167e-15;6.30535e-15;3.82439e-15;-9.990E+02;1.45402e-14;5.54424e-15;-9.990E+02;1.47287e-14;6.78991e-15;-9.990E+02
20:09:25.062;-00:44:28.903;9.47E+20;0.8;-999/-999;35958.0;8.75578e-15;2.99286e-15;1.53419e-14;6.11888e-15;-9.990E+02;5.05278e-15;3.45555e-15;-9.990E+02;9.55597e-15;-9.79011e-12;2.36803e-14
20:09:58.782;-00:33:39.129;9.27E+20;0.954;+0.20/-0.16;33137.4;6.67158e-14;6.51464e-15;4.38569e-14;8.65524e-15;-9.990E+02;8.037e-14;1.13933e-14;-9.990E+02;6.71492e-14;1.24855e-14;-9.990E+02
20:10:42.198;-00:46:14.300;9.49E+20;0.8;-999/-999;28943.6;1.85148e-14;4.15875e-15;2.40551e-14;7.29356e-15;-9.990E+02;9.49731e-15;4.50095e-15;-9.990E+02;1.34657e-14;6.38166e-15;-9.990E+02
20:09:23.600;-00:47:47.623;9.50E+20;0.8;-999/-999;37169.8;7.28622e-15;2.82863e-15;9.46997e-15;-6.60913e-12;1.25254e-14;7.47439e-15;4.27108e-15;-9.990E+02;1.32482e-14;6.76294e-15;-9.990E+02
20:09:21.888;-00:38:06.076;9.39E+20;0.8;-999/-999;32630.5;1.48833e-14;3.81708e-15;4.33334e-15;3.14351e-15;-9.990E+02;8.59625e-15;4.41129e-15;-9.990E+02;3.05099e-14;9.83785e-15;-9.990E+02
20:09:26.081;-00:50:28.212;9.50E+20;0.8;-999/-999;37412.9;1.55774e-14;3.82697e-15;1.2144e-14;5.26628e-15;-9.990E+02;9.58689e-15;4.67822e-15;-9.990E+02;2.03923e-14;8.10246e-15;-9.990E+02
20:09:43.389;-00:54:05.144;9.45E+20;0.8;-999/-999;34912.6;4.79155e-14;6.1494e-15;5.03249e-14;9.68085e-15;-9.990E+02;5.25888e-14;9.90743e-15;-9.990E+02;1.17717e-14;5.62448e-15;-9.990E+02
20:09:25.661;-00:51:42.882;9.50E+20;0.8;-999/-999;36641.2;9.34613e-15;3.16141e-15;1.53006e-14;6.16151e-15;-9.990E+02;4.31333e-15;3.16221e-15;-9.990E+02;3.05857e-15;3.20722e-15;-9.990E+02
20:09:14.299;-00:51:40.517;9.51E+20;0.216;+0.15/-0.13;8174.3;2.54357e-13;2.13098e-14;6.06628e-14;1.21974e-14;-9.990E+02;1.49201e-13;2.12569e-14;-9.990E+02;3.4805e-13;4.0823e-14;-9.990E+02
22:17:37.627;+00:39:50.256;4.00E+20;0.8;-999/-999;6245.3;3.82324e-14;1.10341e-14;8.93548e-15;7.23999e-15;-9.990E+02;6.0038e-14;2.18196e-14;-9.990E+02;3.60121e-14;2.07835e-14;-9.990E+02
22:17:52.751;+00:34:31.371;4.12E+20;0.8;-999/-999;5807.6;4.56292e-14;1.23711e-14;4.28601e-14;1.63901e-14;-9.990E+02;7.14772e-14;-3.09663e-11;1.88732e-13;8.56329e-14;3.27468e-14;-9.990E+02
22:17:08.724;+00:27:15.684;4.10E+20;0.8;-999/-999;6393.4;2.41517e-14;1.00632e-14;9.06662e-15;8.75631e-15;-9.990E+02;3.63253e-14;2.04114e-14;-9.990E+02;1.8141e-14;1.75201e-14;-9.990E+02
22:17:14.950;+00:26:16.948;4.12E+20;0.8;-999/-999;6174.1;8.9935e-14;1.87005e-14;6.49927e-14;2.03383e-14;-9.990E+02;1.0399e-13;3.2062e-14;-9.990E+02;5.19143e-14;2.69695e-14;-9.990E+02
02:14:33.466;-00:45:59.879;2.65E+20;0.723;+0.01/-0.01;129648.0;3.67034e-12;2.04232e-14;2.01894e-12;1.97515e-14;-9.990E+02;3.30519e-12;3.10129e-14;-9.990E+02;4.06741e-12;4.2323e-14;-9.990E+02
02:14:34.872;-00:42:42.841;2.66E+20;0.977;+0.06/-0.06;130502.0;9.02844e-14;3.04382e-15;8.0479e-14;4.179e-15;-9.990E+02;9.55261e-14;5.50897e-15;-9.990E+02;9.00831e-14;6.18841e-15;-9.990E+02
02:14:48.845;-00:47:27.226;2.66E+20;0.8;-999/-999;130918.0;6.24172e-15;1.10994e-15;2.97754e-15;1.01952e-15;-9.990E+02;6.543e-15;1.81518e-15;-9.990E+02;7.95645e-15;2.4936e-15;-9.990E+02
02:14:39.369;-00:50:21.447;2.64E+20;0.269;+0.23/-0.18;128981.0;1.45455e-14;1.92864e-15;1.79957e-15;6.87132e-16;-9.990E+02;1.23685e-14;2.3949e-15;-9.990E+02;1.94275e-14;3.84958e-15;-9.990E+02
02:14:53.331;-00:47:11.883;2.67E+20;0.8;-999/-999;129418.0;3.94379e-15;9.04728e-16;3.97963e-15;1.20478e-15;-9.990E+02;2.1842e-15;1.0735e-15;-9.990E+02;3.32109e-15;1.63226e-15;-9.990E+02
02:14:55.337;-00:47:02.678;2.67E+20;0.426;+0.26/-0.20;135069.0;1.13456e-14;1.60253e-15;2.89623e-15;9.04569e-16;-9.990E+02;9.45617e-15;2.091e-15;-9.990E+02;1.4202e-14;3.26487e-15;-9.990E+02
02:14:32.175;-00:50:49.094;2.63E+20;0.8;-999/-999;134114.0;3.95749e-15;9.30852e-16;1.74426e-15;8.50412e-16;-9.990E+02;3.29093e-15;1.40094e-15;-9.990E+02;6.674e-15;2.46437e-15;-9.990E+02
02:14:55.620;-00:44:31.672;2.68E+20;0.796;+0.27/-0.20;135441.0;9.37125e-15;1.29335e-15;5.81936e-15;1.36527e-15;-9.990E+02;8.99619e-15;2.04346e-15;-9.990E+02;1.00845e-14;2.66998e-15;-9.990E+02
02:14:51.125;-00:49:24.084;2.65E+20;0.8;-999/-999;135222.0;3.03433e-15;8.2194e-16;2.49918e-15;9.90487e-16;-9.990E+02;2.09303e-15;1.08849e-15;-9.990E+02;3.18306e-15;1.65536e-15;-9.990E+02
02:14:48.925;-00:50:41.095;2.65E+20;0.878;+0.19/-0.15;135923.0;1.55617e-14;1.53696e-15;1.31003e-14;2.01571e-15;-9.990E+02;1.31888e-14;2.40376e-15;-9.990E+02;1.61738e-14;3.26166e-15;-9.990E+02
02:14:52.867;-00:49:33.102;2.66E+20;0.8;-999/-999;133227.0;2.99411e-15;8.08477e-16;2.84451e-15;1.04299e-15;-9.990E+02;2.388e-15;-2.08795e-12;3.93572e-15;5.43e-15;2.15961e-15;-9.990E+02
02:14:14.693;-00:46:50.808;2.63E+20;0.8;-999/-999;132028.0;5.29764e-15;1.05405e-15;1.94625e-15;8.27728e-16;-9.990E+02;2.85606e-15;1.21467e-15;-9.990E+02;1.21629e-14;3.09191e-15;-9.990E+02
02:14:19.447;-00:42:15.097;2.65E+20;0.837;+0.17/-0.14;131463.0;1.96455e-14;1.85836e-15;1.40422e-14;2.06762e-15;-9.990E+02;1.81585e-14;2.83465e-15;-9.990E+02;2.07305e-14;3.73331e-15;-9.990E+02
02:14:36.839;-00:39:52.117;2.68E+20;0.8;-999/-999;132883.0;8.75438e-15;1.27531e-15;4.75799e-15;1.29972e-15;-9.990E+02;8.12147e-15;2.0534e-15;-9.990E+02;1.14635e-14;3.00595e-15;-9.990E+02
02:15:00.213;-00:45:57.121;2.68E+20;0.8;-999/-999;135440.0;2.36686e-15;7.67928e-16;1.67232e-15;8.60265e-16;-9.990E+02;1.22318e-15;8.95417e-16;-9.990E+02;3.71865e-15;1.91292e-15;-9.990E+02
02:14:60.000;-00:47:19.835;2.67E+20;0.8;-999/-999;130628.0;4.52364e-15;9.73268e-16;1.66544e-15;7.65667e-16;-9.990E+02;2.92431e-15;1.2347e-15;-9.990E+02;9.63196e-15;2.78185e-15;-9.990E+02
02:14:15.026;-00:48:57.041;2.62E+20;0.8;-999/-999;133715.0;8.56618e-15;1.27261e-15;4.93352e-15;1.24737e-15;-9.990E+02;9.37604e-15;2.05791e-15;-9.990E+02;8.42449e-15;2.44224e-15;-9.990E+02
02:14:58.395;-00:48:44.821;2.67E+20;1.429;+0.15/-0.12;130047.0;1.60985e-14;1.08921e-15;2.66028e-14;2.6839e-15;-9.990E+02;3.09147e-14;3.05976e-15;-9.990E+02;1.33133e-14;2.40314e-15;-9.990E+02
02:14:26.680;-00:51:43.971;2.62E+20;0.8;-999/-999;134501.0;3.74531e-15;9.03144e-16;1.72191e-15;8.43473e-16;-9.990E+02;1.68542e-15;1.00488e-15;-9.990E+02;8.33292e-15;2.77297e-15;-9.990E+02
02:15:01.356;-00:44:55.918;2.68E+20;-0.416;+0.27/-0.20;133400.0;1.67382e-14;2.28919e-15;9.73486e-16;4.79944e-16;-9.990E+02;7.00485e-15;1.8822e-15;-9.990E+02;2.96321e-14;5.28742e-15;-9.990E+02
02:14:22.128;-00:40:54.494;2.66E+20;0.8;-999/-999;132390.0;4.5494e-15;9.86616e-16;2.34261e-15;9.18176e-16;-9.990E+02;5.38814e-15;1.66958e-15;-9.990E+02;4.47167e-15;1.86872e-15;-9.990E+02
02:14:38.762;-00:52:35.704;2.63E+20;0.222;+0.23/-0.18;129455.0;1.52095e-14;2.0153e-15;1.68055e-15;6.79922e-16;-9.990E+02;1.24669e-14;2.42654e-15;-9.990E+02;2.07297e-14;4.03479e-15;-9.990E+02
02:14:27.871;-00:52:32.363;2.61E+20;0.8;-999/-999;135449.0;4.05719e-15;9.30172e-16;1.50419e-15;7.57515e-16;-9.990E+02;2.76399e-15;1.24268e-15;-9.990E+02;8.40817e-15;2.67812e-15;-9.990E+02
02:14:08.633;-00:44:41.239;2.63E+20;0.8;-999/-999;132958.0;2.55026e-15;8.2134e-16;2.07583e-15;9.89653e-16;-9.990E+02;1.01529e-15;8.33622e-16;-9.990E+02;3.8595e-15;2.00489e-15;-9.990E+02
02:14:28.821;-00:52:58.914;2.61E+20;0.8;-999/-999;136215.0;2.361e-15;7.79703e-16;9.59905e-16;6.59935e-16;-9.990E+02;3.29151e-15;1.49369e-15;-9.990E+02;2.14594e-15;1.47533e-15;-9.990E+02
02:14:56.166;-00:40:42.612;2.69E+20;0.8;-999/-999;135354.0;4.19908e-15;9.6026e-16;1.93669e-15;8.9949e-16;-9.990E+02;3.30176e-15;1.41398e-15;-9.990E+02;7.17023e-15;2.56426e-15;-9.990E+02
02:14:43.173;-00:53:18.189;2.63E+20;0.8;-999/-999;128572.0;3.81512e-15;9.30852e-16;1.18705e-15;6.9838e-16;-9.990E+02;2.90351e-15;1.30639e-15;-9.990E+02;7.94524e-15;2.68845e-15;-9.990E+02
02:14:25.595;-00:38:58.597;2.67E+20;0.604;+0.21/-0.17;131295.0;1.48557e-14;1.75769e-15;7.69643e-15;1.49118e-15;-9.990E+02;1.05439e-14;2.17715e-15;-9.990E+02;1.73132e-14;3.47735e-15;-9.990E+02
02:14:22.225;-00:52:57.450;2.50E+20;0.8;-999/-999;132826.0;6.73583e-15;1.14467e-15;2.75417e-15;9.86533e-16;-9.990E+02;6.99028e-15;1.9058e-15;-9.990E+02;9.75853e-15;2.78969e-15;-9.990E+02
02:14:31.204;-00:53:41.177;2.61E+20;0.8;-999/-999;133710.0;2.7782e-15;8.2074e-16;1.12929e-15;6.86679e-16;-9.990E+02;3.31912e-15;1.43386e-15;-9.990E+02;3.3665e-15;1.77751e-15;-9.990E+02
02:14:54.362;-00:39:43.214;2.70E+20;0.8;-999/-999;135738.0;5.06616e-15;1.02915e-15;3.58379e-15;1.14162e-15;-9.990E+02;4.71024e-15;1.57079e-15;-9.990E+02;4.77198e-15;1.94693e-15;-9.990E+02
02:14:05.472;-00:45:04.480;2.62E+20;0.8;-999/-999;134534.0;5.69528e-15;1.08104e-15;2.67654e-15;9.84293e-16;-9.990E+02;3.93029e-15;1.44535e-15;-9.990E+02;1.04606e-14;2.94318e-15;-9.990E+02
02:15:08.668;-00:43:37.143;2.70E+20;0.8;-999/-999;116680.0;2.92965e-15;8.9193e-16;1.8511e-15;9.46296e-16;-9.990E+02;2.16232e-15;1.23657e-15;-9.990E+02;4.10989e-15;2.10101e-15;-9.990E+02
02:14:34.316;-00:54:23.639;2.61E+20;0.8;-999/-999;132414.0;3.39786e-15;8.75456e-16;3.7418e-16;3.7683e-16;-9.990E+02;4.39718e-15;1.61124e-15;-9.990E+02;5.85502e-15;2.26013e-15;-9.990E+02
02:14:06.370;-00:42:33.613;2.63E+20;0.8;-999/-999;134520.0;5.3127e-15;1.04036e-15;3.68013e-15;1.11562e-15;-9.990E+02;4.90824e-15;1.56986e-15;-9.990E+02;5.22823e-15;1.9785e-15;-9.990E+02
02:15:02.764;-00:51:45.278;2.66E+20;0.8;-999/-999;102798.0;6.68021e-15;1.24697e-15;2.61956e-15;1.06379e-15;-9.990E+02;6.71658e-15;2.06847e-15;-9.990E+02;1.02136e-14;3.14541e-15;-9.990E+02
02:14:16.733;-00:52:30.527;2.50E+20;1.037;+0.21/-0.16;135393.0;1.30552e-14;1.3176e-15;1.15112e-14;1.94555e-15;-9.990E+02;1.64661e-14;2.73569e-15;-9.990E+02;1.26751e-14;2.87041e-15;-9.990E+02
02:14:15.957;-00:52:48.238;2.50E+20;0.651;+0.28/-0.20;133651.0;9.64783e-15;1.44318e-15;4.54925e-15;1.17312e-15;-9.990E+02;8.435e-15;1.99262e-15;-9.990E+02;1.09846e-14;2.83259e-15;-9.990E+02
02:15:10.635;-00:48:01.361;2.68E+20;0.8;-999/-999;98235.8;6.50682e-15;1.22046e-15;4.73134e-15;1.34333e-15;-9.990E+02;5.9352e-15;1.81954e-15;-9.990E+02;6.01728e-15;2.24961e-15;-9.990E+02
02:14:49.037;-00:37:51.939;2.70E+20;0.8;-999/-999;129533.0;4.46377e-15;1.01543e-15;2.49191e-15;1.02346e-15;-9.990E+02;4.85555e-15;1.70476e-15;-9.990E+02;4.61144e-15;2.07299e-15;-9.990E+02
02:14:47.835;-00:54:18.355;2.63E+20;0.8;-999/-999;108041.0;4.78841e-15;1.08143e-15;2.81379e-15;1.10066e-15;-9.990E+02;5.15967e-15;1.788e-15;-9.990E+02;4.71058e-15;2.10562e-15;-9.990E+02
02:14:53.549;-00:38:03.408;2.70E+20;0.8;-999/-999;126011.0;4.16188e-15;9.87984e-16;2.45309e-15;1.01326e-15;-9.990E+02;4.17861e-15;1.60765e-15;-9.990E+02;4.53656e-15;2.05576e-15;-9.990E+02
02:15:08.609;-00:41:29.959;2.71E+20;0.545;+0.18/-0.14;92087.8;2.55992e-14;2.50155e-15;9.63177e-15;1.8019e-15;-9.990E+02;2.11921e-14;3.31515e-15;-9.990E+02;3.04456e-14;5.26296e-15;-9.990E+02
02:14:26.005;-00:54:37.504;2.49E+20;0.8;-999/-999;128913.0;3.78692e-15;9.26296e-16;2.21099e-15;9.27549e-16;-9.990E+02;3.93136e-15;1.50573e-15;-9.990E+02;3.9922e-15;1.89135e-15;-9.990E+02
02:15:12.307;-00:47:08.235;2.69E+20;0.8;-999/-999;94908.1;9.99493e-15;1.50898e-15;6.35946e-15;1.56671e-15;-9.990E+02;1.03302e-14;2.41191e-15;-9.990E+02;9.42204e-15;2.85193e-15;-9.990E+02
02:14:47.897;-00:37:21.420;2.70E+20;0.8;-999/-999;126270.0;8.06168e-15;1.28987e-15;4.13944e-15;1.26318e-15;-9.990E+02;8.73291e-15;2.20378e-15;-9.990E+02;9.19056e-15;2.80458e-15;-9.990E+02
02:14:29.817;-00:54:55.685;2.49E+20;0.8;-999/-999;127348.0;7.4417e-15;1.21236e-15;4.1723e-15;1.18605e-15;-9.990E+02;5.40563e-15;1.65174e-15;-9.990E+02;1.17671e-14;2.99536e-15;-9.990E+02
02:14:02.441;-00:49:38.927;2.50E+20;0.8;-999/-999;135653.0;3.62751e-15;9.26636e-16;1.05987e-15;6.66925e-16;-9.990E+02;3.65955e-15;1.49317e-15;-9.990E+02;6.37105e-15;2.42832e-15;-9.990E+02
02:14:00.328;-00:45:51.839;2.51E+20;0.8;-999/-999;136921.0;4.31966e-15;1.00869e-15;2.42407e-15;9.97119e-16;-9.990E+02;3.58571e-15;1.47495e-15;-9.990E+02;6.14497e-15;2.39121e-15;-9.990E+02
02:15:07.838;-00:51:26.657;2.67E+20;0.8;-999/-999;81680.8;7.35297e-15;1.35709e-15;4.15634e-15;-2.39407e-12;6.12437e-15;1.35728e-14;3.0065e-15;-9.990E+02;8.25827e-15;2.81902e-15;-9.990E+02
02:14:16.947;-00:37:58.903;2.66E+20;-0.562;+0.19/-0.15;122695.0;3.21309e-14;3.24051e-15;2.05216e-15;6.56019e-16;-9.990E+02;1.06825e-14;2.27252e-15;-9.990E+02;6.0359e-14;7.17299e-15;-9.990E+02
02:15:04.197;-00:52:39.772;2.66E+20;0.8;-999/-999;83151.3;9.27282e-15;1.50733e-15;6.54769e-15;1.71033e-15;-9.990E+02;7.98834e-15;2.28243e-15;-9.990E+02;9.72335e-15;3.13194e-15;-9.990E+02
02:14:25.653;-00:37:05.746;2.67E+20;0.8;-999/-999;124401.0;6.74022e-15;1.22001e-15;2.46185e-15;9.94424e-16;-9.990E+02;4.80417e-15;1.67367e-15;-9.990E+02;1.36991e-14;3.46653e-15;-9.990E+02
02:14:02.456;-00:50:38.449;2.50E+20;0.8;-999/-999;135486.0;4.16714e-15;9.94771e-16;2.78284e-15;1.116e-15;-9.990E+02;4.6319e-15;1.75517e-15;-9.990E+02;3.13705e-15;1.76914e-15;-9.990E+02
02:14:03.070;-00:51:34.234;2.50E+20;0.8;-999/-999;133215.0;6.28614e-15;1.17192e-15;4.26622e-15;1.27987e-15;-9.990E+02;5.26127e-15;1.73077e-15;-9.990E+02;7.21118e-15;2.49403e-15;-9.990E+02
02:14:33.831;-00:36:19.711;2.69E+20;0.8;-999/-999;122150.0;3.04951e-15;9.05388e-16;1.34681e-15;8.00085e-16;-9.990E+02;2.46188e-15;1.30979e-15;-9.990E+02;5.23842e-15;2.34662e-15;-9.990E+02
02:13:57.403;-00:47:16.439;2.51E+20;0.8;-999/-999;136986.0;4.56911e-15;1.02232e-15;4.31264e-15;1.32822e-15;-9.990E+02;1.82326e-15;1.04778e-15;-9.990E+02;5.55255e-15;2.24418e-15;-9.990E+02
02:14:02.266;-00:50:57.111;2.50E+20;0.8;-999/-999;135927.0;4.54733e-15;1.04928e-15;2.21313e-15;9.77217e-16;-9.990E+02;2.62144e-15;1.27607e-15;-9.990E+02;8.98301e-15;2.93725e-15;-9.990E+02
02:14:55.030;-00:55:07.384;2.63E+20;0.984;+0.22/-0.17;75575.0;1.54493e-14;1.7424e-15;1.50024e-14;2.42446e-15;-9.990E+02;1.49489e-14;2.95248e-15;-9.990E+02;1.53645e-14;3.61167e-15;-9.990E+02
02:14:47.976;-00:36:13.951;2.70E+20;0.8;-999/-999;113812.0;6.73339e-15;1.27615e-15;3.10579e-15;1.16297e-15;-9.990E+02;6.80486e-15;2.07903e-15;-9.990E+02;9.19595e-15;2.96727e-15;-9.990E+02
02:14:13.540;-00:54:34.616;2.49E+20;0.8;-999/-999;123856.0;2.77071e-15;8.8543e-16;8.82914e-16;6.6499e-16;-9.990E+02;2.6162e-15;1.39507e-15;-9.990E+02;4.9815e-15;2.3755e-15;-9.990E+02
02:14:02.358;-00:39:52.473;2.64E+20;0.519;+0.15/-0.12;120495.0;2.89386e-14;2.54145e-15;1.1355e-14;1.79164e-15;-9.990E+02;2.18726e-14;3.15637e-15;-9.990E+02;3.48926e-14;5.03522e-15;-9.990E+02
02:14:16.791;-00:55:11.116;2.49E+20;0.8;-999/-999;123019.0;3.8128e-15;9.94406e-16;5.0101e-15;1.50757e-15;-9.990E+02;8.24809e-16;7.54101e-16;-9.990E+02;2.51229e-15;1.59031e-15;-9.990E+02
02:14:40.534;-00:35:43.343;2.70E+20;0.8;-999/-999;117541.0;9.80437e-15;1.50942e-15;1.20835e-14;2.31309e-15;-9.990E+02;6.90765e-15;2.07938e-15;-9.990E+02;1.16633e-15;1.06667e-15;-9.990E+02
02:14:02.565;-00:52:22.872;2.49E+20;0.8;-999/-999;128311.0;2.95734e-15;9.12674e-16;1.48083e-15;8.51646e-16;-9.990E+02;1.64502e-15;1.10729e-15;-9.990E+02;5.84316e-15;2.54945e-15;-9.990E+02
02:14:11.944;-00:37:08.639;2.66E+20;0.8;-999/-999;113845.0;6.97483e-15;1.27438e-15;4.4772e-15;1.36928e-15;-9.990E+02;1.63911e-15;1.00253e-15;-9.990E+02;1.49594e-14;3.70296e-15;-9.990E+02
02:13:58.166;-00:40:22.377;2.63E+20;0.8;-999/-999;113317.0;3.92327e-15;1.06774e-15;5.31869e-16;5.45866e-16;-9.990E+02;7.80857e-16;8.01042e-16;-9.990E+02;1.30625e-14;3.99147e-15;-9.990E+02
02:14:18.243;-00:35:30.532;2.67E+20;0.8;-999/-999;100675.0;5.46949e-15;1.26114e-15;2.03315e-15;1.03388e-15;-9.990E+02;3.72005e-15;1.69953e-15;-9.990E+02;1.13127e-14;3.5398e-15;-9.990E+02
02:14:16.639;-00:35:38.423;2.67E+20;0.8;-999/-999;98861.8;5.25976e-15;1.24743e-15;3.09608e-15;1.27087e-15;-9.990E+02;9.06274e-16;8.4321e-16;-9.990E+02;1.24009e-14;3.7709e-15;-9.990E+02
02:15:14.574;-00:39:07.186;2.72E+20;0.544;+0.10/-0.09;35299.4;8.27522e-14;5.0082e-15;4.82625e-14;4.53626e-15;-9.990E+02;4.13796e-14;5.27011e-15;-9.990E+02;9.85447e-14;1.03369e-14;-9.990E+02
02:14:23.032;-00:34:45.461;2.68E+20;0.8;-999/-999;91960.5;6.76325e-15;1.3713e-15;3.41344e-15;1.34164e-15;-9.990E+02;4.99265e-15;1.96233e-15;-9.990E+02;1.13827e-14;3.64646e-15;-9.990E+02
02:13:51.194;-00:48:46.012;2.50E+20;0.8;-999/-999;108857.0;7.21958e-15;1.3627e-15;5.90487e-15;1.59255e-15;-9.990E+02;3.74795e-15;1.56176e-15;-9.990E+02;9.51079e-15;3.05196e-15;-9.990E+02
02:15:10.026;-00:36:40.940;2.82E+20;1.349;+0.13/-0.11;27314.4;4.89328e-14;2.96903e-15;6.56409e-14;6.16056e-15;-9.990E+02;9.25614e-14;8.31872e-15;-9.990E+02;4.17304e-14;6.43129e-15;-9.990E+02
02:14:06.846;-00:56:25.766;2.48E+20;1.977;+0.15/-0.13;68940.7;2.21504e-14;1.09445e-15;1.21941e-13;7.18461e-15;-9.990E+02;4.63602e-14;4.8422e-15;-9.990E+02;1.45724e-14;2.88352e-15;-9.990E+02
02:13:47.074;-00:42:44.195;2.52E+20;0.8;-999/-999;86141.4;7.57753e-15;1.49996e-15;2.49299e-15;1.15127e-15;-9.990E+02;7.37027e-15;2.40701e-15;-9.990E+02;1.3098e-14;4.0732e-15;-9.990E+02
02:13:44.587;-00:37:47.209;2.63E+20;0.058;+0.14/-0.12;36664.0;8.61032e-14;7.15539e-15;1.78681e-14;3.07051e-15;-9.990E+02;4.11209e-14;6.31913e-15;-9.990E+02;1.25388e-13;1.46487e-14;-9.990E+02
02:13:35.514;-00:47:56.561;2.50E+20;0.882;+0.14/-0.12;35655.6;6.22747e-14;4.56876e-15;2.382e-14;3.93077e-15;-9.990E+02;9.48051e-14;9.48051e-15;-9.990E+02;6.46175e-14;9.47934e-15;-9.990E+02
03:04:35.360;+00:45:32.469;6.38E+20;0.8;-999/-999;21643.8;2.18954e-14;4.92032e-15;2.12688e-14;6.9341e-15;-9.990E+02;2.48121e-14;8.08931e-15;-9.990E+02;4.5397e-15;4.22922e-15;-9.990E+02
03:04:48.258;+00:44:09.483;6.36E+20;0.8;-999/-999;22772.7;1.48393e-14;4.14936e-15;7.06392e-15;4.14835e-15;-9.990E+02;1.37503e-14;6.05533e-15;-9.990E+02;2.01294e-14;8.8645e-15;-9.990E+02
03:04:51.478;+00:44:32.203;6.36E+20;0.8;-999/-999;23079.8;1.46088e-14;4.14936e-15;8.61044e-15;4.52864e-15;-9.990E+02;1.7596e-14;7.05468e-15;-9.990E+02;1.10427e-14;6.88679e-15;-9.990E+02
03:04:53.173;+00:45:32.353;6.35E+20;0.8;-999/-999;23555.0;1.18679e-14;3.84075e-15;1.11222e-14;5.45974e-15;-9.990E+02;5.19606e-15;3.82673e-15;-9.990E+02;1.522e-14;8.4092e-15;-9.990E+02
03:04:47.322;+00:42:06.188;6.36E+20;0.8;-999/-999;23203.5;1.76578e-14;4.45672e-15;2.42816e-14;7.35231e-15;-9.990E+02;8.50929e-15;4.90792e-15;-9.990E+02;8.30099e-15;5.83562e-15;-9.990E+02
03:05:00.858;+00:49:13.573;6.34E+20;0.8;-999/-999;24146.3;1.95981e-14;4.6077e-15;1.57101e-14;5.95615e-15;-9.990E+02;1.3122e-14;5.87639e-15;-9.990E+02;2.30544e-14;9.24345e-15;-9.990E+02
03:05:04.908;+00:43:41.360;6.34E+20;0.8;-999/-999;23053.6;1.55433e-14;4.30052e-15;1.33491e-14;5.63967e-15;-9.990E+02;1.56087e-14;6.59429e-15;-9.990E+02;9.1405e-15;6.20384e-15;-9.990E+02
03:04:23.561;+00:38:55.186;6.41E+20;0.8;-999/-999;23762.3;1.2402e-14;3.84725e-15;1.424e-14;5.85756e-15;-9.990E+02;1.32659e-14;6.09226e-15;-9.990E+02;7.27745e-15;-1.35307e-11;3.20685e-14
03:05:09.891;+00:49:09.023;6.32E+20;0.8;-999/-999;24081.0;1.43593e-14;4.14477e-15;4.54782e-15;3.22361e-15;-9.990E+02;5.32372e-15;3.77359e-15;-9.990E+02;3.50714e-14;1.20282e-14;-9.990E+02
03:04:02.327;+00:45:51.992;6.43E+20;1.131;+0.05/-0.05;22444.1;8.47971e-13;2.3402e-14;8.78488e-13;4.07045e-14;-9.990E+02;1.1113e-12;4.5842e-14;-9.990E+02;7.9315e-13;4.47859e-14;-9.990E+02
03:04:10.410;+00:52:22.324;6.44E+20;0.8;-999/-999;23387.9;1.36261e-14;4.15854e-15;5.63692e-15;3.776e-15;-9.990E+02;9.83254e-15;5.36826e-15;-9.990E+02;2.39741e-14;1.03505e-14;-9.990E+02
03:05:03.768;+00:38:26.464;6.34E+20;0.8;-999/-999;14805.0;3.88276e-14;6.75796e-15;8.88676e-15;4.64276e-15;-9.990E+02;4.15566e-14;1.08536e-14;-9.990E+02;6.08464e-14;1.58916e-14;-9.990E+02
03:04:00.011;+00:48:29.993;6.44E+20;0.8;-999/-999;21777.6;2.318e-14;5.23668e-15;1.59867e-14;6.3029e-15;-9.990E+02;2.23029e-14;8.01719e-15;-9.990E+02;2.17468e-14;9.38046e-15;-9.990E+02
03:05:16.346;+00:39:12.515;6.32E+20;0.144;+0.26/-0.19;11252.5;9.96221e-14;1.35707e-14;3.52914e-14;8.77422e-15;-9.990E+02;3.46245e-14;1.0428e-14;-9.990E+02;1.40094e-13;2.69176e-14;-9.990E+02
02:57:05.969;-00:10:54.776;6.26E+20;0.8;-999/-999;3466.3;5.4557e-14;1.839e-14;4.80309e-14;2.46323e-14;-9.990E+02;7.5197e-14;3.27924e-14;-9.990E+02;0;-6.49558e-11;1.82191e-13
22:34:35.871;+00:13:03.353;5.09E+20;0.8;-999/-999;6464.0;4.23231e-14;1.14106e-14;4.51773e-14;1.64413e-14;-9.990E+02;3.78476e-14;1.68454e-14;-9.990E+02;1.40381e-14;1.24916e-14;-9.990E+02
22:34:54.502;+00:12:11.819;5.07E+20;0.8;-999/-999;6865.9;2.30592e-14;8.7379e-15;1.28767e-14;9.06902e-15;-9.990E+02;2.43178e-14;1.40709e-14;-9.990E+02;2.40467e-14;1.6936e-14;-9.990E+02
22:34:26.719;+00:16:16.770;5.15E+20;0.8;-999/-999;6483.5;2.8443e-14;9.64925e-15;2.09234e-14;1.16484e-14;-9.990E+02;3.49482e-14;1.67845e-14;-9.990E+02;1.29524e-14;1.24386e-14;-9.990E+02
22:34:19.923;+00:09:20.671;5.02E+20;0.8;-999/-999;6618.4;2.2182e-14;8.57704e-15;1.85432e-14;1.07387e-14;-9.990E+02;7.80373e-15;7.74909e-15;-9.990E+02;3.47508e-14;2.01249e-14;-9.990E+02
22:35:07.197;+00:11:20.219;5.05E+20;0.8;-999/-999;6799.4;2.11506e-14;8.58458e-15;1.77069e-14;-1.67528e-11;6.81792e-14;2.60363e-14;1.49206e-14;-9.990E+02;3.8629e-14;2.21371e-14;-9.990E+02
22:35:10.925;+00:16:32.471;5.17E+20;0.8;-999/-999;5458.3;7.47899e-14;1.63394e-14;4.40653e-14;1.76436e-14;-9.990E+02;9.18994e-14;2.89932e-14;-9.990E+02;5.44616e-14;2.67711e-14;-9.990E+02
22:35:09.229;+00:03:57.753;4.94E+20;0.8;-999/-999;4766.1;7.04603e-14;1.62283e-14;5.13802e-14;1.89341e-14;-9.990E+02;4.3458e-14;2.00183e-14;-9.990E+02;9.68268e-14;3.56816e-14;-9.990E+02
21:49:32.594;+00:22:35.295;6.61E+20;0.8;-999/-999;4654.9;4.73783e-14;1.50088e-14;4.93533e-14;2.25845e-14;-9.990E+02;1.42107e-14;1.26033e-14;-9.990E+02;6.22273e-14;3.21327e-14;-9.990E+02
21:49:07.467;+00:33:09.453;6.52E+20;0.8;-999/-999;4273.3;2.12077e-13;3.087e-14;1.86179e-13;4.16507e-14;-9.990E+02;1.95909e-13;4.63538e-14;-9.990E+02;1.43137e-13;4.60683e-14;-9.990E+02
21:49:24.770;+00:17:41.037;6.65E+20;0.8;-999/-999;4553.4;2.96324e-14;1.25469e-14;2.61598e-14;-2.61566e-11;5.84418e-14;4.0594e-14;2.33982e-14;-9.990E+02;4.44514e-14;2.92729e-14;-9.990E+02
01:08:47.396;-00:32:19.261;3.52E+20;0.8;-999/-999;2487.1;6.4591e-14;2.11635e-14;1.97185e-14;1.60854e-14;-9.990E+02;1.09228e-13;4.5631e-14;-9.990E+02;4.11631e-14;3.35789e-14;-9.990E+02
01:08:26.804;-00:37:22.916;3.76E+20;0.8;-999/-999;2536.3;2.36763e-13;4.1238e-14;1.54571e-13;4.54637e-14;-9.990E+02;2.46004e-13;6.64361e-14;-9.990E+02;2.11369e-13;7.65721e-14;-9.990E+02
20:55:28.265;-00:21:17.211;6.61E+20;0.975;+0.03/-0.03;4842.5;7.28433e-12;1.3487e-13;6.03133e-12;1.92754e-13;-9.990E+02;8.0468e-12;2.32878e-13;-9.990E+02;7.28068e-12;2.62879e-13;-9.990E+02
20:55:50.025;-00:23:33.225;6.49E+20;0.8;-999/-999;5092.1;2.6142e-14;1.06419e-14;1.35506e-14;1.1031e-14;-9.990E+02;3.14205e-14;1.81384e-14;-9.990E+02;2.29678e-14;1.86973e-14;-9.990E+02
20:55:50.579;-00:20:02.695;6.47E+20;0.8;-999/-999;5103.6;2.82693e-14;1.10981e-14;2.92734e-14;1.57638e-14;-9.990E+02;3.39775e-14;1.8297e-14;-9.990E+02;2.48475e-14;-3.8981e-11;1.09416e-13
20:54:58.403;-00:14:13.476;6.64E+20;0.8;-999/-999;3952.0;5.05308e-14;1.70346e-14;3.51446e-14;1.95427e-14;-9.990E+02;8.07708e-14;3.26797e-14;-9.990E+02;4.42229e-14;-5.95746e-11;1.94769e-13
20:55:15.353;-00:11:01.864;6.55E+20;0.8;-999/-999;4014.1;5.02369e-14;1.69928e-14;4.17686e-14;2.1581e-14;-9.990E+02;7.23743e-14;3.17393e-14;-9.990E+02;4.40592e-14;-5.95658e-11;2.32897e-13
02:40:37.502;-00:56:37.170;3.02E+20;0.8;-999/-999;47597.6;1.35947e-14;2.63625e-15;8.86189e-15;2.92495e-15;-9.990E+02;1.42628e-14;4.50761e-15;-9.990E+02;1.19979e-14;4.87678e-15;-9.990E+02
02:40:34.476;-00:57:50.699;3.04E+20;0.8;-999/-999;46548.5;9.69659e-15;2.22144e-15;3.86619e-15;1.92986e-15;-9.990E+02;1.24266e-14;4.19559e-15;-9.990E+02;1.04568e-14;4.539e-15;-9.990E+02
02:40:43.611;-00:54:39.658;3.02E+20;0.8;-999/-999;45804.7;4.08341e-14;4.1625e-15;4.18347e-14;5.48676e-15;-9.990E+02;3.80674e-14;6.27934e-15;-9.990E+02;1.03055e-14;4.08986e-15;-9.990E+02
02:40:36.418;-00:58:37.261;3.04E+20;0.8;-999/-999;48201.2;5.58137e-15;1.80492e-15;2.31074e-15;1.51808e-15;-9.990E+02;5.5016e-15;2.80453e-15;-9.990E+02;8.33309e-15;4.24794e-15;-9.990E+02
02:40:47.147;-00:55:52.166;3.02E+20;0.8;-999/-999;44570.0;5.70818e-15;1.80375e-15;5.11617e-15;2.37105e-15;-9.990E+02;2.92728e-15;2.06596e-15;-9.990E+02;6.65114e-15;3.8306e-15;-9.990E+02
02:40:50.438;-00:56:11.756;3.02E+20;0.8;-999/-999;45393.3;6.61976e-15;1.9425e-15;3.23833e-15;1.88032e-15;-9.990E+02;1.08012e-14;3.98462e-15;-9.990E+02;2.3376e-15;2.36455e-15;-9.990E+02
02:40:51.102;-00:55:41.307;3.02E+20;0.8;-999/-999;46617.4;6.4602e-15;1.9425e-15;5.14602e-15;2.41059e-15;-9.990E+02;3.68222e-15;2.4139e-15;-9.990E+02;8.37051e-15;4.52752e-15;-9.990E+02
02:40:24.143;-00:52:36.509;3.03E+20;0.8;-999/-999;45368.2;1.11892e-14;2.35943e-15;5.90438e-15;2.27861e-15;-9.990E+02;1.18132e-14;3.95672e-15;-9.990E+02;1.27851e-14;4.93401e-15;-9.990E+02
02:40:53.595;-00:51:49.308;3.02E+20;0.8;-999/-999;45839.8;9.06038e-15;2.22e-15;4.64112e-15;2.24917e-15;-9.990E+02;9.958e-15;3.71068e-15;-9.990E+02;1.00576e-14;4.87409e-15;-9.990E+02
02:40:12.900;-00:53:49.332;3.06E+20;0.8;-999/-999;48084.3;5.12652e-15;1.80609e-15;4.60309e-15;2.31676e-15;-9.990E+02;3.2839e-15;2.20327e-15;-9.990E+02;4.97309e-15;3.3366e-15;-9.990E+02
02:40:18.933;-01:01:11.329;3.05E+20;0.8;-999/-999;48333.6;4.65698e-15;1.66668e-15;4.18076e-15;-2.98911e-12;6.14275e-15;5.30291e-15;2.8472e-15;-9.990E+02;1.00419e-14;4.67169e-15;-9.990E+02
02:40:09.911;-00:56:46.807;3.06E+20;0.8;-999/-999;47222.8;6.45886e-15;1.80609e-15;3.16353e-15;1.78385e-15;-9.990E+02;3.00947e-15;2.01284e-15;-9.990E+02;1.36698e-14;5.25554e-15;-9.990E+02
02:40:07.074;-00:57:17.648;3.06E+20;0.8;-999/-999;46049.7;5.48774e-15;1.80609e-15;2.2746e-15;1.55108e-15;-9.990E+02;6.48879e-15;3.21877e-15;-9.990E+02;6.54921e-15;3.96079e-15;-9.990E+02
02:40:27.728;-01:03:34.804;3.04E+20;0.8;-999/-999;42236.1;1.32287e-14;2.49912e-15;9.77009e-15;2.8822e-15;-9.990E+02;1.39568e-14;4.1173e-15;-9.990E+02;9.06076e-15;4.15792e-15;-9.990E+02
02:40:17.169;-00:50:30.296;3.06E+20;1.461;+0.17/-0.13;47754.1;3.92288e-14;2.78674e-15;7.91159e-14;7.86974e-15;-9.990E+02;6.44138e-14;7.76509e-15;-9.990E+02;3.19197e-14;6.19429e-15;-9.990E+02
02:40:48.321;-00:48:51.687;3.02E+20;0.8;-999/-999;45532.0;1.14469e-14;2.4975e-15;8.64302e-15;2.87769e-15;-9.990E+02;1.2363e-14;4.11626e-15;-9.990E+02;7.02304e-15;3.8112e-15;-9.990E+02
02:40:10.403;-00:51:32.476;3.06E+20;0.8;-999/-999;47531.2;1.10241e-14;2.36181e-15;1.3198e-15;1.09576e-15;-9.990E+02;1.69463e-14;4.79095e-15;-9.990E+02;1.42573e-14;5.34556e-15;-9.990E+02
02:41:05.083;-00:51:33.181;3.01E+20;0.8;-999/-999;45911.3;2.0056e-14;3.0514e-15;1.39152e-14;3.43717e-15;-9.990E+02;1.99173e-14;4.91975e-15;-9.990E+02;1.76031e-14;5.7617e-15;-9.990E+02
02:40:36.832;-00:47:40.082;3.03E+20;0.8;-999/-999;47853.4;1.2591e-14;2.63701e-15;4.51541e-15;2.02696e-15;-9.990E+02;1.29127e-14;4.34456e-15;-9.990E+02;1.95603e-14;6.58119e-15;-9.990E+02
02:40:08.311;-00:51:33.996;3.06E+20;0.527;+0.25/-0.19;45816.8;3.11564e-14;4.09056e-15;1.66284e-14;3.60301e-15;-9.990E+02;1.71546e-14;4.3632e-15;-9.990E+02;3.74119e-14;8.4618e-15;-9.990E+02
02:40:47.288;-01:05:30.635;3.02E+20;-0.615;+0.19/-0.15;20840.8;1.00251e-13;9.78666e-15;7.9305e-15;2.23114e-15;-9.990E+02;2.71556e-14;6.36802e-15;-9.990E+02;1.92493e-13;2.21172e-14;-9.990E+02
02:41:18.992;-00:57:24.818;3.00E+20;0.8;-999/-999;41437.6;1.13263e-14;2.63435e-15;5.53302e-15;2.4536e-15;-9.990E+02;2.64135e-15;2.05447e-15;-9.990E+02;2.80216e-14;8.1925e-15;-9.990E+02
02:41:08.163;-00:49:04.226;3.01E+20;0.8;-999/-999;47738.1;5.81708e-15;1.9418e-15;3.47445e-15;2.08765e-15;-9.990E+02;4.97311e-15;2.98813e-15;-9.990E+02;7.53494e-15;4.52743e-15;-9.990E+02
02:41:19.509;-00:55:15.854;3.00E+20;0.8;-999/-999;43197.4;6.60113e-15;2.07975e-15;6.75485e-15;2.94035e-15;-9.990E+02;7.25963e-15;3.64938e-15;-9.990E+02;8.55361e-15;-8.07392e-12;2.4211e-14
02:40:10.428;-00:47:40.768;3.04E+20;1.878;+0.22/-0.17;37618.8;2.50354e-14;1.89598e-15;8.66254e-14;9.304e-15;-9.990E+02;8.00885e-14;9.38189e-15;-9.990E+02;1.71485e-14;4.60419e-15;-9.990E+02
02:41:15.705;-00:50:34.959;3.01E+20;0.8;-999/-999;44286.2;7.09312e-15;2.2192e-15;6.35491e-15;2.87301e-15;-9.990E+02;7.698e-15;-5.68457e-12;2.00454e-14;1.37817e-14;6.23061e-15;-9.990E+02
02:41:24.860;-00:57:56.637;3.00E+20;0.8;-999/-999;30424.4;1.42948e-14;3.18895e-15;9.31275e-15;3.39729e-15;-9.990E+02;1.0002e-14;4.2007e-15;-9.990E+02;2.02118e-14;7.37325e-15;-9.990E+02
02:39:52.123;-00:50:58.773;3.07E+20;0.716;+0.24/-0.19;18014.1;4.49906e-14;5.79852e-15;2.96861e-14;6.00102e-15;-9.990E+02;3.2541e-14;7.58058e-15;-9.990E+02;5.00253e-14;1.16537e-14;-9.990E+02
02:40:53.162;-00:41:07.259;3.02E+20;0.158;+0.09/-0.08;11349.4;4.13138e-13;2.30219e-14;2.48036e-14;5.8751e-15;-9.990E+02;3.45895e-13;2.86694e-14;-9.990E+02;5.77355e-13;4.7854e-14;-9.990E+02
02:41:14.412;-00:41:47.939;3.01E+20;0.8;-999/-999;2631.8;7.44403e-12;8.5994e-14;8.20895e-12;1.21407e-13;-9.990E+02;7.34582e-12;1.37027e-13;-9.990E+02;1.36146e-11;-3.33844e-10;7.35169e-12
02:41:13.030;-00:41:37.781;3.01E+20;0.8;-999/-999;3072.4;4.22896e-12;6.6576e-14;5.16445e-12;9.86416e-14;-9.990E+02;3.45023e-12;9.52289e-14;-9.990E+02;7.73436e-12;-2.58441e-10;4.93274e-12
03:10:48.423;+01:21:59.824;6.12E+20;0.8;-999/-999;34844.3;9.3489e-15;2.74788e-15;6.94223e-15;3.36668e-15;-9.990E+02;1.02755e-14;4.31835e-15;-9.990E+02;6.02845e-15;4.14355e-15;-9.990E+02
03:10:28.527;+01:22:41.352;6.08E+20;0.8;-999/-999;33486.8;1.18683e-14;2.89731e-15;8.06397e-15;3.41957e-15;-9.990E+02;1.27606e-14;4.79583e-15;-9.990E+02;9.36968e-15;4.82024e-15;-9.990E+02
03:10:50.513;+01:23:33.285;6.11E+20;0.8;-999/-999;33921.7;7.03227e-15;2.44176e-15;3.5886e-15;2.61077e-15;-9.990E+02;4.25134e-15;3.09292e-15;-9.990E+02;1.24792e-14;6.19083e-15;-9.990E+02
03:10:44.083;+01:19:31.854;6.12E+20;0.8;-999/-999;35072.7;8.75047e-15;2.59522e-15;1.40372e-14;4.81623e-15;-9.990E+02;3.02137e-15;2.42418e-15;-9.990E+02;2.21747e-15;2.51104e-15;-9.990E+02
03:11:01.989;+01:21:19.755;6.14E+20;0.8;-999/-999;35490.8;1.53351e-14;3.36028e-15;8.3534e-15;3.54302e-15;-9.990E+02;1.48185e-14;5.23852e-15;-9.990E+02;1.81182e-14;6.91687e-15;-9.990E+02
03:10:37.494;+01:16:32.131;6.11E+20;0.8;-999/-999;35905.1;1.16197e-14;2.89959e-15;1.82514e-15;1.63262e-15;-9.990E+02;1.08129e-14;4.35098e-15;-9.990E+02;2.22122e-14;7.45283e-15;-9.990E+02
03:11:07.127;+01:19:36.638;6.16E+20;0.8;-999/-999;35934.2;1.04199e-14;2.75094e-15;8.52746e-15;3.4635e-15;-9.990E+02;1.25881e-14;4.60098e-15;-9.990E+02;3.69311e-15;3.03769e-15;-9.990E+02
03:10:11.384;+01:26:03.076;6.04E+20;0.8;-999/-999;33597.9;9.47521e-15;2.74158e-15;8.57178e-15;3.86272e-15;-9.990E+02;2.54873e-15;2.24636e-15;-9.990E+02;1.49744e-14;6.74796e-15;-9.990E+02
03:10:26.743;+01:15:00.026;6.01E+20;0.8;-999/-999;33410.8;9.76908e-15;2.73942e-15;9.92768e-15;3.9785e-15;-9.990E+02;7.09574e-15;3.55451e-15;-9.990E+02;6.95337e-15;4.17744e-15;-9.990E+02
03:11:01.046;+01:16:16.758;6.16E+20;0.8;-999/-999;35276.4;1.43309e-14;3.20943e-15;1.85053e-14;5.14523e-15;-9.990E+02;1.09338e-14;4.40158e-15;-9.990E+02;2.67314e-15;2.61302e-15;-9.990E+02
03:11:09.344;+01:25:53.382;6.14E+20;0.8;-999/-999;34809.4;7.86306e-15;2.59658e-15;1.01452e-14;-5.30048e-12;9.66135e-15;1.55494e-14;5.604e-15;-9.990E+02;5.07039e-15;3.94646e-15;-9.990E+02
03:10:06.929;+01:25:12.999;5.95E+20;0.8;-999/-999;30759.7;2.83653e-14;4.40597e-15;9.0822e-15;3.61686e-15;-9.990E+02;3.61978e-14;7.62853e-15;-9.990E+02;3.19208e-14;8.97249e-15;-9.990E+02
03:10:15.734;+01:16:05.689;5.98E+20;0.8;-999/-999;28590.3;1.45385e-14;3.34532e-15;9.07946e-15;3.75404e-15;-9.990E+02;1.3549e-14;4.90815e-15;-9.990E+02;1.59261e-14;6.58488e-15;-9.990E+02
03:11:09.275;+01:18:24.137;6.16E+20;0.8;-999/-999;35126.3;7.24414e-15;2.44528e-15;3.70419e-15;2.50072e-15;-9.990E+02;4.37573e-15;2.95408e-15;-9.990E+02;1.28376e-14;6.13712e-15;-9.990E+02
03:10:19.819;+01:14:57.902;5.99E+20;0.8;-999/-999;29018.4;1.40814e-14;3.3462e-15;1.22587e-14;4.53215e-15;-9.990E+02;9.74735e-15;4.50331e-15;-9.990E+02;1.43232e-14;6.61737e-15;-9.990E+02
03:11:14.406;+01:23:12.795;6.16E+20;0.8;-999/-999;35230.6;7.8845e-15;2.59811e-15;7.33024e-15;3.60729e-15;-9.990E+02;5.19549e-15;3.36285e-15;-9.990E+02;7.6213e-15;4.93299e-15;-9.990E+02
03:10:49.463;+01:13:58.400;6.14E+20;0.8;-999/-999;29766.1;1.28515e-14;3.20754e-15;4.77605e-15;2.69925e-15;-9.990E+02;1.9758e-14;6.15776e-15;-9.990E+02;8.28725e-15;4.68365e-15;-9.990E+02
03:10:18.198;+01:15:00.285;5.99E+20;0.8;-999/-999;25626.4;2.22218e-14;4.1067e-15;3.22533e-15;2.32786e-15;-9.990E+02;1.53894e-14;5.32143e-15;-9.990E+02;5.0865e-14;1.19026e-14;-9.990E+02
03:11:12.763;+01:26:14.539;6.14E+20;0.8;-999/-999;33742.9;1.3296e-14;3.20754e-15;1.72905e-14;5.24429e-15;-9.990E+02;5.84396e-15;3.35945e-15;-9.990E+02;8.57432e-15;4.92901e-15;-9.990E+02
03:10:32.952;+01:12:38.590;6.04E+20;0.8;-999/-999;22487.9;2.51159e-14;4.41699e-15;1.39442e-14;4.69045e-15;-9.990E+02;1.65859e-14;5.57904e-15;-9.990E+02;4.05961e-14;1.05823e-14;-9.990E+02
03:10:11.330;+01:30:14.484;6.03E+20;0.8;-999/-999;26584.4;2.00996e-14;4.11129e-15;7.43496e-15;3.64623e-15;-9.990E+02;1.76934e-14;6.12763e-15;-9.990E+02;3.24882e-14;9.74808e-15;-9.990E+02
03:11:18.063;+01:18:58.846;6.18E+20;0.8;-999/-999;29841.9;1.38017e-14;3.36402e-15;9.41877e-15;3.97222e-15;-9.990E+02;1.66688e-14;5.6252e-15;-9.990E+02;8.14702e-15;4.58378e-15;-9.990E+02
03:10:18.426;+01:31:55.952;6.05E+20;0.8;-999/-999;30186.8;2.27473e-14;4.26608e-15;9.93014e-15;4.00804e-15;-9.990E+02;1.96707e-14;6.08856e-15;-9.990E+02;3.46665e-14;9.72136e-15;-9.990E+02
03:11:20.091;+01:18:53.674;6.18E+20;0.8;-999/-999;26910.9;1.73553e-14;3.82275e-15;7.61265e-15;-7.81611e-12;3.90962e-14;2.79376e-14;7.64185e-15;-9.990E+02;2.04921e-14;7.94118e-15;-9.990E+02
03:11:13.659;+01:29:46.086;6.14E+20;0.8;-999/-999;31062.8;1.40322e-14;3.51302e-15;6.14643e-15;-7.17344e-12;1.8945e-14;1.35633e-14;5.40465e-15;-9.990E+02;2.98503e-14;9.8147e-15;-9.990E+02
03:10:05.577;+01:30:57.963;6.02E+20;0.8;-999/-999;16871.7;3.28056e-14;5.63251e-15;6.67145e-14;1.14545e-14;-9.990E+02;3.17629e-14;-1.36253e-11;1.04955e-13;7.00224e-14;-2.00157e-11;1.54179e-13
03:11:27.153;+01:18:10.024;6.20E+20;0.8;-999/-999;17641.2;3.10896e-14;5.661e-15;2.38818e-14;7.12158e-15;-9.990E+02;1.8767e-14;6.95267e-15;-9.990E+02;4.12721e-14;1.23074e-14;-9.990E+02
03:11:30.275;+01:30:37.201;6.26E+20;1.464;+0.19/-0.15;8973.0;9.76766e-14;8.17447e-15;9.82489e-14;1.67252e-14;-9.990E+02;2.50612e-13;2.59586e-14;-9.990E+02;7.94475e-14;1.66262e-14;-9.990E+02
20:43:42.134;+00:01:15.242;5.51E+20;0.8;-999/-999;3148.8;1.09507e-13;2.55051e-14;1.45362e-13;4.06273e-14;-9.990E+02;8.91549e-14;3.48851e-14;-9.990E+02;0;-9.18805e-11;2.17418e-13
20:43:51.210;+00:07:39.126;5.59E+20;0.8;-999/-999;3279.8;8.69046e-14;2.40608e-14;1.1576e-13;-4.80103e-11;2.29626e-13;8.47629e-14;3.52109e-14;-9.990E+02;1.87681e-13;6.49416e-14;-9.990E+02
22:34:35.871;+00:13:03.353;5.09E+20;0.8;-999/-999;6464.0;4.23231e-14;1.14106e-14;4.51773e-14;1.64413e-14;-9.990E+02;3.78476e-14;1.68454e-14;-9.990E+02;1.40381e-14;1.24916e-14;-9.990E+02
22:34:54.502;+00:12:11.819;5.07E+20;0.8;-999/-999;6865.9;2.30592e-14;8.7379e-15;1.28767e-14;9.06902e-15;-9.990E+02;2.43178e-14;1.40709e-14;-9.990E+02;2.40467e-14;1.6936e-14;-9.990E+02
22:34:26.719;+00:16:16.770;5.15E+20;0.8;-999/-999;6483.5;2.8443e-14;9.64925e-15;2.09234e-14;1.16484e-14;-9.990E+02;3.49482e-14;1.67845e-14;-9.990E+02;1.29524e-14;1.24386e-14;-9.990E+02
22:34:19.923;+00:09:20.671;5.02E+20;0.8;-999/-999;6618.4;2.2182e-14;8.57704e-15;1.85432e-14;1.07387e-14;-9.990E+02;7.80373e-15;7.74909e-15;-9.990E+02;3.47508e-14;2.01249e-14;-9.990E+02
22:35:07.197;+00:11:20.219;5.05E+20;0.8;-999/-999;6799.4;2.11506e-14;8.58458e-15;1.77069e-14;-1.67528e-11;6.81792e-14;2.60363e-14;1.49206e-14;-9.990E+02;3.8629e-14;2.21371e-14;-9.990E+02
22:35:10.925;+00:16:32.471;5.17E+20;0.8;-999/-999;5458.3;7.47899e-14;1.63394e-14;4.40653e-14;1.76436e-14;-9.990E+02;9.18994e-14;2.89932e-14;-9.990E+02;5.44616e-14;2.67711e-14;-9.990E+02
22:35:09.229;+00:03:57.753;4.94E+20;0.8;-999/-999;4766.1;7.04603e-14;1.62283e-14;5.13802e-14;1.89341e-14;-9.990E+02;4.3458e-14;2.00183e-14;-9.990E+02;9.68268e-14;3.56816e-14;-9.990E+02
23:03:51.670;+01:06:51.723;4.46E+20;0.930;+0.16/-0.13;4408.2;4.7156e-13;3.9177e-14;3.98271e-13;5.42241e-14;-9.990E+02;4.63584e-13;6.54745e-14;-9.990E+02;4.79323e-13;8.01131e-14;-9.990E+02
23:03:49.007;+01:08:59.436;4.49E+20;0.8;-999/-999;4136.0;3.67438e-14;1.30968e-14;1.16852e-14;1.04134e-14;-9.990E+02;3.27755e-14;-3.2551e-11;1.00828e-13;1.13723e-13;4.45706e-14;-9.990E+02
23:03:58.355;+01:00:59.012;4.32E+20;0.8;-999/-999;4579.6;5.39773e-14;1.4475e-14;6.29381e-14;2.2282e-14;-9.990E+02;2.0732e-14;1.44524e-14;-9.990E+02;4.64972e-14;2.63299e-14;-9.990E+02
23:03:35.439;+01:14:41.071;4.60E+20;0.8;-999/-999;3944.6;6.30471e-14;1.89813e-14;4.03085e-14;2.15035e-14;-9.990E+02;5.22014e-14;2.7848e-14;-9.990E+02;7.7809e-14;4.15089e-14;-9.990E+02
23:08:39.749;+01:05:53.418;4.08E+20;0.8;-999/-999;2460.1;1.08492e-13;2.44222e-14;1.52584e-13;3.87455e-14;-9.990E+02;6.79848e-14;3.06238e-14;-9.990E+02;0;-9.1675e-11;6.73255e-13
22:45:14.279;-01:04:32.716;4.84E+20;0.8;-999/-999;3838.7;2.83423e-14;1.2796e-14;0;-2.47537e-11;7.25437e-14;2.80253e-14;1.8606e-14;-9.990E+02;6.24864e-14;3.59621e-14;-9.990E+02
22:44:45.749;-00:58:30.274;4.85E+20;0.8;-999/-999;3827.1;5.73218e-14;1.76556e-14;5.55238e-14;2.44299e-14;-9.990E+02;7.08273e-14;3.11633e-14;-9.990E+02;1.26381e-13;-6.48119e-11;1.74111e-13
22:45:19.299;-01:04:39.314;4.85E+20;0.8;-999/-999;3900.9;3.88276e-14;1.4713e-14;3.75955e-14;-2.84745e-11;1.65745e-13;9.59514e-14;3.6359e-14;-9.990E+02;8.55691e-14;-5.40009e-11;3.1433e-13
22:44:49.256;-01:17:41.477;4.70E+20;0.8;-999/-999;3716.7;4.19461e-14;1.61106e-14;4.84689e-14;2.28529e-14;-9.990E+02;2.07928e-14;1.74393e-14;-9.990E+02;3.09607e-14;2.59672e-14;-9.990E+02
22:45:06.697;-00:55:39.891;4.93E+20;0.8;-999/-999;3840.3;3.99818e-14;1.62228e-14;2.59035e-14;1.76589e-14;-9.990E+02;1.97323e-14;-3.99959e-11;2.1723e-13;9.769e-14;4.75746e-14;-9.990E+02
02:56:13.360;+00:16:50.241;6.17E+20;0.967;+0.07/-0.06;30104.2;3.13617e-13;1.23197e-14;2.67e-13;1.78554e-14;-9.990E+02;3.33407e-13;2.09887e-14;-9.990E+02;3.14083e-13;2.45092e-14;-9.990E+02
02:56:05.866;+00:16:35.338;6.16E+20;0.8;-999/-999;31470.8;3.58081e-14;5.04339e-15;3.32908e-14;7.03327e-15;-9.990E+02;2.55602e-14;6.64668e-15;-9.990E+02;3.17256e-14;8.93755e-15;-9.990E+02
02:56:17.752;+00:12:57.968;6.16E+20;0.8;-999/-999;31059.1;8.65935e-15;2.75094e-15;1.61015e-15;1.71362e-15;-9.990E+02;1.90206e-15;2.02428e-15;-9.990E+02;2.51118e-14;8.86172e-15;-9.990E+02
02:56:30.561;+00:14:51.512;6.18E+20;0.8;-999/-999;31374.4;7.96661e-15;2.59947e-15;5.93173e-15;3.14585e-15;-9.990E+02;6.99918e-15;3.71197e-15;-9.990E+02;7.69741e-15;5.02309e-15;-9.990E+02
02:56:03.367;+00:15:04.954;6.15E+20;0.8;-999/-999;28926.9;1.52704e-14;3.51394e-15;1.11516e-14;4.2576e-15;-9.990E+02;1.31812e-14;5.03247e-15;-9.990E+02;1.54698e-14;6.462e-15;-9.990E+02
02:56:28.845;+00:19:07.870;6.30E+20;0.8;-999/-999;31823.0;1.07087e-14;2.91498e-15;5.50739e-15;2.86795e-15;-9.990E+02;6.45423e-15;3.36101e-15;-9.990E+02;1.89085e-14;7.16246e-15;-9.990E+02
02:56:01.690;+00:16:02.463;6.15E+20;0.8;-999/-999;28485.6;1.73558e-14;3.66672e-15;1.2904e-14;4.62932e-15;-9.990E+02;1.90665e-14;5.99613e-15;-9.990E+02;1.11907e-14;5.73618e-15;-9.990E+02
02:56:37.495;+00:14:02.990;6.19E+20;0.8;-999/-999;31766.0;6.62164e-15;2.44736e-15;1.69489e-15;1.75409e-15;-9.990E+02;1.99877e-15;2.06858e-15;-9.990E+02;1.75833e-14;7.33448e-15;-9.990E+02
02:55:55.888;+00:15:02.217;6.14E+20;0.8;-999/-999;30753.2;6.38453e-15;2.44384e-15;1.63072e-15;1.76745e-15;-9.990E+02;7.71565e-15;4.0904e-15;-9.990E+02;8.49307e-15;5.33309e-15;-9.990E+02
02:56:43.094;+00:15:24.395;6.29E+20;0.8;-999/-999;32053.3;2.46942e-14;4.44802e-15;3.80991e-14;7.81221e-15;-9.990E+02;1.48857e-14;5.36253e-15;-9.990E+02;3.27181e-14;-1.56954e-11;2.05931e-14
02:56:44.720;+00:12:46.791;6.29E+20;0.8;-999/-999;32018.0;2.73323e-14;4.44802e-15;1.55014e-14;4.85385e-15;-9.990E+02;3.86472e-14;8.31748e-15;-9.990E+02;1.3317e-14;5.76996e-15;-9.990E+02
02:55:45.822;+00:13:47.161;6.12E+20;0.8;-999/-999;32034.4;6.33844e-15;2.44256e-15;8.62869e-15;4.12107e-15;-9.990E+02;2.5541e-15;2.38801e-15;-9.990E+02;3.74815e-15;3.50441e-15;-9.990E+02
02:56:49.270;+00:13:05.706;6.29E+20;0.8;-999/-999;31990.6;1.0051e-14;3.0676e-15;1.37762e-14;-6.30149e-12;1.36627e-14;1.21156e-14;5.17762e-15;-9.990E+02;1.77487e-14;7.58492e-15;-9.990E+02
02:56:50.650;+00:13:33.522;6.29E+20;0.8;-999/-999;31950.8;1.08946e-14;3.0676e-15;1.494e-14;5.32063e-15;-9.990E+02;6.56818e-15;3.6983e-15;-9.990E+02;3.20788e-15;3.18296e-15;-9.990E+02
02:56:26.789;+00:07:49.358;6.16E+20;0.8;-999/-999;28345.2;2.29856e-14;4.43207e-15;1.44667e-14;5.14523e-15;-9.990E+02;2.13617e-14;6.65776e-15;-9.990E+02;2.50685e-14;8.91589e-15;-9.990E+02
02:56:28.380;+00:07:47.590;6.16E+20;0.8;-999/-999;28698.8;1.68266e-14;3.82075e-15;8.6056e-15;4.04179e-15;-9.990E+02;2.03315e-14;6.68361e-15;-9.990E+02;1.49122e-14;7.00379e-15;-9.990E+02
02:56:33.891;+00:07:58.918;6.17E+20;0.8;-999/-999;31365.3;8.70136e-15;2.90453e-15;1.18708e-14;4.91722e-15;-9.990E+02;4.67165e-15;3.38722e-15;-9.990E+02;3.42613e-15;3.44238e-15;-9.990E+02
02:55:37.353;+00:15:39.422;6.12E+20;0.8;-999/-999;31994.3;2.37081e-14;4.5798e-15;1.84419e-14;5.73895e-15;-9.990E+02;1.63765e-14;6.03831e-15;-9.990E+02;2.80353e-14;9.60328e-15;-9.990E+02
02:56:11.741;+00:06:22.531;6.13E+20;0.8;-999/-999;30611.7;1.30146e-14;3.5121e-15;4.83507e-15;3.04391e-15;-9.990E+02;1.14356e-14;5.14567e-15;-9.990E+02;2.09777e-14;8.68249e-15;-9.990E+02
02:56:29.343;+00:26:02.441;6.33E+20;0.8;-999/-999;29551.1;1.19585e-14;3.3781e-15;4.47824e-15;-6.95139e-12;1.62716e-14;8.6432e-15;4.44e-15;-9.990E+02;2.95286e-14;1.01156e-14;-9.990E+02
02:56:24.962;+00:06:18.602;6.15E+20;0.8;-999/-999;31026.4;8.77568e-15;3.0556e-15;2.99157e-15;2.49896e-15;-9.990E+02;1.0604e-14;5.02139e-15;-9.990E+02;1.03674e-14;6.06659e-15;-9.990E+02
02:56:27.206;+00:06:08.163;6.15E+20;0.8;-999/-999;30342.6;2.50101e-14;4.73618e-15;1.02239e-14;4.40129e-15;-9.990E+02;2.41691e-14;7.28471e-15;-9.990E+02;3.54571e-14;1.0687e-14;-9.990E+02
02:55:47.940;+00:09:04.734;6.11E+20;0.8;-999/-999;31979.9;2.49365e-14;4.5783e-15;1.41332e-14;4.89382e-15;-9.990E+02;2.34451e-14;6.85307e-15;-9.990E+02;2.94918e-14;9.28354e-15;-9.990E+02
02:56:22.051;+00:06:03.516;6.14E+20;0.8;-999/-999;31209.3;1.02275e-14;3.20754e-15;1.49306e-14;5.54708e-15;-9.990E+02;7.06591e-15;4.17531e-15;-9.990E+02;1.20896e-14;-1.13638e-11;3.42323e-14
02:55:44.030;+00:10:14.330;6.10E+20;0.8;-999/-999;31661.4;1.2172e-14;3.50911e-15;1.12877e-14;4.77223e-15;-9.990E+02;8.02575e-15;4.37265e-15;-9.990E+02;1.17802e-14;6.4182e-15;-9.990E+02
02:56:34.305;+00:06:58.501;6.17E+20;0.8;-999/-999;31432.1;3.69487e-14;5.65619e-15;3.77862e-14;8.2673e-15;-9.990E+02;3.71885e-14;8.58992e-15;-9.990E+02;1.09094e-14;5.72556e-15;-9.990E+02
02:56:32.025;+00:06:09.742;6.16E+20;0.931;+0.16/-0.13;29650.7;1.08839e-13;8.68833e-15;3.72707e-14;7.88332e-15;-9.990E+02;1.68792e-13;1.7851e-14;-9.990E+02;1.1067e-13;1.74678e-14;-9.990E+02
02:56:33.845;+00:06:29.370;6.16E+20;0.901;+0.16/-0.14;28927.8;1.03651e-13;8.76122e-15;7.50033e-14;1.11528e-14;-9.990E+02;1.08627e-13;1.4342e-14;-9.990E+02;1.0692e-13;1.71947e-14;-9.990E+02
02:55:52.195;+00:25:28.670;6.19E+20;0.8;-999/-999;27896.9;1.15638e-14;3.51808e-15;1.35347e-14;5.3437e-15;-9.990E+02;3.98941e-15;3.28868e-15;-9.990E+02;1.17005e-14;6.42986e-15;-9.990E+02
02:56:29.371;+00:06:11.530;6.16E+20;0.8;-999/-999;28504.2;3.83298e-14;5.80754e-15;1.96025e-14;5.93921e-15;-9.990E+02;3.85877e-14;9.12072e-15;-9.990E+02;4.52944e-14;1.18355e-14;-9.990E+02
02:56:36.367;+00:06:36.989;6.17E+20;0.8;-999/-999;31939.3;2.07139e-14;4.43323e-15;1.4126e-14;5.1831e-15;-9.990E+02;1.25045e-14;5.20344e-15;-9.990E+02;3.05778e-14;9.87483e-15;-9.990E+02
02:56:19.222;+00:04:50.440;6.14E+20;0.8;-999/-999;25513.4;1.39314e-14;3.97124e-15;6.3306e-15;3.84581e-15;-9.990E+02;7.48677e-15;4.54817e-15;-9.990E+02;2.74562e-14;1.0378e-14;-9.990E+02
02:56:36.524;+00:05:33.342;6.17E+20;0.8;-999/-999;17657.2;2.9137e-14;5.65619e-15;1.32533e-14;-1.15611e-11;7.88569e-14;4.22479e-14;1.04881e-14;-9.990E+02;4.13085e-14;1.25832e-14;-9.990E+02
00:20:04.450;-00:04:19.085;2.78E+20;0.8;-999/-999;2066.2;5.98741e-14;2.33937e-14;7.96661e-14;3.52797e-14;-9.990E+02;3.85979e-14;3.01546e-14;-9.990E+02;0;-9.14865e-11;3.87174e-13
00:20:22.942;+00:10:13.117;2.81E+20;0.8;-999/-999;1677.5;1.09787e-13;3.5815e-14;1.95042e-13;6.36272e-14;-9.990E+02;7.06941e-14;-9.21649e-11;3.73344e-13;0;-1.39929e-10;5.66828e-13
03:53:10.170;+00:01:23.366;1.11E+21;0.8;-999/-999;249397.0;4.19102e-15;8.10609e-16;3.16203e-15;1.11212e-15;-9.990E+02;2.59334e-15;9.75977e-16;-9.990E+02;5.62267e-15;1.67534e-15;-9.990E+02
03:53:04.579;+00:03:14.543;1.11E+21;-0.529;+0.21/-0.16;211827.0;2.07369e-14;2.03588e-15;6.36513e-16;3.67126e-16;-9.990E+02;8.27779e-15;1.63173e-15;-9.990E+02;3.84682e-14;4.47258e-15;-9.990E+02
03:53:16.155;+00:01:16.459;1.12E+21;0.8;-999/-999;258787.0;2.38519e-15;6.74076e-16;1.64498e-15;8.80807e-16;-9.990E+02;1.86492e-15;9.03076e-16;-9.990E+02;2.85875e-15;1.30653e-15;-9.990E+02
03:53:14.150;+00:04:40.157;1.12E+21;0.635;+0.14/-0.12;236449.0;2.07726e-14;1.54791e-15;9.88703e-15;1.57208e-15;-9.990E+02;1.69188e-14;2.00266e-15;-9.990E+02;2.39003e-14;2.87555e-15;-9.990E+02
03:53:04.296;+00:00:28.888;1.11E+21;0.8;-999/-999;246551.0;5.8864e-15;8.96844e-16;2.49519e-15;9.24047e-16;-9.990E+02;5.40035e-15;1.29804e-15;-9.990E+02;7.92632e-15;1.85985e-15;-9.990E+02
03:53:17.741;+00:04:22.571;1.12E+21;1.954;+0.07/-0.06;240988.0;3.95964e-14;1.08698e-15;2.09517e-13;7.70008e-15;-9.990E+02;7.85837e-14;3.65554e-15;-9.990E+02;2.62346e-14;2.13806e-15;-9.990E+02
03:53:25.700;+00:02:21.487;1.12E+21;1.684;+0.23/-0.18;256757.0;6.44403e-15;5.9276e-16;2.14127e-14;2.83404e-15;-9.990E+02;1.03376e-14;1.60361e-15;-9.990E+02;4.79707e-15;1.13946e-15;-9.990E+02
03:53:21.294;-00:00:15.691;1.12E+21;0.8;-999/-999;258987.0;3.19581e-15;7.43212e-16;3.87961e-15;1.27693e-15;-9.990E+02;1.6557e-15;8.07087e-16;-9.990E+02;2.88441e-15;1.223e-15;-9.990E+02
03:53:22.695;+00:04:13.859;1.12E+21;0.058;+0.21/-0.16;250938.0;1.50364e-14;1.6577e-15;2.94063e-15;8.59044e-16;-9.990E+02;7.63048e-15;1.50929e-15;-9.990E+02;2.19245e-14;3.19703e-15;-9.990E+02
03:53:11.376;-00:01:21.528;1.11E+21;0.8;-999/-999;249865.0;3.17517e-15;7.58868e-16;1.3178e-15;7.80202e-16;-9.990E+02;2.88175e-15;1.08555e-15;-9.990E+02;4.35729e-15;1.5667e-15;-9.990E+02
03:52:56.862;+00:05:23.827;1.11E+21;0.665;+0.13/-0.11;206244.0;2.45961e-14;1.68723e-15;9.39636e-15;1.53463e-15;-9.990E+02;2.32963e-14;2.37072e-15;-9.990E+02;2.79378e-14;3.13276e-15;-9.990E+02
03:53:28.875;+00:02:55.916;1.13E+21;0.8;-999/-999;255842.0;4.83602e-15;8.48729e-16;3.56912e-15;1.17464e-15;-9.990E+02;4.0793e-15;1.1928e-15;-9.990E+02;5.08109e-15;1.56828e-15;-9.990E+02
03:52:55.493;+00:05:44.233;1.11E+21;0.8;-999/-999;200825.0;3.60117e-15;7.93362e-16;2.56217e-15;1.07004e-15;-9.990E+02;1.94569e-15;8.62491e-16;-9.990E+02;5.42942e-15;1.72665e-15;-9.990E+02
03:53:17.845;+00:06:46.866;1.12E+21;0.8;-999/-999;213159.0;5.52915e-15;9.16052e-16;1.67522e-15;8.17738e-16;-9.990E+02;4.93655e-15;1.29761e-15;-9.990E+02;8.46815e-15;2.01521e-15;-9.990E+02
03:53:20.160;-00:01:30.191;1.12E+21;0.8;-999/-999;254179.0;4.78421e-15;8.642e-16;3.05237e-15;1.07995e-15;-9.990E+02;4.15297e-15;1.22434e-15;-9.990E+02;5.46526e-15;1.6576e-15;-9.990E+02
03:53:27.552;+00:04:39.317;1.13E+21;0.8;-999/-999;255231.0;2.1478e-15;6.58198e-16;1.61747e-15;8.92607e-16;-9.990E+02;1.45992e-15;8.05661e-16;-9.990E+02;2.7101e-15;1.28979e-15;-9.990E+02
03:53:01.047;-00:02:09.248;1.10E+21;0.8;-999/-999;254433.0;5.63767e-15;8.94868e-16;5.53999e-15;1.40762e-15;-9.990E+02;3.86453e-15;1.11554e-15;-9.990E+02;5.39632e-15;1.55771e-15;-9.990E+02
03:53:29.342;+00:04:20.563;1.13E+21;0.300;+0.19/-0.16;252646.0;1.40979e-14;1.46243e-15;4.75349e-15;1.09943e-15;-9.990E+02;7.83213e-15;1.4631e-15;-9.990E+02;1.86418e-14;2.76352e-15;-9.990E+02
03:52:55.526;-00:01:02.012;1.10E+21;0.893;+0.06/-0.06;241172.0;7.41628e-14;2.42415e-15;6.24994e-14;3.62093e-15;-9.990E+02;6.68731e-14;3.52956e-15;-9.990E+02;7.67519e-14;4.44118e-15;-9.990E+02
03:53:10.556;+00:08:16.092;1.12E+21;0.8;-999/-999;203484.0;4.34347e-15;8.46916e-16;1.55081e-15;8.18602e-16;-9.990E+02;2.81188e-15;1.02375e-15;-9.990E+02;7.84027e-15;2.03323e-15;-9.990E+02
03:53:01.262;-00:03:06.782;1.10E+21;0.8;-999/-999;255356.0;5.03363e-15;8.6045e-16;1.82675e-15;8.29719e-16;-9.990E+02;3.62493e-15;1.11281e-15;-9.990E+02;8.5636e-15;2.00909e-15;-9.990E+02
03:53:27.125;-00:01:27.675;1.12E+21;0.8;-999/-999;259531.0;2.3247e-15;6.9136e-16;2.32405e-16;3.45584e-16;-9.990E+02;1.47548e-15;8.26285e-16;-9.990E+02;4.99463e-15;1.8263e-15;-9.990E+02
03:53:29.633;-00:01:08.518;1.13E+21;0.605;+0.13/-0.11;257304.0;2.35392e-14;1.67442e-15;8.32093e-15;1.4202e-15;-9.990E+02;2.09463e-14;2.24536e-15;-9.990E+02;2.74587e-14;3.08817e-15;-9.990E+02
03:52:46.364;+00:00:34.708;1.10E+21;0.8;-999/-999;209099.0;5.278e-15;9.12077e-16;1.53993e-15;7.63563e-16;-9.990E+02;5.28847e-15;1.37234e-15;-9.990E+02;7.38467e-15;1.9163e-15;-9.990E+02
03:53:35.119;+00:01:38.171;1.13E+21;0.8;-999/-999;264740.0;6.26674e-15;9.52655e-16;2.71128e-15;9.79086e-16;-9.990E+02;5.13834e-15;1.29949e-15;-9.990E+02;9.19565e-15;2.06247e-15;-9.990E+02
03:52:58.965;-00:03:16.401;1.09E+21;0.458;+0.22/-0.17;250985.0;1.2392e-14;1.41862e-15;4.81167e-15;1.21814e-15;-9.990E+02;8.33249e-15;1.63852e-15;-9.990E+02;1.53496e-14;2.66589e-15;-9.990E+02
03:53:33.763;-00:00:01.252;1.13E+21;0.559;+0.22/-0.17;262679.0;1.06501e-14;1.23746e-15;4.38878e-15;1.1137e-15;-9.990E+02;8.24086e-15;1.52173e-15;-9.990E+02;1.26344e-14;2.26666e-15;-9.990E+02
03:53:28.829;+00:07:12.542;1.13E+21;0.8;-999/-999;233531.0;2.4284e-15;6.75519e-16;9.13901e-16;6.65761e-16;-9.990E+02;2.20007e-15;9.55889e-16;-9.990E+02;3.44728e-15;1.4072e-15;-9.990E+02
03:53:06.290;+00:09:22.882;1.12E+21;0.8;-999/-999;207933.0;2.58741e-15;6.74076e-16;1.43633e-15;7.99595e-16;-9.990E+02;2.27983e-15;9.58318e-16;-9.990E+02;3.17706e-15;1.33547e-15;-9.990E+02
03:52:47.774;-00:02:03.526;1.09E+21;0.8;-999/-999;192592.0;6.92375e-15;1.03032e-15;1.4259e-15;7.27164e-16;-9.990E+02;6.55906e-15;1.51873e-15;-9.990E+02;1.10072e-14;2.30294e-15;-9.990E+02
03:52:53.990;-00:03:36.528;1.09E+21;0.8;-999/-999;202973.0;5.22029e-15;9.27288e-16;3.82164e-15;1.26596e-15;-9.990E+02;3.5169e-15;1.16501e-15;-9.990E+02;6.76147e-15;1.9002e-15;-9.990E+02
03:52:44.312;+00:06:13.594;1.10E+21;0.8;-999/-999;202416.0;3.5657e-15;7.74405e-16;1.68462e-15;8.43803e-16;-9.990E+02;3.47171e-15;1.14603e-15;-9.990E+02;4.30745e-15;1.52551e-15;-9.990E+02
03:53:24.967;+00:09:04.373;1.13E+21;0.8;-999/-999;214434.0;5.13568e-15;8.6605e-16;4.12407e-15;1.22809e-15;-9.990E+02;2.32638e-15;8.80971e-16;-9.990E+02;7.77043e-15;1.85988e-15;-9.990E+02
03:53:01.901;-00:05:20.409;1.10E+21;0.795;+0.21/-0.17;252353.0;1.04235e-14;1.13956e-15;6.78463e-15;1.4673e-15;-9.990E+02;9.33756e-15;1.6458e-15;-9.990E+02;1.12365e-14;2.09099e-15;-9.990E+02
03:52:41.348;-00:00:59.709;1.09E+21;0.8;-999/-999;174249.0;4.37371e-15;8.92944e-16;2.84375e-15;1.14844e-15;-9.990E+02;3.14171e-15;1.14042e-15;-9.990E+02;5.85558e-15;1.86582e-15;-9.990E+02
03:53:18.264;-00:05:21.586;1.10E+21;0.8;-999/-999;248369.0;3.95635e-15;8.26032e-16;1.78364e-15;8.60876e-16;-9.990E+02;2.99524e-15;1.08779e-15;-9.990E+02;6.08567e-15;1.82243e-15;-9.990E+02
03:53:44.503;+00:02:17.137;1.14E+21;0.8;-999/-999;262923.0;2.98384e-15;7.46394e-16;2.75598e-15;1.15197e-15;-9.990E+02;6.75051e-16;5.44675e-16;-9.990E+02;5.00546e-15;1.70453e-15;-9.990E+02
03:53:25.203;-00:05:12.016;1.12E+21;0.8;-999/-999;251504.0;2.3247e-15;6.9136e-16;1.45275e-15;8.6396e-16;-9.990E+02;1.53699e-15;8.64681e-16;-9.990E+02;3.36651e-15;1.50636e-15;-9.990E+02
03:53:25.735;+00:10:17.728;1.13E+21;0.8;-999/-999;194587.0;4.64896e-15;8.83371e-16;2.05812e-15;9.4997e-16;-9.990E+02;1.2383e-15;6.98579e-16;-9.990E+02;1.03424e-14;2.3426e-15;-9.990E+02
03:53:00.214;-00:05:59.167;1.10E+21;0.8;-999/-999;235239.0;2.75172e-15;7.57196e-16;7.87464e-16;6.3552e-16;-9.990E+02;1.6827e-15;8.99783e-16;-9.990E+02;5.37067e-15;1.8841e-15;-9.990E+02
03:53:07.171;+00:11:24.951;1.12E+21;0.284;+0.09/-0.08;88228.9;5.82434e-14;3.1654e-15;5.75605e-15;1.24903e-15;-9.990E+02;4.68701e-14;3.7808e-15;-9.990E+02;7.74881e-14;5.73056e-15;-9.990E+02
03:52:52.898;+00:10:41.327;1.11E+21;0.623;+0.13/-0.11;61719.7;3.6718e-14;2.49652e-15;2.15745e-14;2.85223e-15;-9.990E+02;2.52516e-14;3.0225e-15;-9.990E+02;4.24296e-14;4.74864e-15;-9.990E+02
03:53:46.744;+00:04:31.188;1.14E+21;0.446;+0.15/-0.12;187644.0;2.55081e-14;1.96704e-15;6.56098e-15;1.35198e-15;-9.990E+02;2.0295e-14;2.44819e-15;-9.990E+02;3.16626e-14;3.71844e-15;-9.990E+02
03:53:44.301;-00:00:43.732;1.14E+21;0.8;-999/-999;264724.0;2.19926e-15;6.9432e-16;5.53907e-16;5.48661e-16;-9.990E+02;1.49344e-15;8.62369e-16;-9.990E+02;4.15347e-15;1.71327e-15;-9.990E+02
03:52:37.613;-00:02:24.149;1.08E+21;0.846;+0.19/-0.15;145440.0;1.42515e-14;1.36251e-15;1.10051e-14;1.93167e-15;-9.990E+02;1.24971e-14;1.95072e-15;-9.990E+02;1.50211e-14;2.52561e-15;-9.990E+02
03:53:25.515;-00:06:00.106;1.12E+21;1.027;+0.23/-0.18;251282.0;9.02446e-15;1.00157e-15;8.58988e-15;1.72075e-15;-9.990E+02;9.80238e-15;1.68222e-15;-9.990E+02;8.81944e-15;1.86689e-15;-9.990E+02
03:52:32.700;+00:00:38.980;1.08E+21;0.8;-999/-999;133789.0;7.83241e-15;1.18231e-15;5.78137e-15;1.62941e-15;-9.990E+02;7.12847e-15;1.74897e-15;-9.990E+02;7.48059e-15;2.10831e-15;-9.990E+02
03:53:48.945;+00:03:22.105;1.14E+21;0.8;-999/-999;193525.0;6.21243e-15;1.04148e-15;3.77592e-15;1.29624e-15;-9.990E+02;5.81589e-15;1.52446e-15;-9.990E+02;6.73949e-15;1.92736e-15;-9.990E+02
03:53:48.522;+00:04:18.074;1.14E+21;0.8;-999/-999;184994.0;7.05776e-15;1.0762e-15;4.04042e-15;1.28575e-15;-9.990E+02;7.98359e-15;1.71688e-15;-9.990E+02;6.0568e-15;1.7799e-15;-9.990E+02
03:52:58.233;-00:07:01.566;1.10E+21;0.424;+0.17/-0.14;203311.0;1.97846e-14;1.78374e-15;6.92728e-15;1.38394e-15;-9.990E+02;1.33393e-14;2.02074e-15;-9.990E+02;2.48217e-14;3.36189e-15;-9.990E+02
03:53:45.475;+00:07:09.198;1.14E+21;0.8;-999/-999;155607.0;6.76094e-15;1.12827e-15;1.79288e-15;9.14581e-16;-9.990E+02;7.24532e-15;1.76047e-15;-9.990E+02;8.95686e-15;2.28509e-15;-9.990E+02
03:52:54.543;-00:06:41.705;1.09E+21;0.8;-999/-999;196518.0;4.01997e-15;8.75772e-16;4.36977e-15;1.42421e-15;-9.990E+02;2.92503e-15;1.13417e-15;-9.990E+02;3.06585e-15;1.37412e-15;-9.990E+02
03:53:48.282;-00:00:45.489;1.14E+21;0.8;-999/-999;263242.0;2.40929e-15;6.9432e-16;1.91572e-15;9.75349e-16;-9.990E+02;5.73735e-16;5.13652e-16;-9.990E+02;4.38777e-15;1.63845e-15;-9.990E+02
03:53:46.598;-00:01:52.094;1.14E+21;0.8;-999/-999;267675.0;4.03574e-15;8.15826e-16;1.12924e-15;6.85061e-16;-9.990E+02;4.05659e-15;1.23033e-15;-9.990E+02;5.64173e-15;1.71109e-15;-9.990E+02
03:53:50.353;+00:04:26.646;1.14E+21;0.8;-999/-999;177819.0;5.59969e-15;1.00676e-15;1.6591e-15;8.80481e-16;-9.990E+02;3.72633e-15;1.23386e-15;-9.990E+02;1.03659e-14;2.46368e-15;-9.990E+02
03:53:17.897;-00:08:04.007;1.11E+21;0.8;-999/-999;255781.0;2.318e-15;7.07127e-16;2.16327e-15;1.0563e-15;-9.990E+02;9.8576e-16;6.7387e-16;-9.990E+02;3.2082e-15;1.47718e-15;-9.990E+02
03:53:31.803;+00:11:57.939;1.13E+21;0.249;+0.18/-0.14;104852.0;2.16132e-14;2.15674e-15;5.12311e-15;1.29039e-15;-9.990E+02;1.34011e-14;2.18245e-15;-9.990E+02;2.9121e-14;3.98459e-15;-9.990E+02
03:53:27.037;-00:07:26.494;1.11E+21;0.8;-999/-999;235163.0;4.38591e-15;8.79597e-16;2.72963e-15;1.07691e-15;-9.990E+02;5.47471e-15;1.47218e-15;-9.990E+02;2.77585e-15;1.23207e-15;-9.990E+02
03:52:40.099;-00:05:17.760;1.09E+21;0.8;-999/-999;140340.0;1.30782e-14;1.44245e-15;2.22859e-14;2.96975e-15;-9.990E+02;6.14912e-15;1.49414e-15;-9.990E+02;4.29973e-15;1.47726e-15;-9.990E+02
03:53:15.219;-00:08:16.402;1.10E+21;0.8;-999/-999;259345.0;3.78942e-15;8.08823e-16;1.97784e-15;9.28739e-16;-9.990E+02;3.62297e-15;1.19059e-15;-9.990E+02;4.42644e-15;1.56754e-15;-9.990E+02
03:53:52.547;-00:00:55.519;1.14E+21;0.8;-999/-999;242049.0;2.60023e-15;7.63752e-16;1.22804e-15;8.34577e-16;-9.990E+02;2.57415e-15;1.14119e-15;-9.990E+02;3.06882e-15;1.49645e-15;-9.990E+02
03:53:54.693;+00:01:40.378;1.15E+21;0.8;-999/-999;179577.0;7.49725e-15;1.18286e-15;2.70779e-15;1.13334e-15;-9.990E+02;7.86713e-15;1.82937e-15;-9.990E+02;9.24767e-15;2.34606e-15;-9.990E+02
03:53:35.405;+00:13:08.052;1.14E+21;0.164;+0.07/-0.06;60534.4;1.33281e-13;5.2063e-15;3.14599e-14;2.99352e-15;-9.990E+02;7.26491e-14;5.18513e-15;-9.990E+02;1.86056e-13;1.00937e-14;-9.990E+02
03:53:52.835;-00:03:31.755;1.14E+21;0.8;-999/-999;232823.0;3.36919e-15;8.33184e-16;4.24065e-15;1.48335e-15;-9.990E+02;2.38173e-15;1.03987e-15;-9.990E+02;1.98744e-15;1.12998e-15;-9.990E+02
03:53:52.509;-00:03:49.628;1.14E+21;0.8;-999/-999;212737.0;4.01838e-15;9.19974e-16;5.05817e-15;-2.31487e-12;3.71996e-15;3.53666e-15;1.2857e-15;-9.990E+02;7.72256e-15;2.25615e-15;-9.990E+02
03:53:07.725;-00:10:07.126;1.10E+21;0.8;-999/-999;153010.0;5.8132e-15;1.13579e-15;4.11914e-15;1.49127e-15;-9.990E+02;3.77229e-15;1.3657e-15;-9.990E+02;7.89773e-15;2.37314e-15;-9.990E+02
03:53:04.760;-00:10:27.696;1.10E+21;0.452;+0.21/-0.16;133514.0;1.93685e-14;2.0957e-15;7.72586e-15;1.80614e-15;-9.990E+02;1.27116e-14;2.40144e-15;-9.990E+02;2.39918e-14;3.99093e-15;-9.990E+02
03:54:02.453;+00:02:49.996;1.15E+21;-0.361;+0.18/-0.14;119999.0;3.32437e-14;2.89993e-15;9.9481e-16;5.43685e-16;-9.990E+02;1.56572e-14;2.58112e-15;-9.990E+02;5.75221e-14;6.28569e-15;-9.990E+02
03:54:05.352;+00:00:14.272;1.16E+21;0.662;+0.16/-0.13;121478.0;3.15115e-14;2.6544e-15;2.01111e-14;3.1628e-15;-9.990E+02;2.2017e-14;3.22762e-15;-9.990E+02;3.58221e-14;4.91132e-15;-9.990E+02
03:54:02.673;-00:05:15.070;1.15E+21;0.734;+0.14/-0.12;74661.3;4.81015e-14;3.44489e-15;2.28604e-14;3.66429e-15;-9.990E+02;4.61012e-14;5.00516e-15;-9.990E+02;5.30646e-14;6.53444e-15;-9.990E+02
03:53:59.281;-00:08:44.679;1.15E+21;1.461;+0.14/-0.12;53987.1;4.2392e-14;2.563e-15;1.09483e-13;9.3169e-15;-9.990E+02;4.7972e-14;5.15736e-15;-9.990E+02;3.45549e-14;4.95362e-15;-9.990E+02
02:07:18.334;+00:20:30.739;2.34E+20;0.740;+0.04/-0.03;78979.7;4.46629e-13;8.97246e-15;2.55044e-13;8.62581e-15;-9.990E+02;4.06452e-13;1.34775e-14;-9.990E+02;4.90267e-13;1.85977e-14;-9.990E+02
02:07:10.089;+00:18:43.008;2.34E+20;1.025;+0.24/-0.18;82471.1;1.55028e-14;1.76544e-15;1.47347e-14;2.70226e-15;-9.990E+02;1.75116e-14;3.3909e-15;-9.990E+02;1.51524e-14;3.8399e-15;-9.990E+02
02:07:06.196;+00:21:15.652;2.34E+20;0.8;-999/-999;82746.4;6.3057e-15;1.49039e-15;3.95335e-15;1.51694e-15;-9.990E+02;3.28373e-15;1.70204e-15;-9.990E+02;1.10268e-14;3.82709e-15;-9.990E+02
02:07:26.487;+00:22:35.315;2.35E+20;0.8;-999/-999;80270.8;9.8646e-15;1.62648e-15;6.13546e-15;1.65934e-15;-9.990E+02;1.00908e-14;2.60159e-15;-9.990E+02;9.79386e-15;3.18422e-15;-9.990E+02
02:07:02.071;+00:21:21.319;2.34E+20;0.745;+0.13/-0.11;80942.2;4.43959e-14;3.12048e-15;2.80732e-14;3.11769e-15;-9.990E+02;3.67648e-14;4.45644e-15;-9.990E+02;4.85424e-14;6.44064e-15;-9.990E+02
02:07:05.188;+00:23:17.247;2.35E+20;0.893;+0.24/-0.18;80684.8;1.66433e-14;1.9992e-15;1.27971e-14;2.48638e-15;-9.990E+02;1.65e-14;3.2958e-15;-9.990E+02;1.72059e-14;4.24846e-15;-9.990E+02
02:07:07.888;+00:16:30.144;2.34E+20;0.656;+0.27/-0.20;81901.3;1.67702e-14;2.2827e-15;9.62285e-15;2.14847e-15;-9.990E+02;1.21825e-14;3.07956e-15;-9.990E+02;1.90646e-14;4.81922e-15;-9.990E+02
02:06:54.397;+00:19:26.755;2.34E+20;0.8;-999/-999;78559.2;6.9967e-15;1.49039e-15;8.30533e-15;2.13684e-15;-9.990E+02;4.96883e-15;2.07788e-15;-9.990E+02;1.26367e-15;1.28898e-15;-9.990E+02
02:06:52.658;+00:21:10.175;2.34E+20;0.8;-999/-999;75320.3;8.96266e-15;1.62588e-15;5.40165e-15;1.69834e-15;-9.990E+02;7.18152e-15;2.32914e-15;-9.990E+02;1.23298e-14;3.87662e-15;-9.990E+02
02:07:39.850;+00:20:51.176;2.34E+20;1.129;+0.19/-0.15;85203.9;1.99601e-14;1.88866e-15;2.60594e-14;3.39046e-15;-9.990E+02;1.99457e-14;3.41005e-15;-9.990E+02;1.86699e-14;3.98608e-15;-9.990E+02
02:07:07.431;+00:26:09.249;2.35E+20;0.8;-999/-999;83347.7;1.21905e-14;1.76202e-15;9.5868e-15;2.09984e-15;-9.990E+02;1.02391e-14;2.6563e-15;-9.990E+02;1.09353e-14;3.3522e-15;-9.990E+02
02:07:18.602;+00:26:22.018;2.35E+20;0.8;-999/-999;80431.6;5.62355e-15;1.3554e-15;5.50987e-15;1.8548e-15;-9.990E+02;1.8304e-15;1.26038e-15;-9.990E+02;6.97792e-15;3.07653e-15;-9.990E+02
02:07:15.804;+00:27:14.992;2.35E+20;0.478;+0.27/-0.20;83529.4;1.6084e-14;2.41864e-15;3.73747e-15;1.2973e-15;-9.990E+02;1.53184e-14;3.29311e-15;-9.990E+02;1.9733e-14;4.89392e-15;-9.990E+02
02:07:31.136;+00:26:07.546;2.35E+20;0.8;-999/-999;83386.8;3.85882e-15;1.20631e-15;8.96358e-16;7.50467e-16;-9.990E+02;2.00899e-15;1.36874e-15;-9.990E+02;1.02192e-14;3.76517e-15;-9.990E+02
02:07:37.980;+00:24:31.254;2.35E+20;0.8;-999/-999;83082.6;4.57448e-15;1.26052e-15;3.28137e-15;1.44262e-15;-9.990E+02;1.40121e-15;1.14885e-15;-9.990E+02;8.55011e-15;3.50511e-15;-9.990E+02
02:07:09.252;+00:13:32.160;2.30E+20;0.8;-999/-999;84183.6;1.0065e-14;1.6236e-15;4.62991e-15;1.41084e-15;-9.990E+02;1.23424e-14;2.96302e-15;-9.990E+02;1.06007e-14;3.23028e-15;-9.990E+02
02:07:03.712;+00:26:59.145;2.35E+20;0.8;-999/-999;81558.0;6.29177e-15;1.3554e-15;2.98865e-15;1.21977e-15;-9.990E+02;7.44724e-15;2.35312e-15;-9.990E+02;6.8164e-15;2.78202e-15;-9.990E+02
02:07:44.942;+00:21:04.750;2.34E+20;0.831;+0.19/-0.15;85172.6;2.21527e-14;2.24298e-15;1.83845e-14;2.84736e-15;-9.990E+02;1.63649e-14;3.16809e-15;-9.990E+02;2.344e-14;4.64528e-15;-9.990E+02
02:07:18.445;+00:12:47.666;2.33E+20;0.8;-999/-999;78630.5;7.35846e-15;1.48984e-15;7.31613e-15;1.98271e-15;-9.990E+02;6.39029e-15;2.28336e-15;-9.990E+02;2.78573e-15;1.8812e-15;-9.990E+02
02:07:45.730;+00:21:26.548;2.35E+20;0.8;-999/-999;85292.2;5.68861e-15;1.3554e-15;4.50422e-15;1.65249e-15;-9.990E+02;4.04128e-15;1.92534e-15;-9.990E+02;6.16491e-15;2.93708e-15;-9.990E+02
02:06:45.038;+00:17:37.410;2.29E+20;0.8;-999/-999;46748.5;1.24403e-14;2.164e-15;2.54216e-15;1.28682e-15;-9.990E+02;7.63574e-15;2.82152e-15;-9.990E+02;3.20438e-14;6.95574e-15;-9.990E+02
02:07:44.907;+00:23:51.147;2.35E+20;0.8;-999/-999;81254.3;5.73741e-15;1.3554e-15;2.49762e-15;1.14895e-15;-9.990E+02;7.47195e-15;2.35312e-15;-9.990E+02;5.69648e-15;2.62049e-15;-9.990E+02
02:07:04.147;+00:28:30.717;2.35E+20;0.8;-999/-999;61505.0;9.51626e-15;1.76202e-15;8.28842e-15;2.16618e-15;-9.990E+02;4.12952e-15;1.86216e-15;-9.990E+02;1.26044e-14;3.994e-15;-9.990E+02
02:07:34.643;+00:13:26.595;2.34E+20;0.8;-999/-999;84840.4;1.58252e-14;2.03235e-15;1.37754e-14;2.46023e-15;-9.990E+02;1.49912e-14;3.22198e-15;-9.990E+02;8.57165e-15;3.02e-15;-9.990E+02
02:06:43.542;+00:23:47.899;2.34E+20;1.185;+0.13/-0.11;42574.9;4.79516e-14;2.9999e-15;6.21709e-14;5.61982e-15;-9.990E+02;5.91611e-14;6.27735e-15;-9.990E+02;4.39309e-14;6.53144e-15;-9.990E+02
02:06:47.918;+00:15:33.167;2.29E+20;0.8;-999/-999;66561.8;5.98346e-15;1.48775e-15;9.44734e-16;7.75335e-16;-9.990E+02;8.51041e-15;2.84515e-15;-9.990E+02;8.65699e-15;3.51394e-15;-9.990E+02
02:07:02.835;+00:28:32.321;2.35E+20;0.8;-999/-999;59174.3;1.08974e-14;1.89756e-15;5.99382e-15;1.80263e-15;-9.990E+02;8.9614e-15;2.69513e-15;-9.990E+02;1.5948e-14;4.45435e-15;-9.990E+02
02:07:35.350;+00:27:24.780;2.35E+20;0.8;-999/-999;77348.7;6.32294e-15;1.49094e-15;2.59205e-15;1.23347e-15;-9.990E+02;5.80956e-15;2.28076e-15;-9.990E+02;1.0343e-14;3.70164e-15;-9.990E+02
02:07:48.916;+00:21:17.118;2.35E+20;0.8;-999/-999;85329.0;4.15701e-15;1.20631e-15;1.60882e-15;1.0295e-15;-9.990E+02;2.40535e-15;1.53921e-15;-9.990E+02;9.17468e-15;3.73771e-15;-9.990E+02
02:07:27.133;+00:28:56.748;2.36E+20;0.783;+0.12/-0.10;36758.1;6.33143e-14;4.26405e-15;2.43957e-14;3.45685e-15;-9.990E+02;8.13734e-14;7.78738e-15;-9.990E+02;6.84741e-14;8.827e-15;-9.990E+02
02:07:18.533;+00:11:40.442;2.31E+20;1.138;+0.22/-0.17;76037.2;1.8017e-14;1.86857e-15;1.49961e-14;2.68027e-15;-9.990E+02;3.03626e-14;4.52428e-15;-9.990E+02;1.67617e-14;4.03228e-15;-9.990E+02
02:07:45.928;+00:26:10.976;2.35E+20;0.487;+0.26/-0.20;81361.6;1.81175e-14;2.57595e-15;6.47543e-16;5.47836e-16;-9.990E+02;2.33005e-14;4.24565e-15;-9.990E+02;2.21354e-14;5.30855e-15;-9.990E+02
02:06:54.243;+00:12:26.646;2.30E+20;0.8;-999/-999;78727.2;7.16414e-15;1.4883e-15;3.55767e-15;1.345e-15;-9.990E+02;8.00367e-15;2.45754e-15;-9.990E+02;8.14569e-15;3.07953e-15;-9.990E+02
02:07:30.613;+00:11:31.604;2.33E+20;0.517;+0.26/-0.20;80135.9;1.8419e-14;2.52315e-15;8.54996e-15;2.02914e-15;-9.990E+02;1.17427e-14;3.05852e-15;-9.990E+02;2.22164e-14;5.27257e-15;-9.990E+02
02:07:38.716;+00:28:12.691;2.36E+20;0.8;-999/-999;56939.3;1.01503e-14;1.89826e-15;7.37131e-15;2.20501e-15;-9.990E+02;8.8071e-15;3.02018e-15;-9.990E+02;1.0074e-14;3.85301e-15;-9.990E+02
02:07:49.534;+00:24:56.056;2.35E+20;0.8;-999/-999;85093.4;4.88351e-15;1.32829e-15;3.03822e-15;1.42374e-15;-9.990E+02;3.63186e-15;1.91581e-15;-9.990E+02;6.92947e-15;3.24721e-15;-9.990E+02
02:07:46.489;+00:14:23.705;2.34E+20;0.8;-999/-999;85433.5;5.12965e-15;1.3278e-15;3.57122e-15;1.46953e-15;-9.990E+02;1.78144e-15;1.25985e-15;-9.990E+02;9.51388e-15;3.61818e-15;-9.990E+02
02:07:46.739;+00:26:36.579;2.35E+20;0.8;-999/-999;78994.2;5.40534e-15;1.3554e-15;7.06085e-15;2.02336e-15;-9.990E+02;1.87664e-15;-3.52597e-12;7.74372e-15;5.36751e-15;2.61511e-15;-9.990E+02
02:07:53.750;+00:23:04.526;2.35E+20;0.050;+0.25/-0.19;80699.8;2.35086e-14;3.24705e-15;4.30971e-15;1.33159e-15;-9.990E+02;1.21176e-14;2.92139e-15;-9.990E+02;3.43449e-14;6.77161e-15;-9.990E+02
02:07:55.475;+00:20:15.304;2.34E+20;0.169;+0.27/-0.20;79035.9;2.10278e-14;3.08325e-15;2.41345e-15;1.0431e-15;-9.990E+02;1.59811e-14;3.60019e-15;-9.990E+02;2.92627e-14;6.50696e-15;-9.990E+02
02:07:10.315;+00:10:19.124;2.31E+20;1.050;+0.18/-0.14;60476.4;2.92454e-14;2.58048e-15;3.34655e-14;4.2767e-15;-9.990E+02;2.75098e-14;4.56886e-15;-9.990E+02;2.82222e-14;5.39571e-15;-9.990E+02
02:06:53.391;+00:29:00.938;2.35E+20;0.501;+0.26/-0.20;43201.2;2.11994e-14;3.06252e-15;1.18408e-14;2.66136e-15;-9.990E+02;9.6423e-15;2.89016e-15;-9.990E+02;2.57815e-14;6.18455e-15;-9.990E+02
02:07:46.533;+00:27:05.381;2.35E+20;0.8;-999/-999;73315.2;7.86268e-15;1.62648e-15;4.56559e-15;1.682e-15;-9.990E+02;5.46014e-15;2.25006e-15;-9.990E+02;1.24913e-14;4.03815e-15;-9.990E+02
02:07:50.405;+00:15:02.937;2.34E+20;0.8;-999/-999;85347.9;7.46414e-15;1.49039e-15;4.64212e-15;1.51977e-15;-9.990E+02;2.77732e-15;1.44195e-15;-9.990E+02;1.48281e-14;4.1033e-15;-9.990E+02
02:07:48.209;+00:13:45.404;2.34E+20;0.8;-999/-999;84734.1;1.0029e-14;1.76137e-15;7.68261e-15;1.93681e-15;-9.990E+02;9.40479e-15;2.65593e-15;-9.990E+02;7.96862e-15;3.0943e-15;-9.990E+02
02:07:56.792;+00:23:40.389;2.35E+20;0.8;-999/-999;78584.1;6.07761e-15;1.49094e-15;2.26816e-15;1.21175e-15;-9.990E+02;9.04611e-15;2.84725e-15;-9.990E+02;5.17314e-15;2.76371e-15;-9.990E+02
02:07:52.024;+00:14:46.412;2.34E+20;0.8;-999/-999;82426.8;5.00907e-15;1.3278e-15;2.90604e-15;1.29074e-15;-9.990E+02;2.89907e-15;1.58523e-15;-9.990E+02;8.84624e-15;3.38558e-15;-9.990E+02
02:08:00.424;+00:21:36.188;2.35E+20;0.8;-999/-999;48942.5;1.3798e-14;2.30418e-15;7.39607e-15;2.17373e-15;-9.990E+02;5.5272e-15;2.32523e-15;-9.990E+02;2.95108e-14;6.48258e-15;-9.990E+02
02:07:56.035;+00:15:13.422;2.34E+20;0.8;-999/-999;57793.9;1.07809e-14;1.89686e-15;8.04351e-15;2.20147e-15;-9.990E+02;8.02495e-15;2.58782e-15;-9.990E+02;1.22437e-14;3.94823e-15;-9.990E+02
02:07:37.911;+00:09:53.898;2.33E+20;0.8;-999/-999;64708.6;8.45146e-15;1.76072e-15;6.1282e-15;2.04281e-15;-9.990E+02;1.10092e-14;3.313e-15;-9.990E+02;2.80027e-15;2.02227e-15;-9.990E+02
22:29:47.060;-00:38:27.050;4.52E+20;0.8;-999/-999;10556.2;1.75363e-14;6.26295e-15;8.37961e-15;6.09199e-15;-9.990E+02;1.63556e-14;9.62648e-15;-9.990E+02;2.43986e-14;1.43604e-14;-9.990E+02
22:29:23.975;-00:31:06.167;4.62E+20;0.8;-999/-999;10382.5;3.96808e-14;8.9121e-15;3.80688e-14;1.18159e-14;-9.990E+02;2.46205e-14;1.08599e-14;-9.990E+02;3.66904e-14;1.61838e-14;-9.990E+02
22:30:00.562;-00:33:51.569;4.55E+20;0.8;-999/-999;10247.0;2.15769e-14;6.85213e-15;2.06421e-14;9.36301e-15;-9.990E+02;2.01077e-14;1.03944e-14;-9.990E+02;9.99555e-15;8.90414e-15;-9.990E+02
22:29:53.722;-00:39:53.936;4.51E+20;0.8;-999/-999;9924.9;3.58783e-14;8.7366e-15;5.99584e-14;1.56682e-14;-9.990E+02;1.11533e-14;7.68419e-15;-9.990E+02;1.664e-14;-3.23832e-11;1.09727e-13
22:29:58.119;-00:38:47.609;4.52E+20;0.8;-999/-999;10271.1;1.89345e-14;6.6999e-15;3.6179e-15;4.027e-15;-9.990E+02;2.3541e-14;1.17923e-14;-9.990E+02;2.80994e-14;1.56354e-14;-9.990E+02
22:29:20.357;-00:29:38.356;4.63E+20;0.8;-999/-999;10279.8;3.17438e-14;8.1844e-15;2.34271e-14;9.71195e-15;-9.990E+02;2.42316e-14;1.10787e-14;-9.990E+02;3.61069e-14;1.6508e-14;-9.990E+02
22:29:28.176;-00:28:14.030;4.63E+20;0.8;-999/-999;10130.1;2.48163e-14;7.45365e-15;1.58696e-14;8.27283e-15;-9.990E+02;4.10146e-14;1.49299e-14;-9.990E+02;2.82284e-14;-2.75313e-11;6.73289e-14
22:29:18.030;-00:40:02.748;4.55E+20;0.8;-999/-999;9568.9;1.64305e-14;6.12318e-15;1.57194e-14;8.27805e-15;-9.990E+02;2.04192e-14;1.07531e-14;-9.990E+02;1.8743e-14;-2.2671e-11;6.71593e-14
22:29:42.083;-00:42:36.859;4.50E+20;0.8;-999/-999;9725.2;3.72488e-14;9.02472e-15;2.13336e-14;9.39824e-15;-9.990E+02;3.7077e-14;1.40596e-14;-9.990E+02;4.1475e-14;1.82713e-14;-9.990E+02
22:29:22.896;-00:27:56.403;4.64E+20;0.8;-999/-999;10250.7;2.87848e-14;8.04045e-15;2.01066e-14;9.23073e-15;-9.990E+02;3.24599e-14;1.34445e-14;-9.990E+02;1.93506e-14;1.26014e-14;-9.990E+02
22:29:47.939;-00:43:35.496;4.49E+20;0.8;-999/-999;9405.5;1.02795e-13;1.44065e-14;9.19709e-14;1.83275e-14;-9.990E+02;9.59044e-14;2.19034e-14;-9.990E+02;5.96436e-14;2.13939e-14;-9.990E+02
02:14:33.454;-00:46:00.115;2.65E+20;0.726;+0.01/-0.01;132609.0;3.77385e-12;2.03756e-14;2.08299e-12;1.97631e-14;-9.990E+02;3.41671e-12;3.10059e-14;-9.990E+02;4.1736e-12;4.22907e-14;-9.990E+02
02:14:34.802;-00:42:42.766;2.66E+20;0.990;+0.06/-0.06;133684.0;8.97444e-14;3.0069e-15;8.37488e-14;4.1887e-15;-9.990E+02;9.32184e-14;5.17841e-15;-9.990E+02;8.90783e-14;6.16499e-15;-9.990E+02
02:14:48.872;-00:47:28.242;2.66E+20;0.8;-999/-999;133661.0;7.22833e-15;1.16476e-15;2.80097e-15;9.66311e-16;-9.990E+02;7.74745e-15;1.95723e-15;-9.990E+02;1.03967e-14;2.79311e-15;-9.990E+02
02:14:39.379;-00:50:21.708;2.64E+20;0.269;+0.25/-0.19;132146.0;1.45337e-14;1.90896e-15;2.1576e-15;8.10546e-16;-9.990E+02;1.17425e-14;2.4645e-15;-9.990E+02;1.94092e-14;4.07356e-15;-9.990E+02
02:14:52.881;-00:47:19.322;2.67E+20;0.8;-999/-999;133339.0;3.87388e-15;8.9102e-16;3.07913e-15;1.05639e-15;-9.990E+02;2.50341e-15;1.15144e-15;-9.990E+02;4.56818e-15;1.90107e-15;-9.990E+02
02:14:55.331;-00:47:02.369;2.67E+20;0.281;+0.25/-0.19;138781.0;1.26272e-14;1.74155e-15;2.38188e-15;7.96832e-16;-9.990E+02;9.5004e-15;2.0613e-15;-9.990E+02;1.67965e-14;3.52205e-15;-9.990E+02
02:14:55.587;-00:44:30.294;2.68E+20;0.689;+0.26/-0.20;139363.0;9.59058e-15;1.34973e-15;5.26947e-15;1.24833e-15;-9.990E+02;7.95527e-15;1.88459e-15;-9.990E+02;1.07896e-14;2.74453e-15;-9.990E+02
02:14:32.175;-00:50:49.263;2.63E+20;0.8;-999/-999;137340.0;4.09849e-15;9.44541e-16;1.54903e-15;7.71983e-16;-9.990E+02;3.40886e-15;1.39952e-15;-9.990E+02;7.48737e-15;2.5344e-15;-9.990E+02
02:14:51.125;-00:49:24.084;2.65E+20;0.8;-999/-999;137346.0;2.91515e-15;8.08241e-16;2.40153e-15;9.6825e-16;-9.990E+02;2.0105e-15;1.08353e-15;-9.990E+02;3.05755e-15;1.64782e-15;-9.990E+02
02:14:48.924;-00:50:41.133;2.65E+20;0.906;+0.17/-0.14;138918.0;1.58523e-14;1.49904e-15;1.50962e-14;1.98742e-15;-9.990E+02;1.21105e-14;2.10618e-15;-9.990E+02;1.63038e-14;3.00491e-15;-9.990E+02
02:14:52.891;-00:49:36.003;2.66E+20;0.8;-999/-999;135993.0;2.84474e-15;7.94774e-16;2.7018e-15;1.0338e-15;-9.990E+02;5.65737e-16;5.67863e-16;-9.990E+02;4.30144e-15;1.93228e-15;-9.990E+02
02:14:19.446;-00:42:15.040;2.65E+20;0.854;+0.16/-0.13;134983.0;1.98554e-14;1.7004e-15;1.49481e-14;1.94741e-15;-9.990E+02;1.81282e-14;2.56707e-15;-9.990E+02;2.07938e-14;3.40441e-15;-9.990E+02
02:14:14.672;-00:46:50.794;2.63E+20;0.8;-999/-999;134543.0;5.00059e-15;1.02667e-15;1.91608e-15;8.68752e-16;-9.990E+02;2.81179e-15;1.27487e-15;-9.990E+02;1.11179e-14;3.15116e-15;-9.990E+02
02:14:17.444;-00:49:07.202;2.62E+20;0.8;-999/-999;135841.0;2.64101e-15;8.2104e-16;8.2153e-16;6.15364e-16;-9.990E+02;2.41235e-15;1.26973e-15;-9.990E+02;4.8931e-15;2.22893e-15;-9.990E+02
02:15:00.006;-00:47:19.911;2.67E+20;0.8;-999/-999;136658.0;4.32624e-15;9.32144e-16;1.52795e-15;7.03213e-16;-9.990E+02;2.6841e-15;1.13904e-15;-9.990E+02;9.51883e-15;2.63101e-15;-9.990E+02
02:14:36.828;-00:39:52.019;2.68E+20;0.8;-999/-999;136074.0;8.00016e-15;1.22046e-15;4.71196e-15;1.21082e-15;-9.990E+02;7.46594e-15;1.84363e-15;-9.990E+02;9.59963e-15;2.58145e-15;-9.990E+02
02:14:15.019;-00:48:56.961;2.62E+20;0.8;-999/-999;136705.0;8.33356e-15;1.24524e-15;5.18188e-15;1.30186e-15;-9.990E+02;8.45543e-15;2.01932e-15;-9.990E+02;8.35985e-15;2.48372e-15;-9.990E+02
02:15:01.304;-00:44:57.197;2.68E+20;-0.193;+0.25/-0.19;138771.0;1.50436e-14;2.14169e-15;1.12463e-15;5.16352e-16;-9.990E+02;7.86181e-15;1.9154e-15;-9.990E+02;2.43257e-14;4.25503e-15;-9.990E+02
02:14:58.394;-00:48:44.615;2.67E+20;1.498;+0.16/-0.13;135755.0;1.48328e-14;1.00357e-15;2.61065e-14;2.62771e-15;-9.990E+02;3.2367e-14;3.2155e-15;-9.990E+02;1.19283e-14;2.33024e-15;-9.990E+02
02:14:26.666;-00:51:44.197;2.62E+20;0.8;-999/-999;137576.0;3.60573e-15;8.8946e-16;1.73252e-15;8.23218e-16;-9.990E+02;1.6964e-15;9.76553e-16;-9.990E+02;7.74579e-15;2.58175e-15;-9.990E+02
02:14:22.157;-00:40:53.822;2.66E+20;0.8;-999/-999;135032.0;4.79879e-15;9.86616e-16;2.19651e-15;9.02454e-16;-9.990E+02;5.05515e-15;1.6462e-15;-9.990E+02;6.28651e-15;2.25657e-15;-9.990E+02
02:14:38.642;-00:52:36.418;2.63E+20;0.057;+0.24/-0.18;132379.0;1.57303e-14;2.08234e-15;1.63166e-15;6.5789e-16;-9.990E+02;1.05141e-14;2.25755e-15;-9.990E+02;2.29087e-14;4.33913e-15;-9.990E+02
02:14:27.640;-00:52:32.984;2.61E+20;0.8;-999/-999;137958.0;3.60852e-15;8.89135e-16;1.12158e-15;6.65958e-16;-9.990E+02;1.64806e-15;9.78567e-16;-9.990E+02;9.19458e-15;2.81709e-15;-9.990E+02
02:14:56.063;-00:40:43.022;2.69E+20;0.8;-999/-999;139307.0;3.85201e-15;9.19106e-16;1.43336e-15;7.49655e-16;-9.990E+02;2.61816e-15;1.22615e-15;-9.990E+02;7.96213e-15;2.61759e-15;-9.990E+02
02:14:28.880;-00:52:58.325;2.61E+20;0.8;-999/-999;138889.0;2.27208e-15;7.66024e-16;7.50528e-16;5.78256e-16;-9.990E+02;2.94136e-15;1.39244e-15;-9.990E+02;2.79608e-15;1.68756e-15;-9.990E+02
02:14:43.482;-00:53:18.446;2.63E+20;0.8;-999/-999;134353.0;3.48933e-15;8.89785e-16;1.84586e-15;8.64408e-16;-9.990E+02;2.25616e-15;1.15092e-15;-9.990E+02;6.17843e-15;2.35825e-15;-9.990E+02
02:14:25.539;-00:38:59.133;2.67E+20;0.588;+0.23/-0.18;133657.0;1.46607e-14;1.77804e-15;7.00237e-15;1.50514e-15;-9.990E+02;1.08955e-14;2.34195e-15;-9.990E+02;1.71863e-14;3.69414e-15;-9.990E+02
02:15:04.847;-00:43:20.824;2.70E+20;0.8;-999/-999;135023.0;2.69363e-15;8.09598e-16;1.58784e-15;8.20851e-16;-9.990E+02;1.73949e-15;1.05936e-15;-9.990E+02;4.40619e-15;2.03421e-15;-9.990E+02
02:14:22.228;-00:52:57.620;2.50E+20;0.8;-999/-999;135806.0;7.23185e-15;1.17192e-15;3.07426e-15;9.79845e-16;-9.990E+02;7.39336e-15;1.84781e-15;-9.990E+02;1.0394e-14;2.67229e-15;-9.990E+02
02:14:17.429;-00:52:04.525;2.50E+20;0.8;-999/-999;137791.0;3.17373e-15;8.58501e-16;2.13932e-15;9.26099e-16;-9.990E+02;3.16666e-15;1.37083e-15;-9.990E+02;2.89524e-15;1.60919e-15;-9.990E+02
02:14:54.361;-00:39:42.928;2.70E+20;0.8;-999/-999;139290.0;5.36393e-15;1.04287e-15;3.64688e-15;1.12318e-15;-9.990E+02;5.32693e-15;1.64061e-15;-9.990E+02;4.86141e-15;1.93562e-15;-9.990E+02
02:14:05.472;-00:45:04.867;2.62E+20;0.8;-999/-999;136147.0;6.03464e-15;1.09472e-15;2.56562e-15;9.3245e-16;-9.990E+02;4.30915e-15;1.46341e-15;-9.990E+02;1.14679e-14;2.9448e-15;-9.990E+02
02:14:31.346;-00:53:41.346;2.61E+20;0.8;-999/-999;136857.0;3.38008e-15;8.75456e-16;1.11603e-15;6.63308e-16;-9.990E+02;3.82717e-15;1.50184e-15;-9.990E+02;4.99104e-15;2.1244e-15;-9.990E+02
02:14:16.843;-00:52:27.016;2.50E+20;1.033;+0.19/-0.15;138147.0;1.38339e-14;1.32276e-15;1.36475e-14;1.95577e-15;-9.990E+02;1.52667e-14;2.43014e-15;-9.990E+02;1.34666e-14;2.74576e-15;-9.990E+02
02:15:08.677;-00:43:37.363;2.70E+20;0.8;-999/-999;122798.0;2.88162e-15;8.78208e-16;1.69848e-15;8.92187e-16;-9.990E+02;1.98511e-15;1.15824e-15;-9.990E+02;4.52579e-15;2.16404e-15;-9.990E+02
02:14:06.406;-00:42:33.496;2.63E+20;0.8;-999/-999;136015.0;4.48452e-15;9.71919e-16;3.3447e-15;1.12141e-15;-9.990E+02;3.12343e-15;1.32586e-15;-9.990E+02;5.42969e-15;2.15572e-15;-9.990E+02
02:14:34.224;-00:54:25.742;2.61E+20;0.8;-999/-999;137968.0;3.97785e-15;9.16493e-16;2.96356e-15;-1.61261e-12;3.07921e-15;4.80432e-15;1.62894e-15;-9.990E+02;8.35431e-15;2.65226e-15;-9.990E+02
02:15:02.658;-00:51:43.797;2.66E+20;0.8;-999/-999;111995.0;6.53907e-15;1.17846e-15;3.03801e-15;1.04008e-15;-9.990E+02;6.22772e-15;1.80242e-15;-9.990E+02;9.47017e-15;2.74085e-15;-9.990E+02
02:14:15.868;-00:52:49.110;2.50E+20;0.8;-999/-999;136972.0;7.77012e-15;1.2128e-15;4.68185e-15;1.27557e-15;-9.990E+02;8.18891e-15;2.07163e-15;-9.990E+02;7.67434e-15;2.47625e-15;-9.990E+02
02:15:10.648;-00:48:01.767;2.68E+20;0.8;-999/-999;105225.0;6.23667e-15;1.17932e-15;4.8985e-15;1.40632e-15;-9.990E+02;4.47886e-15;1.62536e-15;-9.990E+02;6.80917e-15;2.47102e-15;-9.990E+02
02:14:49.005;-00:37:51.687;2.70E+20;0.8;-999/-999;131817.0;4.56394e-15;1.01543e-15;2.55015e-15;1.01569e-15;-9.990E+02;4.96542e-15;1.69555e-15;-9.990E+02;4.71703e-15;2.0536e-15;-9.990E+02
02:14:10.222;-00:51:45.496;2.50E+20;0.8;-999/-999;139463.0;2.56188e-15;8.1762e-16;1.72775e-15;8.93374e-16;-9.990E+02;2.55744e-15;1.32239e-15;-9.990E+02;2.33731e-15;1.55264e-15;-9.990E+02
02:14:48.018;-00:54:20.726;2.63E+20;0.8;-999/-999;117296.0;5.00059e-15;1.05405e-15;3.77666e-15;1.21939e-15;-9.990E+02;3.69712e-15;1.44875e-15;-9.990E+02;5.62361e-15;2.20366e-15;-9.990E+02
02:14:53.531;-00:38:02.075;2.70E+20;0.8;-999/-999;130032.0;4.99069e-15;1.07032e-15;2.78551e-15;1.07878e-15;-9.990E+02;4.74923e-15;1.68633e-15;-9.990E+02;6.18451e-15;2.39515e-15;-9.990E+02
02:15:08.624;-00:41:30.777;2.71E+20;0.537;+0.17/-0.13;98207.8;2.71658e-14;2.51535e-15;1.1272e-14;1.91342e-15;-9.990E+02;2.0427e-14;3.31717e-15;-9.990E+02;3.24695e-14;5.27277e-15;-9.990E+02
02:14:00.336;-00:45:51.507;2.51E+20;0.8;-999/-999;138358.0;5.30791e-15;1.09048e-15;2.79222e-15;1.03585e-15;-9.990E+02;5.5094e-15;1.79179e-15;-9.990E+02;6.29038e-15;2.33358e-15;-9.990E+02
02:14:26.060;-00:54:37.643;2.49E+20;0.8;-999/-999;134778.0;3.099e-15;8.58186e-16;2.17303e-15;9.50702e-16;-9.990E+02;2.68054e-15;1.28017e-15;-9.990E+02;3.26786e-15;1.7551e-15;-9.990E+02
02:15:12.318;-00:47:08.476;2.69E+20;0.551;+0.26/-0.19;101905.0;1.22766e-14;1.6599e-15;4.78421e-15;1.25079e-15;-9.990E+02;1.0025e-14;2.25869e-15;-9.990E+02;1.45735e-14;3.47541e-15;-9.990E+02
02:14:29.813;-00:54:54.878;2.49E+20;0.8;-999/-999;133698.0;6.96357e-15;1.14425e-15;4.06728e-15;1.16648e-15;-9.990E+02;5.27128e-15;1.61992e-15;-9.990E+02;1.03238e-14;2.79664e-15;-9.990E+02
02:14:25.664;-00:37:05.697;2.67E+20;0.8;-999/-999;124347.0;8.3564e-15;1.32968e-15;3.03798e-15;1.07334e-15;-9.990E+02;6.9866e-15;1.98828e-15;-9.990E+02;1.54553e-14;3.6206e-15;-9.990E+02
02:14:47.869;-00:37:21.260;2.70E+20;0.8;-999/-999;127829.0;7.9368e-15;1.30359e-15;4.25348e-15;1.23479e-15;-9.990E+02;8.07723e-15;2.04429e-15;-9.990E+02;9.44376e-15;2.74155e-15;-9.990E+02
02:14:02.549;-00:49:39.505;2.50E+20;0.8;-999/-999;137505.0;3.40811e-15;8.99382e-16;1.19483e-15;7.00606e-16;-9.990E+02;3.5358e-15;1.48504e-15;-9.990E+02;5.3855e-15;2.26191e-15;-9.990E+02
02:15:07.831;-00:51:26.417;2.67E+20;0.8;-999/-999;90871.5;7.95475e-15;1.32968e-15;2.80801e-15;-2.34566e-12;5.80726e-15;1.41362e-14;2.90801e-15;-9.990E+02;9.76663e-15;2.9747e-15;-9.990E+02
02:15:04.197;-00:52:39.772;2.66E+20;0.8;-999/-999;92514.3;8.27798e-15;1.3703e-15;5.84624e-15;1.50715e-15;-9.990E+02;7.13459e-15;2.01639e-15;-9.990E+02;8.6783e-15;2.73493e-15;-9.990E+02
02:14:16.897;-00:37:58.627;2.66E+20;-0.344;+0.18/-0.14;121935.0;3.26384e-14;3.16641e-15;2.2568e-15;7.18172e-16;-9.990E+02;1.4264e-14;2.62545e-15;-9.990E+02;5.60492e-14;7.04954e-15;-9.990E+02
02:14:51.074;-00:37:12.959;2.70E+20;0.8;-999/-999;119995.0;3.30975e-15;9.46818e-16;2.09034e-15;9.94096e-16;-9.990E+02;3.05333e-15;1.45206e-15;-9.990E+02;3.7134e-15;1.97495e-15;-9.990E+02
02:14:33.815;-00:36:20.045;2.69E+20;0.8;-999/-999;122615.0;3.0454e-15;9.05388e-16;1.43555e-15;8.24815e-16;-9.990E+02;2.62312e-15;1.35019e-15;-9.990E+02;4.78482e-15;2.23619e-15;-9.990E+02
02:13:57.372;-00:47:16.261;2.51E+20;0.8;-999/-999;137507.0;4.26105e-15;9.95063e-16;3.2034e-15;1.14271e-15;-9.990E+02;2.36925e-15;1.19842e-15;-9.990E+02;6.01033e-15;2.34004e-15;-9.990E+02
02:14:54.976;-00:55:07.070;2.63E+20;0.917;+0.21/-0.17;85943.0;1.52881e-14;1.60667e-15;1.48019e-14;2.35255e-15;-9.990E+02;1.18328e-14;2.43071e-15;-9.990E+02;1.56373e-14;3.43571e-15;-9.990E+02
02:14:03.104;-00:51:35.257;2.50E+20;0.8;-999/-999;134675.0;6.29295e-15;1.1583e-15;4.4812e-15;1.29635e-15;-9.990E+02;4.593e-15;1.59535e-15;-9.990E+02;7.77128e-15;2.5705e-15;-9.990E+02
02:14:02.345;-00:50:39.661;2.50E+20;0.8;-999/-999;136468.0;4.55006e-15;1.03565e-15;2.77328e-15;1.05628e-15;-9.990E+02;4.61775e-15;1.66112e-15;-9.990E+02;4.69185e-15;2.04649e-15;-9.990E+02
02:14:40.526;-00:35:45.350;2.69E+20;0.8;-999/-999;118324.0;8.97157e-15;1.3718e-15;1.32984e-14;2.10131e-15;-9.990E+02;2.98955e-15;1.25202e-15;-9.990E+02;1.13668e-15;9.33584e-16;-9.990E+02
02:14:47.947;-00:36:12.716;2.70E+20;0.8;-999/-999;113497.0;6.56598e-15;1.26242e-15;2.73213e-15;1.11614e-15;-9.990E+02;7.97799e-15;2.31224e-15;-9.990E+02;7.57979e-15;2.74855e-15;-9.990E+02
02:14:02.409;-00:39:52.856;2.64E+20;0.547;+0.16/-0.13;119429.0;2.65287e-14;2.32708e-15;1.07835e-14;1.77368e-15;-9.990E+02;2.07959e-14;3.1024e-15;-9.990E+02;3.15246e-14;4.76656e-15;-9.990E+02
02:14:13.697;-00:54:45.617;2.49E+20;0.8;-999/-999;130648.0;3.58531e-15;9.5354e-16;2.69242e-15;1.09535e-15;-9.990E+02;3.32257e-15;1.48487e-15;-9.990E+02;3.0379e-15;1.75941e-15;-9.990E+02
02:14:16.843;-00:55:13.866;2.49E+20;0.8;-999/-999;129375.0;3.712e-15;9.80784e-16;4.33461e-15;1.41161e-15;-9.990E+02;2.40796e-15;1.27274e-15;-9.990E+02;1.22249e-15;1.10778e-15;-9.990E+02
02:14:11.927;-00:37:08.621;2.66E+20;0.8;-999/-999;109668.0;7.10775e-15;1.27438e-15;5.01901e-15;1.43362e-15;-9.990E+02;1.83749e-15;1.05e-15;-9.990E+02;1.3979e-14;3.57852e-15;-9.990E+02
02:13:58.054;-00:40:23.724;2.63E+20;0.8;-999/-999;108633.0;4.36953e-15;1.10881e-15;1.18512e-15;7.46403e-16;-9.990E+02;8.69743e-16;7.82273e-16;-9.990E+02;1.32295e-14;3.7286e-15;-9.990E+02
02:13:51.409;-00:48:45.974;2.50E+20;0.8;-999/-999;108846.0;7.35585e-15;1.3627e-15;5.52506e-15;1.60688e-15;-9.990E+02;6.81702e-15;2.18583e-15;-9.990E+02;6.23102e-15;2.54573e-15;-9.990E+02
02:14:17.795;-00:35:30.068;2.67E+20;0.8;-999/-999;95645.1;5.75051e-15;1.28855e-15;2.76928e-15;1.22052e-15;-9.990E+02;2.70217e-15;1.4533e-15;-9.990E+02;1.23255e-14;3.86679e-15;-9.990E+02
02:14:23.032;-00:34:45.461;2.68E+20;0.8;-999/-999;85998.7;7.8836e-15;1.50843e-15;3.98033e-15;1.46567e-15;-9.990E+02;5.82181e-15;2.14376e-15;-9.990E+02;1.32736e-14;3.97884e-15;-9.990E+02
02:15:14.549;-00:39:07.320;2.72E+20;0.659;+0.10/-0.08;39966.0;7.98774e-14;4.6092e-15;5.37014e-14;4.65255e-15;-9.990E+02;4.66141e-14;5.22436e-15;-9.990E+02;9.07822e-14;9.10057e-15;-9.990E+02
02:15:10.067;-00:36:39.447;2.82E+20;1.144;+0.11/-0.10;26577.1;6.52726e-14;3.8019e-15;6.482e-14;6.08046e-15;-9.990E+02;9.62327e-14;8.62171e-15;-9.990E+02;6.06124e-14;8.00201e-15;-9.990E+02
02:14:06.846;-00:56:25.766;2.48E+20;1.977;+0.14/-0.12;70631.5;2.15608e-14;1.05915e-15;1.18714e-13;6.95375e-15;-9.990E+02;4.51418e-14;4.42671e-15;-9.990E+02;1.41872e-14;2.7006e-15;-9.990E+02
02:13:47.022;-00:42:44.426;2.52E+20;0.8;-999/-999;80374.7;8.19251e-15;1.63632e-15;2.87578e-15;1.26659e-15;-9.990E+02;8.49845e-15;2.74617e-15;-9.990E+02;1.29418e-14;4.182e-15;-9.990E+02
02:13:44.604;-00:37:47.477;2.63E+20;0.161;+0.14/-0.12;32983.2;8.89674e-14;7.2618e-15;2.38204e-14;3.74171e-15;-9.990E+02;4.24012e-14;6.6604e-15;-9.990E+02;1.24228e-13;1.46826e-14;-9.990E+02
02:13:35.451;-00:47:55.854;2.50E+20;0.996;+0.14/-0.12;33563.6;5.70629e-14;4.11264e-15;2.74925e-14;4.23533e-15;-9.990E+02;9.64993e-14;9.38574e-15;-9.990E+02;5.658e-14;8.71638e-15;-9.990E+02
01:12:03.263;-00:43:49.476;3.61E+20;0.8;-999/-999;982.7;5.67314e-13;9.48117e-14;1.73839e-13;7.10237e-14;-9.990E+02;7.17993e-13;1.68929e-13;-9.990E+02;7.20772e-13;2.07492e-13;-9.990E+02
00:05:54.846;-00:25:07.671;3.04E+20;0.8;-999/-999;10104.0;1.86046e-14;6.2478e-15;4.77046e-15;4.20498e-15;-9.990E+02;3.40807e-14;1.34408e-14;-9.990E+02;1.0322e-14;9.09849e-15;-9.990E+02
00:05:46.364;-00:24:17.325;3.03E+20;0.8;-999/-999;9899.7;3.56829e-14;8.3274e-15;4.92115e-15;4.12709e-15;-9.990E+02;2.81382e-14;1.1799e-14;-9.990E+02;8.52159e-14;2.55324e-14;-9.990E+02
00:05:44.284;-00:26:29.995;3.03E+20;0.8;-999/-999;10214.3;2.95345e-14;7.63345e-15;2.40606e-14;9.1279e-15;-9.990E+02;1.37631e-14;8.22656e-15;-9.990E+02;4.17024e-14;1.80457e-14;-9.990E+02
00:06:06.688;-00:19:19.084;3.06E+20;0.8;-999/-999;10681.8;1.506e-14;5.83506e-15;9.01158e-15;6.03267e-15;-9.990E+02;1.28566e-14;8.60663e-15;-9.990E+02;1.94698e-14;1.30337e-14;-9.990E+02
00:05:33.769;-00:28:01.598;3.02E+20;0.8;-999/-999;10179.2;4.34704e-14;9.1575e-15;2.74836e-14;9.98611e-15;-9.990E+02;3.27806e-14;1.29145e-14;-9.990E+02;5.95584e-14;2.16404e-14;-9.990E+02
00:05:27.427;-00:21:17.662;3.01E+20;0.8;-999/-999;10650.3;1.55067e-14;5.9641e-15;5.55713e-15;4.82645e-15;-9.990E+02;7.95412e-15;6.90828e-15;-9.990E+02;3.61548e-14;1.79426e-14;-9.990E+02
00:05:49.257;-00:15:21.750;3.03E+20;0.8;-999/-999;10403.2;2.01107e-14;6.80071e-15;9.01837e-15;6.09854e-15;-9.990E+02;1.28914e-14;8.71759e-15;-9.990E+02;3.90452e-14;1.85524e-14;-9.990E+02
00:05:48.792;-00:34:40.496;3.06E+20;0.8;-999/-999;7889.3;2.65356e-14;7.78008e-15;6.80858e-15;5.44886e-15;-9.990E+02;2.91479e-14;1.35542e-14;-9.990E+02;4.41412e-14;2.05263e-14;-9.990E+02
00:05:19.580;-00:29:00.744;3.00E+20;0.8;-999/-999;10268.4;1.88703e-14;6.6552e-15;1.35221e-14;7.53712e-15;-9.990E+02;1.93673e-14;1.07952e-14;-9.990E+02;1.46764e-14;1.14156e-14;-9.990E+02
00:05:45.393;-00:34:48.157;3.06E+20;0.8;-999/-999;7696.8;3.21345e-14;8.61366e-15;1.64888e-14;8.66229e-15;-9.990E+02;4.70553e-14;1.74339e-14;-9.990E+02;1.78149e-14;1.30337e-14;-9.990E+02
00:34:46.200;+00:03:43.949;2.36E+20;0.8;-999/-999;8502.5;1.95521e-14;7.18627e-15;1.36251e-14;7.90762e-15;-9.990E+02;0;-1.86908e-11;6.72093e-14;4.6558e-14;2.2151e-14;-9.990E+02
00:34:31.572;-00:09:55.805;2.30E+20;0.8;-999/-999;8512.3;2.46246e-14;7.9827e-15;1.94555e-14;9.71128e-15;-9.990E+02;1.16722e-14;9.27001e-15;-9.990E+02;3.56192e-14;1.99254e-14;-9.990E+02
00:34:43.232;-00:10:05.300;2.28E+20;0.8;-999/-999;7901.8;2.60666e-14;8.2472e-15;2.01198e-14;9.63496e-15;-9.990E+02;3.77688e-14;1.62325e-14;-9.990E+02;3.7739e-14;-3.28077e-11;7.61241e-14
00:34:09.321;+00:03:20.114;2.41E+20;0.8;-999/-999;8512.3;1.83371e-14;7.19899e-15;1.60032e-14;8.81398e-15;-9.990E+02;1.5894e-14;1.07585e-14;-9.990E+02;1.21156e-14;1.14802e-14;-9.990E+02
00:35:05.006;+00:04:53.208;2.34E+20;0.8;-999/-999;7339.2;2.24778e-14;8.26489e-15;2.60883e-14;1.12491e-14;-9.990E+02;9.75769e-15;8.41666e-15;-9.990E+02;1.48873e-14;1.28413e-14;-9.990E+02
21:54:29.997;+00:38:13.869;5.34E+20;0.8;-999/-999;4613.0;6.91511e-14;1.64219e-14;1.70874e-14;1.1488e-14;-9.990E+02;1.0587e-13;3.09455e-14;-9.990E+02;6.26443e-14;2.97534e-14;-9.990E+02
21:54:27.355;+00:38:39.429;5.35E+20;0.8;-999/-999;4635.8;5.99112e-14;1.64263e-14;2.37042e-14;1.44027e-14;-9.990E+02;8.80702e-14;3.11062e-14;-9.990E+02;4.34136e-14;2.63782e-14;-9.990E+02
21:54:36.006;+00:41:04.796;5.31E+20;0.665;+0.27/-0.20;4852.1;2.08118e-13;2.9637e-14;1.10092e-13;2.76212e-14;-9.990E+02;1.68654e-13;3.83489e-14;-9.990E+02;2.35997e-13;5.81311e-14;-9.990E+02
21:54:28.070;+00:37:59.411;5.35E+20;0.8;-999/-999;4659.2;3.51224e-14;1.2693e-14;2.12319e-14;-2.50807e-11;7.64443e-14;7.1685e-14;2.82607e-14;-9.990E+02;2.12064e-14;1.92318e-14;-9.990E+02
21:54:29.425;+00:37:13.372;5.34E+20;0.8;-999/-999;4588.7;7.00021e-14;1.64219e-14;2.30675e-14;1.27159e-14;-9.990E+02;8.57567e-14;2.74897e-14;-9.990E+02;8.45536e-14;3.32264e-14;-9.990E+02
21:54:25.401;+00:43:13.045;5.36E+20;0.8;-999/-999;4272.8;1.0352e-13;2.09132e-14;1.86222e-14;1.24148e-14;-9.990E+02;1.38232e-13;3.75666e-14;-9.990E+02;1.36275e-13;4.59463e-14;-9.990E+02
21:54:23.363;+00:46:55.174;5.37E+20;0.8;-999/-999;4681.2;5.10269e-14;1.4942e-14;9.18459e-15;-2.95504e-11;1.33435e-13;7.49586e-14;2.87433e-14;-9.990E+02;7.39006e-14;3.36177e-14;-9.990E+02
21:54:19.609;+00:48:27.744;5.38E+20;0.8;-999/-999;4576.2;3.80974e-14;1.36009e-14;6.85855e-15;-2.69103e-11;1.6618e-13;9.32603e-14;3.32942e-14;-9.990E+02;5.51279e-14;-4.91823e-11;3.03717e-13
21:55:16.139;+00:32:51.832;5.11E+20;0.8;-999/-999;2409.5;2.96412e-13;4.00356e-14;2.63761e-13;5.38964e-14;-9.990E+02;3.97534e-13;7.38538e-14;-9.990E+02;4.32183e-13;-1.45846e-10;6.48924e-13
03:18:17.445;-00:17:47.838;5.11E+20;0.025;+0.17/-0.14;10190.3;1.55151e-13;1.50566e-14;9.4139e-15;3.74721e-15;-9.990E+02;1.07533e-13;1.63085e-14;-9.990E+02;2.2938e-13;3.04418e-14;-9.990E+02
03:18:29.285;-00:15:11.216;5.15E+20;0.8;-999/-999;22674.2;7.44031e-15;2.82055e-15;1.82443e-15;1.9578e-15;-9.990E+02;1.37158e-14;6.13363e-15;-9.990E+02;3.38817e-15;3.63587e-15;-9.990E+02
03:18:19.993;-00:13:27.789;5.15E+20;0.8;-999/-999;21439.4;8.24046e-15;2.969e-15;6.92789e-15;3.80903e-15;-9.990E+02;5.787e-15;3.92976e-15;-9.990E+02;8.57725e-15;5.82452e-15;-9.990E+02
03:18:45.024;-00:18:47.740;5.13E+20;0.660;+0.24/-0.18;9612.3;6.90648e-14;8.55088e-15;1.31194e-14;4.81823e-15;-9.990E+02;8.60803e-14;1.4332e-14;-9.990E+02;7.84798e-14;1.69797e-14;-9.990E+02
03:18:36.372;-00:22:13.993;5.08E+20;0.969;+0.27/-0.20;8889.4;5.04402e-14;6.70644e-15;1.47183e-14;5.56641e-15;-9.990E+02;8.78545e-14;1.47455e-14;-9.990E+02;5.04557e-14;1.3415e-14;-9.990E+02
03:18:04.304;-00:15:14.457;5.13E+20;0.8;-999/-999;22050.5;1.55789e-14;4.00599e-15;5.55137e-15;3.36456e-15;-9.990E+02;2.39339e-14;-9.83839e-12;2.3e-14;4.6443e-14;1.32115e-14;-9.990E+02
03:18:08.006;-00:25:17.124;4.89E+20;1.265;+0.17/-0.14;6567.6;1.12487e-13;9.00287e-15;1.33018e-13;1.7572e-14;-9.990E+02;1.84235e-13;2.16337e-14;-9.990E+02;9.94779e-14;1.86809e-14;-9.990E+02
03:17:57.019;-00:10:03.881;5.18E+20;0.8;-999/-999;15727.5;4.47553e-14;6.98373e-15;3.51667e-14;8.62679e-15;-9.990E+02;3.29823e-14;9.40631e-15;-9.990E+02;4.88694e-14;1.39372e-14;-9.990E+02
03:17:53.120;-00:10:43.513;5.17E+20;0.8;-999/-999;15109.1;4.52007e-14;7.12992e-15;4.03324e-14;9.40215e-15;-9.990E+02;4.03657e-14;1.07192e-14;-9.990E+02;2.99187e-14;1.12384e-14;-9.990E+02
03:17:40.056;-00:15:54.821;5.13E+20;0.8;-999/-999;18328.2;2.7582e-14;5.78643e-15;4.50449e-15;3.34711e-15;-9.990E+02;2.8253e-14;9.09421e-15;-9.990E+02;5.0261e-14;1.48663e-14;-9.990E+02
03:17:32.768;-00:17:45.121;4.97E+20;0.235;+0.24/-0.19;13282.1;1.09652e-13;1.445e-14;3.99818e-14;9.4358e-15;-9.990E+02;4.57663e-14;1.25365e-14;-9.990E+02;1.48461e-13;2.89855e-14;-9.990E+02
22:47:30.090;+00:00:05.491;6.03E+20;0.950;+0.15/-0.12;17667.6;1.63481e-13;1.20346e-14;1.32539e-13;1.71494e-14;-9.990E+02;1.7477e-13;2.10678e-14;-9.990E+02;1.64554e-13;2.40466e-14;-9.990E+02
22:47:21.766;+00:05:01.024;6.07E+20;0.8;-999/-999;18184.3;1.19025e-14;3.96344e-15;4.04156e-15;3.17174e-15;-9.990E+02;9.60169e-15;5.48141e-15;-9.990E+02;2.11383e-14;1.00573e-14;-9.990E+02
22:47:02.965;+00:00:24.297;5.92E+20;0.8;-999/-999;18663.3;2.72177e-14;5.7684e-15;1.04991e-14;5.17422e-15;-9.990E+02;3.45869e-14;1.0196e-14;-9.990E+02;2.77336e-14;1.08779e-14;-9.990E+02
22:47:10.140;-00:03:36.133;5.90E+20;0.8;-999/-999;18856.2;1.47993e-14;4.39959e-15;1.38247e-14;5.98977e-15;-9.990E+02;1.38122e-14;6.60057e-15;-9.990E+02;8.12716e-15;6.28082e-15;-9.990E+02
22:47:32.286;+00:07:29.011;6.15E+20;0.8;-999/-999;16284.3;1.70808e-14;4.88896e-15;7.76239e-15;4.71366e-15;-9.990E+02;9.17512e-15;5.57153e-15;-9.990E+02;3.36533e-14;1.30811e-14;-9.990E+02
22:47:39.197;-00:04:15.772;6.01E+20;0.8;-999/-999;17862.8;1.64365e-14;4.71789e-15;1.66998e-14;6.67311e-15;-9.990E+02;1.4925e-14;6.95567e-15;-9.990E+02;7.30537e-15;5.8378e-15;-9.990E+02
22:47:13.981;-00:05:17.475;5.89E+20;0.8;-999/-999;18019.8;1.01043e-14;3.79175e-15;8.75607e-15;4.9947e-15;-9.990E+02;7.00456e-15;4.92123e-15;-9.990E+02;1.03036e-14;7.23905e-15;-9.990E+02
22:47:10.194;-00:05:06.336;5.88E+20;0.8;-999/-999;18505.3;3.22214e-14;6.36846e-15;6.85842e-15;4.10524e-15;-9.990E+02;5.3513e-14;1.2771e-14;-9.990E+02;2.42236e-14;1.05471e-14;-9.990E+02
22:47:51.329;-00:02:09.656;6.10E+20;0.8;-999/-999;18701.4;1.19371e-14;4.11939e-15;1.52257e-14;6.68672e-15;-9.990E+02;1.97526e-14;-9.95193e-12;2.39075e-14;1.58965e-14;8.97464e-15;-9.990E+02
22:46:50.333;+00:02:01.011;5.88E+20;0.347;+0.21/-0.16;14805.5;3.60783e-14;8.27298e-15;3.03489e-14;-1.11288e-11;3.5647e-14;4.6496e-14;-1.55722e-11;4.98796e-14;1.07645e-13;2.46836e-14;-9.990E+02
22:46:58.304;-00:04:11.041;5.84E+20;0.869;+0.18/-0.15;16797.4;1.13435e-13;1.09113e-14;6.91997e-14;1.24472e-14;-9.990E+02;1.26211e-13;1.82366e-14;-9.990E+02;1.18285e-13;2.12765e-14;-9.990E+02
22:48:01.644;-00:00:06.055;6.18E+20;0.8;-999/-999;16372.4;5.65002e-14;8.56296e-15;2.31322e-14;7.7222e-15;-9.990E+02;7.50519e-14;1.52652e-14;-9.990E+02;5.00413e-14;1.51673e-14;-9.990E+02
22:48:00.475;+00:03:56.748;6.24E+20;0.8;-999/-999;15584.6;2.93627e-14;6.43314e-15;4.01688e-14;1.06771e-14;-9.990E+02;1.7708e-14;7.76181e-15;-9.990E+02;8.65159e-15;6.69049e-15;-9.990E+02
22:47:21.093;-00:08:14.331;5.88E+20;0.8;-999/-999;18198.5;1.60728e-14;4.85216e-15;1.62462e-14;6.90441e-15;-9.990E+02;1.17e-14;6.54375e-15;-9.990E+02;1.14783e-14;7.69913e-15;-9.990E+02
22:47:52.633;-00:06:52.061;6.02E+20;0.8;-999/-999;16798.6;2.34739e-14;5.93697e-15;1.06062e-14;5.62197e-15;-9.990E+02;3.15675e-14;1.06577e-14;-9.990E+02;1.85535e-14;9.83455e-15;-9.990E+02
22:47:27.195;-00:09:29.607;5.88E+20;0.8;-999/-999;13785.8;2.86884e-14;6.67172e-15;1.28921e-14;-1.34777e-11;3.84464e-14;2.08936e-14;8.77039e-15;-9.990E+02;7.16853e-14;1.98542e-14;-9.990E+02
22:48:09.155;+00:00:38.184;6.22E+20;0.8;-999/-999;14322.1;1.82471e-14;5.51088e-15;8.31154e-15;-1.12871e-11;4.12752e-14;2.20271e-14;9.33408e-15;-9.990E+02;3.22919e-14;1.36838e-14;-9.990E+02
22:48:13.870;+00:03:09.051;6.28E+20;0.8;-999/-999;10482.5;5.25496e-14;9.35374e-15;3.24005e-14;1.09588e-14;-9.990E+02;5.06968e-14;1.48873e-14;-9.990E+02;5.5694e-14;1.88373e-14;-9.990E+02
22:48:16.007;+00:01:41.662;6.27E+20;0.8;-999/-999;9121.6;4.41657e-14;9.0447e-15;3.02456e-14;1.0863e-14;-9.990E+02;3.55061e-14;1.27523e-14;-9.990E+02;5.20252e-14;1.86853e-14;-9.990E+02
21:38:18.740;+01:12:28.522;4.46E+20;0.8;-999/-999;859.3;2.96575e-13;6.97824e-14;2.42315e-13;8.7505e-14;-9.990E+02;4.21987e-13;1.30288e-13;-9.990E+02;0;-2.59035e-10;1.0383e-12
21:38:11.815;+01:10:41.067;4.46E+20;0.8;-999/-999;1070.2;1.35305e-13;4.79754e-14;3.22256e-14;3.31123e-14;-9.990E+02;8.41803e-14;5.97151e-14;-9.990E+02;3.14192e-13;1.41376e-13;-9.990E+02
21:38:12.320;+01:15:20.492;4.44E+20;0.8;-999/-999;1061.3;1.152e-13;4.50399e-14;2.7419e-14;-8.56878e-11;4.8336e-13;1.91222e-13;9.17576e-14;-9.990E+02;1.42775e-13;9.64257e-14;-9.990E+02
21:38:57.432;+01:07:05.445;4.49E+20;0.8;-999/-999;1095.7;1.94997e-13;6.11184e-14;1.24016e-13;6.76175e-14;-9.990E+02;8.08435e-14;6.16916e-14;-9.990E+02;3.61913e-13;1.61157e-13;-9.990E+02
03:53:10.170;+00:01:23.366;1.11E+21;0.8;-999/-999;255059.0;4.56528e-15;7.93362e-16;3.445e-15;1.07004e-15;-9.990E+02;2.8254e-15;9.37627e-16;-9.990E+02;6.13034e-15;1.62184e-15;-9.990E+02
03:53:15.984;+00:01:51.679;1.12E+21;0.8;-999/-999;270464.0;2.29532e-15;6.39508e-16;8.82535e-16;6.3933e-16;-9.990E+02;1.20084e-15;6.88375e-16;-9.990E+02;4.4612e-15;1.56532e-15;-9.990E+02
03:53:04.579;+00:03:14.543;1.11E+21;-0.529;+0.18/-0.15;213454.0;2.32646e-14;2.03588e-15;7.13901e-16;3.67126e-16;-9.990E+02;9.28952e-15;1.63173e-15;-9.990E+02;4.31597e-14;4.47258e-15;-9.990E+02
03:53:16.370;+00:01:27.075;1.12E+21;0.8;-999/-999;274539.0;2.55112e-15;6.56792e-16;5.79285e-16;5.01529e-16;-9.990E+02;1.57695e-15;7.85931e-16;-9.990E+02;5.12839e-15;1.67124e-15;-9.990E+02
03:53:14.146;+00:04:39.605;1.12E+21;0.642;+0.12/-0.11;239464.0;2.31453e-14;1.54175e-15;1.13277e-14;1.59287e-15;-9.990E+02;1.87927e-14;1.98823e-15;-9.990E+02;2.65136e-14;2.85138e-15;-9.990E+02
03:53:04.301;+00:00:28.880;1.11E+21;0.455;+0.27/-0.20;251360.0;7.88306e-15;1.08992e-15;2.41099e-15;8.27767e-16;-9.990E+02;5.96523e-15;1.2932e-15;-9.990E+02;9.76045e-15;2.02028e-15;-9.990E+02
03:53:17.740;+00:04:22.599;1.12E+21;1.953;+0.06/-0.05;244671.0;4.39825e-14;1.02777e-15;2.32987e-13;7.67527e-15;-9.990E+02;8.68379e-14;3.64544e-15;-9.990E+02;2.9147e-14;2.13226e-15;-9.990E+02
03:53:16.318;-00:00:43.764;1.12E+21;0.8;-999/-999;284961.0;2.04815e-15;6.22224e-16;1.59962e-15;8.726e-16;-9.990E+02;1.59576e-15;8.25502e-16;-9.990E+02;2.22378e-15;1.15038e-15;-9.990E+02
03:53:25.581;+00:02:21.665;1.12E+21;1.680;+0.21/-0.17;278452.0;6.77679e-15;5.78934e-16;2.28869e-14;2.76032e-15;-9.990E+02;1.04938e-14;1.52071e-15;-9.990E+02;5.05119e-15;1.11521e-15;-9.990E+02
03:53:21.310;-00:00:15.858;1.12E+21;0.8;-999/-999;286038.0;3.28223e-15;7.08644e-16;4.10208e-15;1.25965e-15;-9.990E+02;1.76227e-15;7.85147e-16;-9.990E+02;2.72881e-15;1.14437e-15;-9.990E+02
03:53:11.211;-00:01:19.954;1.11E+21;0.8;-999/-999;274132.0;2.79919e-15;6.8988e-16;1.3938e-15;7.63455e-16;-9.990E+02;2.53973e-15;9.7402e-16;-9.990E+02;3.54283e-15;1.35872e-15;-9.990E+02
03:53:22.695;+00:04:13.859;1.12E+21;0.058;+0.19/-0.15;258690.0;1.58481e-14;1.60895e-15;3.09896e-15;8.37821e-16;-9.990E+02;8.04437e-15;1.48962e-15;-9.990E+02;2.31124e-14;3.1766e-15;-9.990E+02
03:52:56.862;+00:05:23.827;1.11E+21;0.665;+0.11/-0.10;206244.0;2.78955e-14;1.68723e-15;1.06563e-14;1.53463e-15;-9.990E+02;2.64217e-14;2.37072e-15;-9.990E+02;3.16835e-14;3.13276e-15;-9.990E+02
03:53:28.816;+00:02:55.863;1.13E+21;0.8;-999/-999;276422.0;5.07679e-15;8.31408e-16;3.53914e-15;1.0999e-15;-9.990E+02;4.2558e-15;1.16378e-15;-9.990E+02;5.62988e-15;1.57265e-15;-9.990E+02
03:53:17.846;+00:06:46.907;1.12E+21;0.8;-999/-999;214370.0;6.40891e-15;9.33336e-16;1.8843e-15;7.77564e-16;-9.990E+02;5.55558e-15;1.29918e-15;-9.990E+02;1.01225e-14;2.06872e-15;-9.990E+02
03:53:20.178;-00:01:30.674;1.12E+21;0.8;-999/-999;283830.0;4.57853e-15;7.7778e-16;2.74696e-15;9.71955e-16;-9.990E+02;4.14906e-15;1.11895e-15;-9.990E+02;5.20701e-15;1.46486e-15;-9.990E+02
03:52:55.579;+00:05:43.129;1.11E+21;0.8;-999/-999;199087.0;4.28071e-15;8.10609e-16;3.19681e-15;1.11641e-15;-9.990E+02;2.42781e-15;9.00059e-16;-9.990E+02;6.09759e-15;1.69226e-15;-9.990E+02
03:53:29.396;+00:04:20.310;1.13E+21;0.300;+0.18/-0.16;260072.0;1.48426e-14;1.46243e-15;5.00445e-15;1.09648e-15;-9.990E+02;8.24136e-15;1.46716e-15;-9.990E+02;1.96275e-14;2.78556e-15;-9.990E+02
03:53:01.047;-00:02:09.248;1.10E+21;0.8;-999/-999;261473.0;5.91818e-15;8.6045e-16;5.81315e-15;1.33378e-15;-9.990E+02;4.05723e-15;1.07489e-15;-9.990E+02;5.6654e-15;1.50095e-15;-9.990E+02
03:52:55.526;-00:01:02.012;1.10E+21;0.893;+0.05/-0.05;241653.0;8.33261e-14;2.42415e-15;7.0224e-14;3.62093e-15;-9.990E+02;7.51788e-14;3.52956e-15;-9.990E+02;8.62261e-14;4.39114e-15;-9.990E+02
03:53:10.556;+00:08:16.092;1.12E+21;0.8;-999/-999;203484.0;4.87409e-15;8.46916e-16;1.74045e-15;8.18602e-16;-9.990E+02;3.15548e-15;1.02375e-15;-9.990E+02;8.8012e-15;2.03323e-15;-9.990E+02
03:53:32.430;+00:03:55.688;1.13E+21;0.8;-999/-999;275130.0;2.14434e-15;6.23556e-16;2.26628e-15;1.02037e-15;-9.990E+02;1.27831e-15;7.06032e-16;-9.990E+02;2.13564e-15;1.11123e-15;-9.990E+02
03:53:01.262;-00:03:06.782;1.10E+21;0.8;-999/-999;263094.0;5.30037e-15;8.26032e-16;1.92363e-15;7.90025e-16;-9.990E+02;3.81567e-15;1.07216e-15;-9.990E+02;9.01662e-15;1.90866e-15;-9.990E+02
03:53:27.044;-00:01:31.889;1.12E+21;0.8;-999/-999;287322.0;2.49235e-15;6.56792e-16;6.92032e-16;5.36519e-16;-9.990E+02;1.67373e-15;8.01602e-16;-9.990E+02;4.66376e-15;1.5959e-15;-9.990E+02
03:53:29.620;-00:01:08.902;1.13E+21;0.603;+0.12/-0.11;285749.0;2.36621e-14;1.57877e-15;8.07875e-15;1.3372e-15;-9.990E+02;2.12592e-14;2.15933e-15;-9.990E+02;2.75978e-14;2.91639e-15;-9.990E+02
03:52:46.364;+00:00:34.708;1.10E+21;0.8;-999/-999;209099.0;5.98701e-15;9.12077e-16;1.74651e-15;7.63563e-16;-9.990E+02;5.99985e-15;1.37234e-15;-9.990E+02;8.37803e-15;1.9163e-15;-9.990E+02
03:53:35.223;+00:01:38.039;1.13E+21;0.384;+0.28/-0.21;293212.0;8.16313e-15;1.15127e-15;3.37906e-15;9.87584e-16;-9.990E+02;4.58484e-15;1.1694e-15;-9.990E+02;1.04156e-14;2.16742e-15;-9.990E+02
03:52:58.965;-00:03:16.406;1.09E+21;0.458;+0.19/-0.15;256410.0;1.38336e-14;1.39775e-15;5.36745e-15;1.18008e-15;-9.990E+02;9.30362e-15;1.59856e-15;-9.990E+02;1.71328e-14;2.60665e-15;-9.990E+02
03:53:33.725;-00:00:01.263;1.13E+21;0.583;+0.21/-0.17;292004.0;1.06249e-14;1.1626e-15;4.50427e-15;1.09888e-15;-9.990E+02;8.41964e-15;1.46368e-15;-9.990E+02;1.24893e-14;2.17395e-15;-9.990E+02
03:53:28.829;+00:07:12.542;1.13E+21;0.8;-999/-999;236481.0;2.62933e-15;6.75519e-16;9.8995e-16;6.47075e-16;-9.990E+02;2.38247e-15;9.7354e-16;-9.990E+02;3.73341e-15;1.43286e-15;-9.990E+02
03:53:06.290;+00:09:22.882;1.12E+21;0.8;-999/-999;207933.0;2.93309e-15;6.74076e-16;1.629e-15;7.99595e-16;-9.990E+02;2.58581e-15;9.58318e-16;-9.990E+02;3.60347e-15;1.33547e-15;-9.990E+02
03:52:47.774;-00:02:03.526;1.09E+21;0.244;+0.26/-0.20;192592.0;1.04214e-14;1.37184e-15;1.34472e-15;6.06859e-16;-9.990E+02;7.6843e-15;1.57409e-15;-9.990E+02;1.40931e-14;2.60961e-15;-9.990E+02
03:52:53.902;-00:03:35.941;1.09E+21;0.8;-999/-999;200446.0;6.0205e-15;9.4446e-16;4.18438e-15;1.23711e-15;-9.990E+02;3.85071e-15;1.13846e-15;-9.990E+02;8.37134e-15;1.98915e-15;-9.990E+02
03:52:44.312;+00:06:13.594;1.10E+21;0.8;-999/-999;202416.0;4.04412e-15;7.74405e-16;1.9104e-15;8.43803e-16;-9.990E+02;3.93606e-15;1.14603e-15;-9.990E+02;4.88546e-15;1.52551e-15;-9.990E+02
03:53:24.967;+00:09:04.373;1.13E+21;0.8;-999/-999;214434.0;5.8008e-15;8.6605e-16;4.65859e-15;1.22809e-15;-9.990E+02;2.62722e-15;8.80971e-16;-9.990E+02;8.77518e-15;1.85988e-15;-9.990E+02
03:53:38.800;+00:04:25.546;1.14E+21;0.8;-999/-999;276441.0;2.2739e-15;6.42246e-16;1.34739e-15;7.7206e-16;-9.990E+02;3.02654e-15;1.08974e-15;-9.990E+02;1.2627e-15;8.26871e-16;-9.990E+02
03:53:01.901;-00:05:20.409;1.10E+21;0.795;+0.19/-0.16;259474.0;1.10278e-14;1.10502e-15;7.1767e-15;1.42469e-15;-9.990E+02;9.87717e-15;1.56877e-15;-9.990E+02;1.18868e-14;2.03579e-15;-9.990E+02
03:52:41.348;-00:00:59.709;1.09E+21;0.8;-999/-999;174249.0;4.96099e-15;8.92944e-16;3.22515e-15;1.14844e-15;-9.990E+02;3.56336e-15;1.14042e-15;-9.990E+02;6.64141e-15;1.86582e-15;-9.990E+02
03:53:18.082;-00:05:22.180;1.10E+21;0.8;-999/-999;280460.0;4.10607e-15;7.74405e-16;2.09606e-15;8.67278e-16;-9.990E+02;3.29073e-15;1.04949e-15;-9.990E+02;5.74182e-15;1.6243e-15;-9.990E+02
03:53:44.499;+00:02:15.109;1.14E+21;0.8;-999/-999;292194.0;3.2633e-15;7.29036e-16;2.6515e-15;1.03087e-15;-9.990E+02;9.52297e-16;5.7884e-16;-9.990E+02;5.63081e-15;1.69033e-15;-9.990E+02
03:53:25.230;-00:05:10.521;1.12E+21;0.8;-999/-999;281090.0;2.18988e-15;6.39508e-16;1.15166e-15;7.29614e-16;-9.990E+02;1.56716e-15;8.19233e-16;-9.990E+02;3.27533e-15;1.40535e-15;-9.990E+02
03:53:25.735;+00:10:17.728;1.13E+21;0.8;-999/-999;194587.0;5.2448e-15;8.83371e-16;2.32191e-15;9.4997e-16;-9.990E+02;1.39716e-15;6.98579e-16;-9.990E+02;1.16693e-14;2.3426e-15;-9.990E+02
03:53:00.214;-00:05:59.167;1.10E+21;0.8;-999/-999;238223.0;2.92725e-15;7.39987e-16;8.37401e-16;6.30825e-16;-9.990E+02;1.7894e-15;8.66559e-16;-9.990E+02;5.71453e-15;1.83334e-15;-9.990E+02
03:53:07.171;+00:11:24.951;1.12E+21;0.283;+0.08/-0.07;88228.9;6.59993e-14;3.16652e-15;6.52023e-15;1.24859e-15;-9.990E+02;5.30707e-14;3.78098e-15;-9.990E+02;8.78206e-14;5.73168e-15;-9.990E+02
03:53:25.472;-00:05:59.362;1.12E+21;0.994;+0.21/-0.17;281122.0;1.03678e-14;1.05686e-15;9.40095e-15;1.75799e-15;-9.990E+02;1.08931e-14;1.74568e-15;-9.990E+02;1.02915e-14;1.94343e-15;-9.990E+02
03:53:44.062;-00:00:45.493;1.14E+21;0.8;-999/-999;293590.0;3.06716e-15;7.11678e-16;9.9677e-16;6.60579e-16;-9.990E+02;2.01455e-15;8.75721e-16;-9.990E+02;5.6035e-15;1.72856e-15;-9.990E+02
03:52:52.898;+00:10:41.327;1.11E+21;0.623;+0.11/-0.10;61719.7;4.15383e-14;2.49652e-15;2.44146e-14;2.85223e-15;-9.990E+02;2.85725e-14;3.0225e-15;-9.990E+02;4.80115e-14;4.74864e-15;-9.990E+02
03:53:46.852;+00:04:32.501;1.14E+21;0.438;+0.13/-0.11;210038.0;2.61129e-14;1.86824e-15;8.70238e-15;1.40047e-15;-9.990E+02;1.85064e-14;2.09248e-15;-9.990E+02;3.25619e-14;3.38182e-15;-9.990E+02
03:52:37.613;-00:02:24.149;1.08E+21;0.846;+0.17/-0.13;145440.0;1.6164e-14;1.36251e-15;1.24802e-14;1.93167e-15;-9.990E+02;1.41758e-14;1.95072e-15;-9.990E+02;1.70368e-14;2.52561e-15;-9.990E+02
03:52:32.700;+00:00:38.980;1.08E+21;0.8;-999/-999;133789.0;8.88278e-15;1.18231e-15;6.55728e-15;1.62941e-15;-9.990E+02;8.08777e-15;1.74897e-15;-9.990E+02;8.48455e-15;2.10831e-15;-9.990E+02
03:53:48.922;+00:03:22.595;1.14E+21;0.8;-999/-999;222884.0;6.50057e-15;9.89406e-16;3.98402e-15;1.21623e-15;-9.990E+02;6.36174e-15;1.46556e-15;-9.990E+02;6.63572e-15;1.77881e-15;-9.990E+02
03:53:48.230;+00:04:17.217;1.14E+21;0.736;+0.25/-0.19;209526.0;8.94794e-15;1.1386e-15;4.35427e-15;1.23085e-15;-9.990E+02;8.51374e-15;1.64475e-15;-9.990E+02;9.8675e-15;2.0579e-15;-9.990E+02
03:53:25.541;-00:06:19.436;1.11E+21;0.8;-999/-999;281027.0;2.35422e-15;6.55386e-16;1.46508e-15;8.15841e-16;-9.990E+02;1.33522e-15;7.43527e-16;-9.990E+02;3.7257e-15;1.4739e-15;-9.990E+02
03:53:46.442;-00:01:51.978;1.14E+21;0.8;-999/-999;295994.0;4.19369e-15;7.8111e-16;1.70325e-15;7.79929e-16;-9.990E+02;3.67096e-15;1.09681e-15;-9.990E+02;5.9585e-15;1.65265e-15;-9.990E+02
03:52:58.233;-00:07:01.566;1.10E+21;0.424;+0.14/-0.12;203819.0;2.21269e-14;1.76251e-15;7.74871e-15;1.38394e-15;-9.990E+02;1.4923e-14;1.98064e-15;-9.990E+02;2.77581e-14;3.30221e-15;-9.990E+02
03:53:48.278;-00:00:45.173;1.14E+21;0.8;-999/-999;291063.0;2.39714e-15;6.76962e-16;2.01321e-15;9.74474e-16;-9.990E+02;7.74797e-16;5.93762e-16;-9.990E+02;3.9514e-15;1.52157e-15;-9.990E+02
03:53:45.595;+00:07:13.425;1.14E+21;0.680;+0.28/-0.21;157509.0;9.03149e-15;1.27099e-15;1.27163e-15;7.25083e-16;-9.990E+02;1.07705e-14;2.0115e-15;-9.990E+02;1.02043e-14;2.32694e-15;-9.990E+02
03:52:54.518;-00:06:41.864;1.09E+21;0.8;-999/-999;197910.0;4.68624e-15;8.92944e-16;4.53099e-15;1.38263e-15;-9.990E+02;3.70665e-15;1.19117e-15;-9.990E+02;3.88553e-15;1.43797e-15;-9.990E+02
03:53:50.526;+00:04:23.012;1.14E+21;0.8;-999/-999;201866.0;6.20201e-15;9.72048e-16;6.79378e-16;5.29425e-16;-9.990E+02;4.88126e-15;1.30769e-15;-9.990E+02;1.18788e-14;2.39705e-15;-9.990E+02
03:53:26.964;-00:07:26.606;1.11E+21;0.8;-999/-999;262283.0;4.54114e-15;8.45103e-16;2.45783e-15;9.79439e-16;-9.990E+02;5.37687e-15;1.38844e-15;-9.990E+02;3.74917e-15;1.38329e-15;-9.990E+02
03:53:31.803;+00:11:57.939;1.13E+21;0.249;+0.17/-0.13;104852.0;2.4573e-14;2.15674e-15;8.09256e-15;1.54926e-15;-9.990E+02;1.26981e-14;2.08331e-15;-9.990E+02;3.31143e-14;4.11997e-15;-9.990E+02
03:52:40.099;-00:05:17.760;1.09E+21;1.979;+0.28/-0.21;140340.0;5.01111e-15;4.86066e-16;3.41016e-14;3.99651e-15;-9.990E+02;6.24056e-15;1.33348e-15;-9.990E+02;3.27908e-15;9.90789e-16;-9.990E+02
03:53:15.363;-00:08:19.173;1.10E+21;0.8;-999/-999;277858.0;4.06821e-15;7.91614e-16;1.34488e-15;7.16614e-16;-9.990E+02;4.00251e-15;1.1988e-15;-9.990E+02;5.58899e-15;1.67397e-15;-9.990E+02
03:53:52.545;-00:00:55.361;1.14E+21;0.8;-999/-999;269238.0;2.57246e-15;7.11678e-16;1.43963e-15;8.4332e-16;-9.990E+02;2.58632e-15;1.07325e-15;-9.990E+02;2.69743e-15;1.27308e-15;-9.990E+02
03:53:54.697;+00:01:40.317;1.15E+21;0.8;-999/-999;208022.0;7.64858e-15;1.11328e-15;3.02136e-15;1.11927e-15;-9.990E+02;8.10303e-15;1.71575e-15;-9.990E+02;9.00733e-15;2.14505e-15;-9.990E+02
03:53:35.405;+00:13:08.052;1.14E+21;0.164;+0.06/-0.05;60534.4;1.51172e-13;5.2063e-15;3.56944e-14;2.99352e-15;-9.990E+02;8.24146e-14;5.18513e-15;-9.990E+02;2.11039e-13;1.00937e-14;-9.990E+02
03:53:52.501;-00:03:48.764;1.14E+21;0.8;-999/-999;244639.0;5.1831e-15;9.37332e-16;2.06087e-15;-2.35859e-12;4.10731e-15;3.90894e-15;1.22601e-15;-9.990E+02;1.08738e-14;2.39596e-15;-9.990E+02
03:53:07.745;-00:10:07.219;1.10E+21;0.8;-999/-999;164554.0;7.18992e-15;1.153e-15;5.24123e-15;1.54505e-15;-9.990E+02;5.76533e-15;1.56543e-15;-9.990E+02;8.05055e-15;2.18593e-15;-9.990E+02
03:53:26.929;-00:09:37.739;1.11E+21;0.244;+0.22/-0.17;124198.0;1.90346e-14;2.17788e-15;1.35102e-15;7.2133e-16;-9.990E+02;1.53055e-14;2.56835e-15;-9.990E+02;2.56826e-14;4.15487e-15;-9.990E+02
03:53:04.760;-00:10:27.696;1.10E+21;0.452;+0.18/-0.15;136603.0;2.06699e-14;2.05379e-15;8.2455e-15;1.73622e-15;-9.990E+02;1.35681e-14;2.28217e-15;-9.990E+02;2.55996e-14;3.80583e-15;-9.990E+02
03:54:02.476;+00:02:49.777;1.15E+21;-0.379;+0.17/-0.14;149694.0;3.15408e-14;2.6394e-15;7.36977e-16;4.3488e-16;-9.990E+02;1.48847e-14;2.29961e-15;-9.990E+02;5.50438e-14;5.63627e-15;-9.990E+02
03:54:05.352;+00:00:14.864;1.16E+21;0.741;+0.14/-0.12;149412.0;2.81661e-14;2.1708e-15;2.04183e-14;2.79237e-15;-9.990E+02;2.09029e-14;2.7105e-15;-9.990E+02;3.09606e-14;3.89934e-15;-9.990E+02
03:53:35.085;-00:10:46.453;1.12E+21;-0.276;+0.20/-0.16;100370.0;3.42917e-14;3.38234e-15;5.11042e-15;1.40797e-15;-9.990E+02;1.19015e-14;2.54605e-15;-9.990E+02;5.73792e-14;7.43606e-15;-9.990E+02
03:54:02.632;-00:05:15.269;1.15E+21;0.912;+0.13/-0.12;102860.0;3.41718e-14;2.4201e-15;1.80742e-14;3.01145e-15;-9.990E+02;4.12819e-14;4.12819e-15;-9.990E+02;3.50787e-14;4.4887e-15;-9.990E+02
03:53:59.309;-00:08:44.562;1.15E+21;1.460;+0.12/-0.10;82706.3;4.41779e-14;2.36026e-15;9.26148e-14;7.79468e-15;-9.990E+02;6.49456e-14;5.46598e-15;-9.990E+02;3.60117e-14;4.51372e-15;-9.990E+02
03:54:06.260;-00:08:51.001;1.16E+21;0.762;+0.14/-0.12;80250.1;5.14282e-14;3.92854e-15;2.96297e-14;4.65629e-15;-9.990E+02;4.68102e-14;5.60065e-15;-9.990E+02;5.6114e-14;7.04598e-15;-9.990E+02
02:14:33.464;-00:46:00.017;2.65E+20;0.723;+0.01/-0.01;139145.0;3.76516e-12;2.04232e-14;2.06701e-12;1.92756e-14;-9.990E+02;3.39787e-12;2.99435e-14;-9.990E+02;4.16964e-12;4.12238e-14;-9.990E+02
02:14:34.858;-00:42:42.961;2.66E+20;0.991;+0.06/-0.06;139786.0;8.85383e-14;2.8885e-15;8.2258e-14;4.17934e-15;-9.990E+02;9.2685e-14;5.1604e-15;-9.990E+02;8.79288e-14;6.14786e-15;-9.990E+02
02:14:39.381;-00:50:21.564;2.64E+20;0.549;+0.24/-0.18;138344.0;1.24741e-14;1.57691e-15;4.57184e-15;1.13151e-15;-9.990E+02;1.0606e-14;2.16202e-15;-9.990E+02;1.482e-14;3.21464e-15;-9.990E+02
02:14:52.881;-00:47:19.322;2.67E+20;0.8;-999/-999;140280.0;3.62577e-15;8.49896e-16;2.88063e-15;1.00798e-15;-9.990E+02;2.34292e-15;1.082e-15;-9.990E+02;4.27512e-15;1.79441e-15;-9.990E+02
02:14:55.343;-00:47:02.713;2.67E+20;0.256;+0.24/-0.18;145098.0;1.32398e-14;1.74469e-15;2.56586e-15;8.03998e-16;-9.990E+02;9.46693e-15;2.00472e-15;-9.990E+02;1.7762e-14;3.55973e-15;-9.990E+02
02:14:32.175;-00:50:49.263;2.63E+20;0.8;-999/-999;143734.0;3.86304e-15;9.03474e-16;1.45878e-15;7.09481e-16;-9.990E+02;3.21231e-15;1.27487e-15;-9.990E+02;7.05645e-15;2.32701e-15;-9.990E+02
02:14:55.605;-00:44:31.476;2.68E+20;0.796;+0.27/-0.20;145591.0;8.7177e-15;1.21079e-15;5.41511e-15;1.27813e-15;-9.990E+02;8.3688e-15;1.91621e-15;-9.990E+02;9.38347e-15;2.50819e-15;-9.990E+02
02:14:51.041;-00:49:23.491;2.65E+20;0.8;-999/-999;144491.0;2.56445e-15;7.53445e-16;2.08756e-15;9.04683e-16;-9.990E+02;1.52983e-15;9.19883e-16;-9.990E+02;3.10226e-15;1.64621e-15;-9.990E+02
02:14:52.891;-00:49:36.003;2.66E+20;0.8;-999/-999;142932.0;2.66523e-15;7.53665e-16;2.53248e-15;9.65827e-16;-9.990E+02;5.29958e-16;5.33855e-16;-9.990E+02;4.02779e-15;1.82616e-15;-9.990E+02
02:14:19.450;-00:42:15.075;2.65E+20;0.814;+0.16/-0.13;141360.0;2.04288e-14;1.75994e-15;1.40642e-14;1.98032e-15;-9.990E+02;1.84785e-14;2.75956e-15;-9.990E+02;2.17991e-14;3.68739e-15;-9.990E+02
02:14:49.006;-00:50:41.231;2.65E+20;0.921;+0.17/-0.14;144830.0;1.49613e-14;1.35564e-15;1.42399e-14;1.86279e-15;-9.990E+02;1.21083e-14;2.04657e-15;-9.990E+02;1.52711e-14;2.82132e-15;-9.990E+02
02:14:14.688;-00:46:50.996;2.63E+20;0.8;-999/-999;141418.0;5.10463e-15;9.99297e-16;1.79904e-15;8.10353e-16;-9.990E+02;2.64004e-15;1.18917e-15;-9.990E+02;1.20498e-14;3.10645e-15;-9.990E+02
02:14:17.444;-00:49:07.202;2.62E+20;0.8;-999/-999;142610.0;2.60954e-15;8.07356e-16;8.11402e-16;5.99931e-16;-9.990E+02;2.38296e-15;1.23326e-15;-9.990E+02;4.83331e-15;2.18261e-15;-9.990E+02
02:14:36.845;-00:39:52.104;2.68E+20;0.616;+0.27/-0.20;142802.0;9.45095e-15;1.37843e-15;4.52097e-15;1.13899e-15;-9.990E+02;7.50782e-15;1.80468e-15;-9.990E+02;1.09462e-14;2.75773e-15;-9.990E+02
02:15:00.006;-00:47:19.911;2.67E+20;0.8;-999/-999;140872.0;4.38519e-15;9.18436e-16;1.54901e-15;7.4606e-16;-9.990E+02;2.72059e-15;1.18687e-15;-9.990E+02;9.6535e-15;2.77915e-15;-9.990E+02
02:15:01.316;-00:44:57.024;2.68E+20;-0.182;+0.23/-0.18;143568.0;1.56937e-14;2.13568e-15;1.40954e-15;5.55048e-16;-9.990E+02;7.85765e-15;1.84075e-15;-9.990E+02;2.52601e-14;4.24924e-15;-9.990E+02
02:14:15.023;-00:48:57.070;2.62E+20;0.8;-999/-999;143405.0;8.18577e-15;1.20419e-15;4.89976e-15;1.20252e-15;-9.990E+02;8.79535e-15;1.95275e-15;-9.990E+02;7.90738e-15;2.27526e-15;-9.990E+02
02:14:58.454;-00:48:44.742;2.67E+20;1.446;+0.16/-0.12;140288.0;1.57802e-14;1.06767e-15;2.6204e-14;2.61072e-15;-9.990E+02;3.16545e-14;3.23375e-15;-9.990E+02;1.28907e-14;2.41277e-15;-9.990E+02
02:14:26.680;-00:51:43.971;2.62E+20;0.8;-999/-999;144510.0;3.52774e-15;8.62092e-16;1.62112e-15;7.75474e-16;-9.990E+02;1.58769e-15;9.2946e-16;-9.990E+02;7.84813e-15;2.54512e-15;-9.990E+02
02:14:22.140;-00:40:54.521;2.66E+20;0.8;-999/-999;141677.0;4.50418e-15;9.45507e-16;2.22723e-15;9.01245e-16;-9.990E+02;5.12246e-15;1.66214e-15;-9.990E+02;4.96026e-15;2.00716e-15;-9.990E+02
02:14:46.943;-00:51:40.941;2.64E+20;0.8;-999/-999;143911.0;2.13079e-15;7.12088e-16;2.02289e-15;9.245e-16;-9.990E+02;1.69541e-15;1.0232e-15;-9.990E+02;1.28904e-15;1.08919e-15;-9.990E+02
02:14:38.667;-00:52:36.324;2.63E+20;0.191;+0.23/-0.18;138808.0;1.47694e-14;1.90269e-15;2.05495e-15;7.09747e-16;-9.990E+02;1.0862e-14;2.18942e-15;-9.990E+02;2.04029e-14;3.88667e-15;-9.990E+02
02:14:27.595;-00:52:31.736;2.61E+20;0.8;-999/-999;144981.0;3.68512e-15;8.75456e-16;1.02496e-15;6.13192e-16;-9.990E+02;2.00847e-15;1.0299e-15;-9.990E+02;9.16765e-15;2.74222e-15;-9.990E+02
02:14:28.843;-00:52:58.775;2.61E+20;0.8;-999/-999;145831.0;2.2543e-15;7.38666e-16;8.51e-16;6.07169e-16;-9.990E+02;2.918e-15;1.35102e-15;-9.990E+02;2.53699e-15;1.55128e-15;-9.990E+02
02:14:56.166;-00:40:42.612;2.69E+20;0.8;-999/-999;145530.0;3.92335e-15;9.05388e-16;1.80868e-15;8.16814e-16;-9.990E+02;3.08381e-15;1.29136e-15;-9.990E+02;6.69617e-15;2.33315e-15;-9.990E+02
02:14:08.633;-00:44:41.239;2.63E+20;0.8;-999/-999;142521.0;2.43801e-15;7.80273e-16;1.9851e-15;9.29323e-16;-9.990E+02;9.7067e-16;7.91126e-16;-9.990E+02;3.69036e-15;1.90847e-15;-9.990E+02
02:14:43.454;-00:53:18.201;2.63E+20;0.8;-999/-999;138006.0;3.59199e-15;8.89785e-16;1.7264e-15;8.15662e-16;-9.990E+02;2.53345e-15;1.19696e-15;-9.990E+02;6.42621e-15;2.34586e-15;-9.990E+02
02:14:25.572;-00:38:57.474;2.67E+20;0.588;+0.22/-0.18;139741.0;1.4997e-14;1.77804e-15;7.71326e-15;1.59776e-15;-9.990E+02;1.02866e-14;2.26989e-15;-9.990E+02;1.75784e-14;3.75098e-15;-9.990E+02
02:14:22.228;-00:52:57.620;2.50E+20;0.8;-999/-999;142605.0;6.81895e-15;1.11741e-15;2.89749e-15;9.63124e-16;-9.990E+02;6.96906e-15;1.8121e-15;-9.990E+02;9.80161e-15;2.64967e-15;-9.990E+02
02:14:54.361;-00:39:42.928;2.70E+20;0.8;-999/-999;145737.0;5.06479e-15;1.00171e-15;3.44549e-15;1.13361e-15;-9.990E+02;5.03276e-15;1.65585e-15;-9.990E+02;4.58612e-15;1.96633e-15;-9.990E+02
02:14:05.477;-00:45:04.731;2.62E+20;0.8;-999/-999;143055.0;5.81981e-15;1.05367e-15;2.73441e-15;9.95867e-16;-9.990E+02;4.01527e-15;1.46235e-15;-9.990E+02;1.06922e-14;2.94103e-15;-9.990E+02
02:14:31.346;-00:53:41.346;2.61E+20;0.8;-999/-999;143706.0;3.1749e-15;8.34419e-16;1.04857e-15;6.45237e-16;-9.990E+02;3.59705e-15;1.42218e-15;-9.990E+02;4.68778e-15;2.00374e-15;-9.990E+02
02:14:16.831;-00:52:27.640;2.50E+20;1.044;+0.17/-0.13;144704.0;1.49398e-14;1.3086e-15;1.40298e-14;1.86723e-15;-9.990E+02;1.80199e-14;2.4917e-15;-9.990E+02;1.44578e-14;2.69055e-15;-9.990E+02
02:14:34.224;-00:54:25.742;2.61E+20;0.8;-999/-999;141495.0;3.92177e-15;9.02814e-16;2.83104e-15;-1.58852e-12;3.04548e-15;4.73351e-15;1.61548e-15;-9.990E+02;8.23581e-15;2.58924e-15;-9.990E+02
02:14:06.359;-00:42:34.499;2.63E+20;0.8;-999/-999;142451.0;5.14022e-15;9.99297e-16;3.55947e-15;1.105e-15;-9.990E+02;4.74888e-15;1.55109e-15;-9.990E+02;5.05532e-15;1.96611e-15;-9.990E+02
02:15:02.658;-00:51:43.797;2.66E+20;0.8;-999/-999;113988.0;6.55552e-15;1.16476e-15;3.04527e-15;1.10273e-15;-9.990E+02;6.24189e-15;1.88886e-15;-9.990E+02;9.49172e-15;2.8723e-15;-9.990E+02
02:15:10.648;-00:48:01.767;2.68E+20;0.8;-999/-999;108483.0;6.0776e-15;1.15189e-15;4.7701e-15;1.32274e-15;-9.990E+02;4.36193e-15;1.53784e-15;-9.990E+02;6.6314e-15;2.33796e-15;-9.990E+02
02:14:10.325;-00:51:48.051;2.50E+20;0.8;-999/-999;146530.0;2.33294e-15;7.63112e-16;1.63578e-15;8.46555e-16;-9.990E+02;2.42132e-15;1.25309e-15;-9.990E+02;1.84453e-15;1.33614e-15;-9.990E+02
02:14:49.005;-00:37:51.687;2.70E+20;0.8;-999/-999;138152.0;4.26754e-15;9.74262e-16;2.38297e-15;9.61097e-16;-9.990E+02;4.6429e-15;1.6158e-15;-9.990E+02;4.40835e-15;1.93239e-15;-9.990E+02
02:14:48.018;-00:54:20.726;2.63E+20;0.8;-999/-999;117642.0;5.15665e-15;1.05405e-15;3.8949e-15;1.21939e-15;-9.990E+02;3.81398e-15;1.44875e-15;-9.990E+02;5.80137e-15;2.20366e-15;-9.990E+02
02:14:29.818;-00:54:54.259;2.49E+20;0.8;-999/-999;137536.0;6.90363e-15;1.13063e-15;4.03147e-15;1.11659e-15;-9.990E+02;5.22532e-15;1.54709e-15;-9.990E+02;1.02323e-14;2.68193e-15;-9.990E+02
02:15:08.624;-00:41:30.777;2.71E+20;0.537;+0.15/-0.12;102552.0;2.65286e-14;2.34766e-15;1.1008e-14;1.73225e-15;-9.990E+02;1.99457e-14;2.81455e-15;-9.990E+02;3.17045e-14;4.47383e-15;-9.990E+02
02:14:26.033;-00:54:37.789;2.49E+20;0.8;-999/-999;139152.0;3.54444e-15;8.71808e-16;2.32818e-15;9.30652e-16;-9.990E+02;3.44843e-15;1.37845e-15;-9.990E+02;3.50266e-15;1.7034e-15;-9.990E+02
02:15:12.335;-00:47:08.452;2.69E+20;0.551;+0.25/-0.19;105162.0;1.23082e-14;1.6599e-15;4.79571e-15;1.22204e-15;-9.990E+02;1.00503e-14;2.21351e-15;-9.990E+02;1.46137e-14;3.3682e-15;-9.990E+02
02:14:47.884;-00:37:21.446;2.70E+20;0.8;-999/-999;134033.0;7.92171e-15;1.2487e-15;4.24377e-15;1.20592e-15;-9.990E+02;8.05951e-15;2.00956e-15;-9.990E+02;9.42221e-15;2.67744e-15;-9.990E+02
02:14:53.433;-00:37:56.588;2.70E+20;0.8;-999/-999;134069.0;4.79721e-15;1.01543e-15;3.18101e-15;1.09722e-15;-9.990E+02;3.87381e-15;1.45702e-15;-9.990E+02;5.88821e-15;2.21468e-15;-9.990E+02
02:14:00.336;-00:45:51.507;2.51E+20;0.8;-999/-999;144751.0;4.9944e-15;1.03596e-15;2.62727e-15;1.04063e-15;-9.990E+02;5.18053e-15;1.75926e-15;-9.990E+02;5.91877e-15;2.34435e-15;-9.990E+02
02:14:02.441;-00:49:38.927;2.50E+20;0.8;-999/-999;144434.0;3.37405e-15;8.72128e-16;9.85816e-16;6.18434e-16;-9.990E+02;3.40533e-15;1.42387e-15;-9.990E+02;5.92405e-15;2.32384e-15;-9.990E+02
02:15:07.831;-00:51:26.417;2.67E+20;0.8;-999/-999;91861.7;8.0932e-15;1.31597e-15;2.38245e-15;-2.32145e-12;5.89683e-15;1.43842e-14;2.8779e-15;-9.990E+02;9.93902e-15;2.90413e-15;-9.990E+02
02:14:16.904;-00:37:58.676;2.66E+20;-0.438;+0.17/-0.14;128468.0;3.23242e-14;2.961e-15;1.98247e-15;6.04198e-16;-9.990E+02;1.29571e-14;2.28924e-15;-9.990E+02;5.77024e-14;6.56321e-15;-9.990E+02
02:15:04.197;-00:52:39.772;2.66E+20;0.8;-999/-999;93250.8;8.43283e-15;1.3703e-15;5.95267e-15;1.48853e-15;-9.990E+02;7.26567e-15;1.98911e-15;-9.990E+02;8.84529e-15;2.73493e-15;-9.990E+02
02:14:25.664;-00:37:05.697;2.67E+20;0.8;-999/-999;131070.0;7.80945e-15;1.26114e-15;2.83948e-15;1.04502e-15;-9.990E+02;6.52956e-15;1.93053e-15;-9.990E+02;1.44425e-14;3.50748e-15;-9.990E+02
02:14:50.975;-00:37:10.686;2.70E+20;0.8;-999/-999;125300.0;3.38933e-15;9.33096e-16;2.14106e-15;9.9725e-16;-9.990E+02;3.75331e-15;1.58922e-15;-9.990E+02;2.85198e-15;1.6905e-15;-9.990E+02
02:14:33.831;-00:36:19.711;2.69E+20;0.8;-999/-999;129285.0;3.02893e-15;8.9167e-16;1.33832e-15;7.79719e-16;-9.990E+02;2.44593e-15;1.28498e-15;-9.990E+02;5.20394e-15;2.32238e-15;-9.990E+02
02:13:57.403;-00:47:16.439;2.51E+20;0.8;-999/-999;144399.0;4.32512e-15;9.81432e-16;4.08554e-15;1.27419e-15;-9.990E+02;1.72673e-15;9.91904e-16;-9.990E+02;5.25958e-15;2.16555e-15;-9.990E+02
02:14:02.266;-00:50:57.111;2.50E+20;0.8;-999/-999;143531.0;4.49282e-15;1.0084e-15;2.18781e-15;9.3231e-16;-9.990E+02;2.59068e-15;1.23647e-15;-9.990E+02;8.8753e-15;2.84678e-15;-9.990E+02
02:14:02.436;-00:50:40.708;2.50E+20;0.8;-999/-999;144018.0;4.23663e-15;9.81144e-16;2.47469e-15;9.82711e-16;-9.990E+02;4.70969e-15;1.66253e-15;-9.990E+02;3.98742e-15;1.89947e-15;-9.990E+02
02:14:54.976;-00:55:07.070;2.63E+20;0.917;+0.20/-0.16;85943.0;1.59678e-14;1.60667e-15;1.54583e-14;2.35255e-15;-9.990E+02;1.23551e-14;2.43071e-15;-9.990E+02;1.6331e-14;3.43571e-15;-9.990E+02
02:14:48.082;-00:36:12.344;2.70E+20;0.8;-999/-999;119433.0;6.62773e-15;1.23498e-15;3.34843e-15;1.16467e-15;-9.990E+02;6.52133e-15;1.96703e-15;-9.990E+02;8.67339e-15;2.78788e-15;-9.990E+02
02:14:03.126;-00:51:35.090;2.50E+20;0.8;-999/-999;140813.0;6.3093e-15;1.13104e-15;4.55525e-15;1.26577e-15;-9.990E+02;4.81576e-15;1.58015e-15;-9.990E+02;7.33505e-15;2.40678e-15;-9.990E+02
02:14:40.560;-00:35:44.114;2.70E+20;0.8;-999/-999;124638.0;9.27882e-15;1.35848e-15;1.14356e-14;2.05904e-15;-9.990E+02;6.5355e-15;1.87984e-15;-9.990E+02;1.10384e-15;9.52457e-16;-9.990E+02
02:14:02.418;-00:39:52.871;2.64E+20;0.519;+0.15/-0.12;126241.0;2.72274e-14;2.37202e-15;1.06816e-14;1.69882e-15;-9.990E+02;2.05766e-14;2.97319e-15;-9.990E+02;3.28251e-14;4.74301e-15;-9.990E+02
02:14:16.834;-00:55:12.435;2.49E+20;0.8;-999/-999;132457.0;4.41898e-15;1.00803e-15;5.16286e-15;1.44312e-15;-9.990E+02;2.86756e-15;1.3081e-15;-9.990E+02;1.45621e-15;1.16648e-15;-9.990E+02
02:14:13.697;-00:54:45.617;2.49E+20;0.8;-999/-999;133882.0;3.51584e-15;9.26296e-16;2.63991e-15;1.06981e-15;-9.990E+02;3.25858e-15;1.44775e-15;-9.990E+02;2.97813e-15;1.70609e-15;-9.990E+02
02:14:02.565;-00:52:22.872;2.49E+20;0.8;-999/-999;135334.0;2.99412e-15;8.99052e-16;1.49921e-15;8.51169e-16;-9.990E+02;1.66553e-15;1.07264e-15;-9.990E+02;5.91855e-15;2.53275e-15;-9.990E+02
02:14:11.944;-00:37:08.639;2.66E+20;0.8;-999/-999;116610.0;7.00908e-15;1.24697e-15;4.49655e-15;1.32066e-15;-9.990E+02;1.64691e-15;9.67103e-16;-9.990E+02;1.50295e-14;3.64909e-15;-9.990E+02
02:13:58.129;-00:40:22.366;2.63E+20;0.8;-999/-999;115088.0;4.78978e-15;1.10881e-15;1.12552e-15;7.10687e-16;-9.990E+02;8.25831e-16;7.30216e-16;-9.990E+02;1.50771e-14;3.84765e-15;-9.990E+02
02:14:18.243;-00:35:30.532;2.67E+20;0.8;-999/-999;102064.0;5.56956e-15;1.24743e-15;2.06994e-15;1.00701e-15;-9.990E+02;3.78736e-15;1.65808e-15;-9.990E+02;1.15174e-14;3.50155e-15;-9.990E+02
02:14:16.639;-00:35:38.423;2.67E+20;0.8;-999/-999;100165.0;5.305e-15;1.23372e-15;3.1227e-15;1.24012e-15;-9.990E+02;9.14068e-16;8.09553e-16;-9.990E+02;1.25086e-14;3.69225e-15;-9.990E+02
02:13:51.413;-00:48:46.274;2.50E+20;0.8;-999/-999;113530.0;7.26728e-15;1.32182e-15;5.0951e-15;1.49557e-15;-9.990E+02;6.28312e-15;2.02672e-15;-9.990E+02;7.66357e-15;2.75468e-15;-9.990E+02
02:14:23.032;-00:34:45.461;2.68E+20;0.8;-999/-999;92941.4;6.89353e-15;1.3713e-15;3.48128e-15;1.32322e-15;-9.990E+02;5.09187e-15;1.93541e-15;-9.990E+02;1.1609e-14;3.60498e-15;-9.990E+02
02:15:14.561;-00:39:06.050;2.72E+20;0.622;+0.10/-0.09;43058.3;7.88121e-14;4.58026e-15;4.81219e-14;4.32044e-15;-9.990E+02;4.75045e-14;5.37257e-15;-9.990E+02;9.10456e-14;9.41462e-15;-9.990E+02
02:15:10.067;-00:36:39.447;2.82E+20;1.144;+0.12/-0.11;29839.1;5.33967e-14;3.30165e-15;5.30345e-14;5.29563e-15;-9.990E+02;7.87484e-14;7.57196e-15;-9.990E+02;4.9592e-14;7.01212e-15;-9.990E+02
02:14:06.846;-00:56:25.766;2.48E+20;1.977;+0.14/-0.12;70880.4;2.23763e-14;1.05915e-15;1.23193e-13;7.15124e-15;-9.990E+02;4.68288e-14;4.55167e-15;-9.990E+02;1.47201e-14;2.77766e-15;-9.990E+02
02:13:47.045;-00:42:44.671;2.52E+20;0.8;-999/-999;86287.8;7.85843e-15;1.49996e-15;1.96975e-15;1.00007e-15;-9.990E+02;8.7354e-15;2.56757e-15;-9.990E+02;1.33027e-14;3.91002e-15;-9.990E+02
02:13:44.587;-00:37:47.209;2.63E+20;0.058;+0.13/-0.11;36664.0;8.97459e-14;7.15539e-15;1.86236e-14;3.07051e-15;-9.990E+02;4.28731e-14;6.31913e-15;-9.990E+02;1.30695e-13;1.46487e-14;-9.990E+02
02:13:35.514;-00:47:56.561;2.50E+20;0.882;+0.13/-0.11;35655.6;6.57775e-14;4.56876e-15;2.51618e-14;3.93077e-15;-9.990E+02;1.00107e-13;9.48051e-15;-9.990E+02;6.82512e-14;9.47934e-15;-9.990E+02
23:51:56.131;-01:09:14.245;3.60E+20;0.893;+0.04/-0.05;5934.9;3.25792e-12;8.5046e-14;2.54518e-12;1.0583e-13;-9.990E+02;3.16066e-12;1.38625e-13;-9.990E+02;3.36713e-12;1.70934e-13;-9.990E+02
23:51:35.401;-01:01:31.923;3.44E+20;0.8;-999/-999;6391.6;2.14035e-14;8.72464e-15;7.81307e-15;7.32508e-15;-9.990E+02;2.17569e-14;1.44093e-14;-9.990E+02;3.28194e-14;2.17358e-14;-9.990E+02
23:51:28.239;-01:11:17.579;3.62E+20;0.8;-999/-999;6061.1;3.49487e-14;1.10409e-14;1.28587e-14;-2.02865e-11;1.06223e-13;6.63609e-14;2.51541e-14;-9.990E+02;3.33033e-14;2.18821e-14;-9.990E+02
23:51:57.336;-00:58:32.511;3.41E+20;0.8;-999/-999;4850.4;4.94982e-14;1.32145e-14;3.86696e-14;1.65621e-14;-9.990E+02;9.43973e-14;-3.35663e-11;1.18917e-13;1.08513e-13;3.80228e-14;-9.990E+02
01:08:35.448;-00:13:10.659;3.37E+20;0.8;-999/-999;1908.1;5.78547e-14;2.38663e-14;8.42062e-14;3.8322e-14;-9.990E+02;0;-6.06627e-11;1.946e-13;4.44267e-14;4.04467e-14;-9.990E+02
01:08:43.256;-00:18:59.136;3.41E+20;0.8;-999/-999;2074.5;7.10491e-14;2.67102e-14;8.6334e-14;4.03353e-14;-9.990E+02;0;-6.78402e-11;1.98838e-13;9.08771e-14;5.85712e-14;-9.990E+02
01:09:37.954;-00:15:01.999;3.13E+20;0.8;-999/-999;2113.1;5.78068e-14;2.64594e-14;2.60362e-14;2.45964e-14;-9.990E+02;3.69777e-14;3.49329e-14;-9.990E+02;1.11861e-13;7.26693e-14;-9.990E+02
03:36:47.260;+00:35:13.898;6.42E+20;1.476;+0.02/-0.02;5098.3;1.57324e-11;1.57573e-13;2.97076e-11;4.53661e-13;-9.990E+02;2.79133e-11;4.27803e-13;-9.990E+02;1.2747e-11;3.19224e-13;-9.990E+02
03:36:26.064;+00:38:33.753;6.53E+20;0.8;-999/-999;5230.3;3.05866e-14;1.14256e-14;1.58766e-14;1.18626e-14;-9.990E+02;3.67245e-14;1.94415e-14;-9.990E+02;2.68388e-14;2.00533e-14;-9.990E+02
03:36:21.395;+00:29:21.469;6.53E+20;0.8;-999/-999;5499.1;2.48893e-14;1.03448e-14;2.58444e-14;1.50366e-14;-9.990E+02;9.96555e-15;1.01324e-14;-9.990E+02;2.91152e-14;2.09475e-14;-9.990E+02
03:35:57.753;+00:34:21.848;6.66E+20;0.8;-999/-999;4587.6;7.01878e-14;1.85928e-14;5.8611e-14;2.51167e-14;-9.990E+02;1.00957e-13;3.40833e-14;-9.990E+02;8.18571e-14;-6.49978e-11;3.24393e-13
04:00:24.480;-00:00:19.054;1.10E+21;0.8;-999/-999;1701.5;7.81633e-14;3.4418e-14;0;-8.52766e-11;2.1349e-13;1.47944e-13;7.03566e-14;-9.990E+02;4.13225e-14;4.3664e-14;-9.990E+02
23:23:43.893;-01:00:37.606;4.14E+20;0.8;-999/-999;4909.4;2.85289e-14;1.15152e-14;1.34075e-14;1.06443e-14;-9.990E+02;5.35762e-14;2.40372e-14;-9.990E+02;0;-4.31528e-11;1.76618e-13
23:24:05.090;-00:58:45.795;4.19E+20;0.8;-999/-999;4895.2;4.33489e-14;1.4416e-14;1.63364e-14;1.21342e-14;-9.990E+02;6.50793e-14;2.886e-14;-9.990E+02;3.2475e-14;2.41214e-14;-9.990E+02
22:19:05.545;-01:00:43.016;4.98E+20;0.8;-999/-999;6591.6;3.09727e-14;1.01913e-14;1.50899e-14;9.92565e-15;-9.990E+02;3.81993e-14;1.77523e-14;-9.990E+02;2.83576e-14;1.86528e-14;-9.990E+02
22:19:06.821;-01:06:08.691;5.00E+20;0.8;-999/-999;6493.0;2.50208e-14;9.31077e-15;4.8777e-14;1.81509e-14;-9.990E+02;3.08394e-14;-2.29246e-11;4.52738e-14;2.2887e-14;-3.40304e-11;6.72065e-14
22:19:30.706;-00:58:15.699;4.92E+20;0.8;-999/-999;4418.1;8.25811e-14;1.62184e-14;7.12999e-14;2.04819e-14;-9.990E+02;9.05722e-14;2.60181e-14;-9.990E+02;3.36422e-14;1.99215e-14;-9.990E+02
22:19:02.123;-01:11:27.713;5.01E+20;0.8;-999/-999;6870.3;2.76609e-14;1.00531e-14;5.39447e-14;1.96058e-14;-9.990E+02;3.02972e-14;-2.47455e-11;5.00521e-14;1.12409e-14;-3.67291e-11;7.42908e-14
22:19:37.823;-00:59:32.975;4.91E+20;0.8;-999/-999;4234.7;1.03453e-13;1.91607e-14;5.02386e-14;1.82348e-14;-9.990E+02;9.57627e-14;2.83795e-14;-9.990E+02;1.42286e-13;4.21668e-14;-9.990E+02
22:18:29.654;-01:07:22.109;5.08E+20;0.8;-999/-999;6553.9;6.28156e-14;1.4815e-14;1.22858e-13;2.8976e-14;-9.990E+02;5.79682e-14;-3.64215e-11;6.81035e-14;8.59792e-14;-5.40209e-11;1.01012e-13
22:18:27.086;-01:08:48.000;5.09E+20;0.8;-999/-999;6822.8;3.10754e-14;1.12624e-14;6.08067e-14;2.20377e-14;-9.990E+02;2.8681e-14;-2.7682e-11;1.01182e-13;4.25362e-14;-4.10545e-11;1.50061e-13
03:39:30.075;+00:00:19.709;6.04E+20;0.8;-999/-999;1614.9;8.11051e-14;3.35082e-14;0;-6.81402e-11;2.17813e-13;7.85416e-14;5.14392e-14;-9.990E+02;1.73032e-13;9.29876e-14;-9.990E+02
22:33:32.403;+00:24:14.332;5.28E+20;0.8;-999/-999;6653.8;3.03127e-14;1.0134e-14;4.27066e-14;1.66564e-14;-9.990E+02;0;-2.48243e-11;7.0201e-14;3.14329e-14;1.93108e-14;-9.990E+02
22:33:23.108;+00:32:23.667;5.41E+20;0.8;-999/-999;6810.9;2.55051e-14;9.27458e-15;1.68604e-14;1.10346e-14;-9.990E+02;2.08034e-14;1.36152e-14;-9.990E+02;3.07521e-14;2.01263e-14;-9.990E+02
22:33:31.903;+00:36:05.340;5.45E+20;0.8;-999/-999;6136.1;3.02535e-14;1.01844e-14;2.00316e-14;-2.02071e-11;6.62466e-14;2.46549e-14;1.49401e-14;-9.990E+02;7.28808e-14;3.11055e-14;-9.990E+02
22:33:26.291;+00:22:53.958;5.26E+20;0.8;-999/-999;7113.4;2.59453e-14;9.53216e-15;4.26162e-14;1.7657e-14;-9.990E+02;1.06098e-14;9.82061e-15;-9.990E+02;6.28526e-14;-3.45851e-11;1.03691e-13
22:34:30.600;+00:25:40.133;5.34E+20;0.8;-999/-999;5369.1;8.8529e-14;1.79148e-14;4.37737e-14;1.7294e-14;-9.990E+02;8.13317e-14;2.58148e-14;-9.990E+02;1.20312e-13;3.81871e-14;-9.990E+02
22:34:31.442;+00:24:25.328;5.32E+20;0.8;-999/-999;5162.3;6.17688e-14;1.492e-14;3.48689e-14;1.56041e-14;-9.990E+02;8.64668e-14;2.79582e-14;-9.990E+02;3.19918e-14;2.00476e-14;-9.990E+02
22:34:37.781;+00:31:38.544;5.40E+20;0.8;-999/-999;2744.8;1.87386e-13;2.84145e-14;1.48625e-13;3.60447e-14;-9.990E+02;1.83492e-13;4.45007e-14;-9.990E+02;1.35634e-13;4.52293e-14;-9.990E+02
22:33:04.481;+00:29:40.417;5.38E+20;0.8;-999/-999;4530.2;8.29503e-14;1.79352e-14;1.64286e-13;3.55212e-14;-9.990E+02;8.12231e-14;-4.38678e-11;2.23693e-13;6.0051e-14;-6.48659e-11;3.30767e-13
22:34:42.061;+00:26:45.976;5.34E+20;0.978;+0.09/-0.08;1008.0;1.606e-12;7.6169e-14;1.91179e-12;1.29564e-13;-9.990E+02;1.1202e-12;1.07661e-13;-9.990E+02;1.60061e-12;1.53831e-13;-9.990E+02
00:27:49.295;-01:07:05.687;2.38E+20;0.8;-999/-999;61097.1;8.57425e-15;1.89966e-15;2.71888e-15;1.40795e-15;-9.990E+02;8.11002e-15;2.99651e-15;-9.990E+02;1.54643e-14;5.18258e-15;-9.990E+02
00:27:47.341;-01:07:00.093;2.38E+20;0.840;+0.26/-0.19;59549.9;1.98748e-14;2.622e-15;1.40519e-14;2.93532e-15;-9.990E+02;1.87638e-14;4.06104e-15;-9.990E+02;2.09282e-14;5.3266e-15;-9.990E+02
00:27:59.234;-01:05:20.767;2.39E+20;0.8;-999/-999;59245.2;2.05359e-14;2.7146e-15;1.05338e-14;2.65238e-15;-9.990E+02;2.72256e-14;5.08493e-15;-9.990E+02;1.59707e-14;4.73845e-15;-9.990E+02
00:27:40.107;-01:05:27.921;2.38E+20;0.8;-999/-999;61229.2;6.37472e-15;1.62828e-15;3.33648e-15;1.57122e-15;-9.990E+02;3.31815e-15;1.9207e-15;-9.990E+02;1.26536e-14;4.73836e-15;-9.990E+02
00:27:38.498;-01:04:53.882;2.38E+20;0.8;-999/-999;59966.7;9.28934e-15;1.89966e-15;3.88783e-15;1.65641e-15;-9.990E+02;8.69964e-15;3.08936e-15;-9.990E+02;1.47428e-14;4.71144e-15;-9.990E+02
00:27:28.133;-01:08:30.456;2.38E+20;0.8;-999/-999;59887.5;7.54029e-15;1.76397e-15;5.75248e-15;2.10482e-15;-9.990E+02;7.35798e-15;2.89906e-15;-9.990E+02;5.61065e-15;3.09447e-15;-9.990E+02
00:27:30.383;-01:06:33.451;2.38E+20;0.8;-999/-999;59923.5;4.95268e-15;1.49259e-15;3.98722e-15;1.83743e-15;-9.990E+02;3.96498e-15;2.19327e-15;-9.990E+02;4.53698e-15;2.89201e-15;-9.990E+02
00:28:14.216;-01:07:56.270;2.38E+20;0.8;-999/-999;58070.4;5.22814e-15;1.49259e-15;3.03833e-15;1.50686e-15;-9.990E+02;5.44081e-15;2.45278e-15;-9.990E+02;5.53527e-15;3.0864e-15;-9.990E+02
00:28:09.616;-01:13:38.067;2.38E+20;0.8;-999/-999;54086.5;9.62313e-15;2.03535e-15;6.10032e-15;2.12967e-15;-9.990E+02;4.55107e-15;2.33026e-15;-9.990E+02;1.73542e-14;5.49219e-15;-9.990E+02
00:28:10.831;-01:04:59.002;2.39E+20;0.8;-999/-999;51714.3;1.04132e-14;2.03595e-15;6.05786e-15;2.09917e-15;-9.990E+02;1.08373e-14;3.37053e-15;-9.990E+02;1.10115e-14;4.03845e-15;-9.990E+02
00:27:25.139;-01:05:13.337;2.39E+20;0.8;-999/-999;58962.6;5.23782e-15;1.49303e-15;2.49371e-15;1.40032e-15;-9.990E+02;1.23874e-15;1.18966e-15;-9.990E+02;1.32192e-14;4.81222e-15;-9.990E+02
00:27:43.666;-01:02:05.451;2.39E+20;0.8;-999/-999;51693.4;6.07256e-15;1.62876e-15;1.0593e-15;8.84049e-16;-9.990E+02;1.10562e-14;3.5312e-15;-9.990E+02;4.81868e-15;2.83607e-15;-9.990E+02
00:28:08.323;-01:15:36.408;2.38E+20;0.8;-999/-999;54541.1;5.95679e-15;1.76397e-15;8.65593e-16;8.74348e-16;-9.990E+02;3.87318e-15;2.24658e-15;-9.990E+02;1.5755e-14;5.5245e-15;-9.990E+02
00:28:14.482;-01:04:42.602;2.39E+20;1.087;+0.25/-0.19;38245.8;2.12972e-14;2.49576e-15;2.55201e-14;4.16945e-15;-9.990E+02;2.11507e-14;4.50623e-15;-9.990E+02;2.03083e-14;5.4106e-15;-9.990E+02
00:27:47.551;-01:00:56.967;2.39E+20;0.8;-999/-999;34485.0;1.78078e-14;2.7146e-15;1.81262e-14;3.59256e-15;-9.990E+02;1.93086e-14;4.62587e-15;-9.990E+02;1.41292e-14;-1.07584e-11;3.89091e-14
00:28:24.831;-01:08:53.343;2.39E+20;0.637;+0.18/-0.14;22369.0;5.32855e-14;5.10279e-15;2.0783e-14;3.91142e-15;-9.990E+02;5.19168e-14;7.73564e-15;-9.990E+02;6.10814e-14;1.05433e-14;-9.990E+02
00:27:16.156;-01:09:04.664;2.39E+20;0.8;-999/-999;61013.5;4.35015e-15;1.49303e-15;2.16856e-15;1.38256e-15;-9.990E+02;4.76359e-15;-3.88079e-12;1.06748e-14;1.23307e-14;5.01199e-15;-9.990E+02
00:27:16.289;-01:07:15.089;2.39E+20;0.8;-999/-999;60173.5;1.24695e-14;2.17168e-15;1.08795e-14;2.67843e-15;-9.990E+02;8.11117e-15;2.82496e-15;-9.990E+02;1.23684e-14;4.30768e-15;-9.990E+02
00:27:23.892;-01:15:22.428;2.38E+20;0.8;-999/-999;61500.5;5.71119e-15;1.62828e-15;5.43302e-15;2.12967e-15;-9.990E+02;1.35085e-15;1.29753e-15;-9.990E+02;8.23829e-15;3.95761e-15;-9.990E+02
00:27:14.525;-01:11:57.139;2.39E+20;0.8;-999/-999;58433.4;1.19673e-14;2.30741e-15;9.48938e-15;2.68317e-15;-9.990E+02;9.90502e-15;3.50189e-15;-9.990E+02;1.07854e-14;4.57691e-15;-9.990E+02
00:28:01.208;-01:18:32.029;2.38E+20;0.8;-999/-999;54425.0;1.16259e-14;2.17104e-15;3.85944e-15;1.60175e-15;-9.990E+02;8.63962e-15;3.0417e-15;-9.990E+02;2.41549e-14;6.29448e-15;-9.990E+02
00:28:20.777;-01:15:19.853;2.39E+20;0.8;-999/-999;55451.1;6.52047e-15;1.76449e-15;3.41258e-15;1.7205e-15;-9.990E+02;3.39384e-15;2.10636e-15;-9.990E+02;1.29338e-14;4.94091e-15;-9.990E+02
00:27:17.945;-01:04:19.807;2.39E+20;0.8;-999/-999;38206.7;1.06209e-14;2.30741e-15;9.26677e-15;2.89868e-15;-9.990E+02;1.10527e-14;3.84195e-15;-9.990E+02;4.21345e-15;2.89261e-15;-9.990E+02
00:27:53.492;-01:19:10.550;2.38E+20;0.8;-999/-999;53446.3;6.74651e-15;1.76397e-15;1.80975e-15;1.23048e-15;-9.990E+02;8.10296e-15;3.21294e-15;-9.990E+02;1.02952e-14;4.5499e-15;-9.990E+02
00:28:29.669;-01:13:00.037;2.39E+20;0.8;-999/-999;33634.4;1.15085e-14;2.44314e-15;1.00388e-14;2.98393e-15;-9.990E+02;1.19743e-14;4.02557e-15;-9.990E+02;4.5656e-15;3.03691e-15;-9.990E+02
00:27:12.286;-01:04:34.423;2.39E+20;0.8;-999/-999;26073.7;1.91786e-14;3.12179e-15;1.11613e-14;3.17812e-15;-9.990E+02;1.66425e-14;4.73887e-15;-9.990E+02;2.53776e-14;7.22613e-15;-9.990E+02
00:28:04.105;-01:19:34.193;2.38E+20;0.8;-999/-999;53222.7;1.02582e-14;2.17104e-15;1.376e-15;1.06365e-15;-9.990E+02;6.16107e-15;2.69004e-15;-9.990E+02;2.81825e-14;7.38215e-15;-9.990E+02
00:28:09.616;-01:19:05.946;2.39E+20;0.8;-999/-999;50515.8;6.02913e-15;1.76449e-15;3.82464e-15;1.75934e-15;-9.990E+02;2.8518e-15;1.9238e-15;-9.990E+02;1.08715e-14;4.66683e-15;-9.990E+02
00:28:19.068;-01:18:11.646;2.39E+20;0.8;-999/-999;41019.1;1.64505e-14;2.85033e-15;4.7814e-15;1.95376e-15;-9.990E+02;1.0696e-14;3.70776e-15;-9.990E+02;3.80584e-14;8.48075e-15;-9.990E+02
00:27:59.516;-01:20:33.474;2.38E+20;0.8;-999/-999;49256.9;1.50209e-14;2.57811e-15;1.63701e-15;1.12399e-15;-9.990E+02;1.70956e-14;4.38513e-15;-9.990E+02;2.97978e-14;7.08062e-15;-9.990E+02
00:27:22.090;-01:18:47.833;2.38E+20;0.877;+0.23/-0.18;48087.0;2.87809e-14;3.4263e-15;2.59788e-14;4.38423e-15;-9.990E+02;2.16957e-14;5.01265e-15;-9.990E+02;2.98962e-14;7.11815e-15;-9.990E+02
23:41:46.218;-01:21:03.715;3.36E+20;0.8;-999/-999;15588.5;1.37224e-14;4.49088e-15;5.5449e-15;3.78595e-15;-9.990E+02;2.7163e-14;1.00379e-14;-9.990E+02;0;-1.72408e-11;3.87203e-14
23:41:46.989;-01:20:32.192;3.36E+20;0.8;-999/-999;15710.1;2.70014e-14;6.03462e-15;2.72905e-14;8.08759e-15;-9.990E+02;2.29157e-14;8.89121e-15;-9.990E+02;1.15298e-14;7.72788e-15;-9.990E+02
23:41:33.579;-01:17:47.808;3.36E+20;0.8;-999/-999;15205.0;5.6978e-14;8.28006e-15;6.9107e-14;1.28028e-14;-9.990E+02;3.38287e-14;1.0538e-14;-9.990E+02;2.18948e-14;1.04998e-14;-9.990E+02
23:41:32.225;-01:17:04.091;3.36E+20;0.8;-999/-999;15535.8;1.10237e-14;4.2102e-15;8.02121e-15;4.85562e-15;-9.990E+02;1.12239e-14;6.79432e-15;-9.990E+02;8.47209e-15;7.10232e-15;-9.990E+02
23:41:28.647;-01:17:05.886;3.36E+20;0.8;-999/-999;14999.2;1.3373e-14;4.63122e-15;9.12151e-15;5.20792e-15;-9.990E+02;2.12689e-14;9.43061e-15;-9.990E+02;1.02787e-14;-1.77801e-11;4.25762e-14
23:41:18.423;-01:18:03.881;3.36E+20;0.8;-999/-999;15572.2;2.15422e-14;5.6136e-15;3.9187e-15;3.23452e-15;-9.990E+02;2.74095e-14;1.02415e-14;-9.990E+02;3.31064e-14;1.366e-14;-9.990E+02
23:42:12.513;-01:25:49.424;3.36E+20;0.8;-999/-999;15781.5;9.29051e-15;3.92952e-15;4.82753e-15;3.79361e-15;-9.990E+02;1.01308e-14;6.53355e-15;-9.990E+02;1.01978e-14;8.0137e-15;-9.990E+02
23:42:14.397;-01:24:40.286;3.36E+20;0.8;-999/-999;15828.6;1.89459e-14;5.33292e-15;1.29253e-14;5.85635e-15;-9.990E+02;1.8086e-14;8.19463e-15;-9.990E+02;1.82007e-14;1.00522e-14;-9.990E+02
23:41:09.380;-01:23:30.378;3.36E+20;0.8;-999/-999;15773.1;1.12665e-14;4.35054e-15;1.13885e-14;5.83082e-15;-9.990E+02;3.18747e-15;3.69008e-15;-9.990E+02;1.44365e-14;9.68008e-15;-9.990E+02
23:41:27.105;-01:14:49.387;3.36E+20;0.8;-999/-999;15481.5;1.22826e-14;4.49088e-15;6.3848e-15;4.48545e-15;-9.990E+02;1.34029e-14;7.6195e-15;-9.990E+02;1.34874e-14;9.47515e-15;-9.990E+02
23:41:54.103;-01:30:58.645;3.36E+20;0.8;-999/-999;15481.7;2.10931e-14;5.6136e-15;1.09673e-14;-1.02014e-11;3.62257e-14;3.06888e-14;1.07166e-14;-9.990E+02;3.47458e-14;1.41022e-14;-9.990E+02
23:41:41.643;-01:31:57.445;3.36E+20;0.271;+0.26/-0.19;14873.4;9.94108e-14;1.43698e-14;1.05197e-14;4.8667e-15;-9.990E+02;8.66729e-14;1.80398e-14;-9.990E+02;1.32699e-13;2.85007e-14;-9.990E+02
23:42:12.071;-01:29:21.043;3.36E+20;0.8;-999/-999;14909.1;1.77249e-14;5.33292e-15;7.16599e-15;4.5365e-15;-9.990E+02;1.50461e-14;7.88027e-15;-9.990E+02;3.02806e-14;1.35521e-14;-9.990E+02
23:41:07.003;-01:30:02.997;3.36E+20;0.8;-999/-999;15329.9;1.1143e-14;4.63122e-15;6.75753e-15;4.76882e-15;-9.990E+02;1.41816e-14;8.23035e-15;-9.990E+02;7.13467e-15;7.05378e-15;-9.990E+02
23:40:55.173;-01:22:03.380;3.36E+20;0.8;-999/-999;14746.9;2.59068e-14;6.73632e-15;5.89209e-15;4.34759e-15;-9.990E+02;4.12232e-14;1.35529e-14;-9.990E+02;2.48932e-14;1.29427e-14;-9.990E+02
03:06:17.517;-00:08:26.236;6.24E+20;0.8;-999/-999;8878.6;2.70192e-14;8.11801e-15;2.07885e-14;1.02905e-14;-9.990E+02;1.62961e-14;9.79467e-15;-9.990E+02;3.58307e-14;1.77366e-14;-9.990E+02
03:06:24.344;-00:03:12.882;6.27E+20;0.8;-999/-999;9414.6;1.79208e-14;6.7452e-15;2.45354e-14;1.13197e-14;-9.990E+02;7.20254e-15;6.64423e-15;-9.990E+02;1.05535e-14;9.73543e-15;-9.990E+02
03:06:04.788;-00:15:29.018;6.34E+20;0.8;-999/-999;9536.0;5.49084e-14;1.15193e-14;3.3262e-14;1.2963e-14;-9.990E+02;6.22794e-14;1.90021e-14;-9.990E+02;4.55725e-14;1.96952e-14;-9.990E+02
03:05:51.686;-00:10:04.062;6.39E+20;0.8;-999/-999;9734.3;1.92558e-14;7.3824e-15;1.3255e-14;8.78053e-15;-9.990E+02;1.54547e-14;1.02377e-14;-9.990E+02;2.26177e-14;1.49827e-14;-9.990E+02
03:06:09.288;-00:16:51.747;6.32E+20;0.8;-999/-999;9456.8;4.66517e-14;1.08992e-14;1.92121e-14;1.00975e-14;-9.990E+02;3.74769e-14;1.53237e-14;-9.990E+02;7.68287e-14;2.66083e-14;-9.990E+02
03:06:26.208;-00:17:47.471;6.29E+20;0.8;-999/-999;9180.4;3.14582e-14;9.04942e-15;2.58651e-14;1.19091e-14;-9.990E+02;3.03298e-14;1.39648e-14;-9.990E+02;2.22238e-14;1.47039e-14;-9.990E+02
03:06:27.265;-00:18:16.527;6.29E+20;0.8;-999/-999;9080.8;3.03079e-14;9.04942e-15;3.11637e-14;1.31801e-14;-9.990E+02;1.82659e-14;1.091e-14;-9.990E+02;2.67585e-14;1.59825e-14;-9.990E+02
03:06:07.170;-00:18:20.444;6.31E+20;0.8;-999/-999;9859.3;1.80481e-14;7.36656e-15;6.19027e-15;6.21869e-15;-9.990E+02;1.45005e-14;1.02428e-14;-9.990E+02;3.18578e-14;1.83399e-14;-9.990E+02
03:22:27.165;+00:54:04.996;7.04E+20;1.040;+0.10/-0.09;15284.3;3.58808e-13;1.81216e-14;3.33074e-13;2.87238e-14;-9.990E+02;4.16566e-13;3.31315e-14;-9.990E+02;3.48542e-13;3.54879e-14;-9.990E+02
03:22:36.729;+00:54:30.427;7.14E+20;0.8;-999/-999;17080.7;1.7797e-14;5.17902e-15;3.78881e-15;3.39122e-15;-9.990E+02;1.69423e-14;7.58761e-15;-9.990E+02;3.07549e-14;1.23964e-14;-9.990E+02
03:22:13.852;+00:55:11.732;7.01E+20;0.427;+0.15/-0.12;16671.6;2.25724e-13;1.78047e-14;9.77412e-14;1.49091e-14;-9.990E+02;1.28962e-13;1.94362e-14;-9.990E+02;2.82835e-13;3.59104e-14;-9.990E+02
03:22:14.475;+00:56:55.673;7.15E+20;0.8;-999/-999;16760.9;4.04851e-14;7.53504e-15;1.72481e-14;7.10451e-15;-9.990E+02;4.2407e-14;1.20533e-14;-9.990E+02;5.03666e-14;1.57925e-14;-9.990E+02
03:22:44.987;+00:51:06.387;7.06E+20;0.8;-999/-999;16941.9;1.03566e-14;4.07186e-15;2.74596e-15;3.06e-15;-9.990E+02;9.25262e-15;5.8636e-15;-9.990E+02;1.79331e-14;9.99174e-15;-9.990E+02
03:22:51.850;+00:54:13.136;7.15E+20;0.8;-999/-999;16998.7;1.01707e-14;4.08148e-15;3.61076e-15;3.51715e-15;-9.990E+02;8.07041e-15;5.55214e-15;-9.990E+02;1.75773e-14;9.73805e-15;-9.990E+02
03:22:39.179;+00:49:40.141;7.03E+20;0.8;-999/-999;15829.5;1.17258e-14;4.38172e-15;1.06496e-14;5.99641e-15;-9.990E+02;7.98455e-15;5.66008e-15;-9.990E+02;1.16076e-14;8.22836e-15;-9.990E+02
03:22:00.461;+00:56:09.723;6.98E+20;0.8;-999/-999;16556.0;1.11475e-14;4.21956e-15;1.68349e-14;7.40432e-15;-9.990E+02;7.59577e-15;5.3547e-15;-9.990E+02;1.10481e-14;-1.46277e-11;3.64581e-14
03:22:30.705;+00:48:10.429;6.98E+20;0.8;-999/-999;16780.2;1.37042e-14;4.6884e-15;6.44242e-15;4.67728e-15;-9.990E+02;1.81709e-14;8.23341e-15;-9.990E+02;1.05708e-14;7.67454e-15;-9.990E+02
03:21:57.612;+00:56:00.145;6.97E+20;0.8;-999/-999;15729.7;3.31385e-14;6.87456e-15;2.50316e-14;8.68081e-15;-9.990E+02;3.38949e-14;1.0708e-14;-9.990E+02;2.46611e-14;1.09394e-14;-9.990E+02
03:23:06.537;+00:52:59.527;7.16E+20;0.8;-999/-999;14446.2;2.23611e-14;6.12417e-15;2.04182e-14;8.62161e-15;-9.990E+02;7.60439e-15;5.46694e-15;-9.990E+02;3.311e-14;1.39807e-14;-9.990E+02
03:22:18.770;+00:45:12.083;6.91E+20;0.8;-999/-999;16997.8;2.12614e-14;5.92762e-15;6.40544e-15;4.5927e-15;-9.990E+02;2.17661e-14;9.24744e-15;-9.990E+02;3.16818e-14;1.34601e-14;-9.990E+02
03:23:10.734;+00:54:16.173;7.17E+20;0.615;+0.27/-0.20;12817.8;8.45334e-14;1.22848e-14;4.12393e-14;1.09865e-14;-9.990E+02;6.54429e-14;1.52523e-14;-9.990E+02;9.81782e-14;2.28817e-14;-9.990E+02
03:21:53.208;+00:48:44.680;6.88E+20;0.8;-999/-999;17281.3;1.94981e-14;5.61096e-15;1.17345e-14;6.2711e-15;-9.990E+02;1.99612e-14;8.75536e-15;-9.990E+02;1.93811e-14;1.03575e-14;-9.990E+02
22:12:38.658;+00:30:16.086;3.66E+20;0.8;-999/-999;18434.3;2.00987e-14;4.9609e-15;6.17074e-15;3.65596e-15;-9.990E+02;2.964e-14;9.72225e-15;-9.990E+02;1.91213e-14;9.44195e-15;-9.990E+02
22:12:42.100;+00:30:07.038;3.66E+20;0.8;-999/-999;17374.3;1.14653e-14;3.82698e-15;1.58434e-14;6.04278e-15;-9.990E+02;1.69136e-14;-9.66848e-12;2.39435e-14;1.09149e-14;7.07337e-15;-9.990E+02
22:12:42.250;+00:29:32.176;3.67E+20;0.8;-999/-999;17369.8;1.41426e-14;4.2534e-15;1.30325e-14;5.57156e-15;-9.990E+02;1.07272e-14;5.94443e-15;-9.990E+02;1.0764e-14;7.24076e-15;-9.990E+02
22:12:26.369;+00:32:53.559;3.64E+20;0.8;-999/-999;18223.8;2.34697e-14;5.24068e-15;2.01612e-14;6.57872e-15;-9.990E+02;1.58346e-14;6.93165e-15;-9.990E+02;2.3836e-14;1.04343e-14;-9.990E+02
22:12:21.335;+00:33:32.920;3.63E+20;0.8;-999/-999;18758.0;3.28795e-14;5.9472e-15;2.0164e-14;6.30531e-15;-9.990E+02;4.4365e-14;1.09694e-14;-9.990E+02;1.67032e-14;8.06567e-15;-9.990E+02
22:13:02.764;+00:30:14.032;3.68E+20;0.8;-999/-999;19009.8;1.76153e-14;4.68039e-15;1.24985e-14;5.43459e-15;-9.990E+02;2.0561e-14;8.10749e-15;-9.990E+02;1.03164e-14;6.92255e-15;-9.990E+02
22:12:17.277;+00:32:27.164;3.64E+20;0.8;-999/-999;18538.9;1.39473e-14;4.2492e-15;1.14104e-14;5.10288e-15;-9.990E+02;7.84201e-15;5.14318e-15;-9.990E+02;1.7707e-14;9.15026e-15;-9.990E+02
22:12:25.751;+00:36:15.659;3.61E+20;0.8;-999/-999;17985.7;2.26982e-14;5.23587e-15;1.85416e-14;-9.61551e-12;1.83595e-14;1.53201e-14;6.84315e-15;-9.990E+02;6.34452e-14;1.70644e-14;-9.990E+02
22:12:12.543;+00:26:35.139;3.73E+20;0.8;-999/-999;18443.9;1.00792e-14;3.69356e-15;8.27694e-15;-6.81738e-12;1.74989e-14;1.81799e-14;7.77498e-15;-9.990E+02;1.09377e-14;7.34935e-15;-9.990E+02
22:13:14.737;+00:34:09.703;3.63E+20;0.8;-999/-999;18902.3;2.0886e-14;5.3808e-15;2.0349e-14;7.2016e-15;-9.990E+02;1.55457e-14;7.4288e-15;-9.990E+02;1.40434e-14;8.6969e-15;-9.990E+02
22:13:11.431;+00:23:53.073;3.80E+20;0.8;-999/-999;19068.2;1.64734e-14;4.69854e-15;6.78725e-15;4.1721e-15;-9.990E+02;9.23579e-15;5.67721e-15;-9.990E+02;3.47001e-14;1.33566e-14;-9.990E+02
22:13:08.695;+00:36:54.912;3.58E+20;0.8;-999/-999;19051.2;1.76713e-14;4.94795e-15;1.62257e-14;6.46329e-15;-9.990E+02;1.34306e-14;6.99109e-15;-9.990E+02;1.34867e-14;8.351e-15;-9.990E+02
22:12:29.831;+00:41:02.448;3.56E+20;0.8;-999/-999;16247.5;2.23913e-14;5.6508e-15;8.21341e-15;4.60822e-15;-9.990E+02;2.26974e-14;9.09472e-15;-9.990E+02;3.41957e-14;1.3702e-14;-9.990E+02
22:13:17.023;+00:37:13.734;3.58E+20;0.493;+0.22/-0.17;15582.5;1.07085e-13;1.30699e-14;5.97765e-14;1.13963e-14;-9.990E+02;4.93904e-14;1.28261e-14;-9.990E+02;1.3065e-13;2.62172e-14;-9.990E+02
22:13:13.689;+00:38:18.136;3.56E+20;0.8;-999/-999;15859.6;2.63892e-14;6.21588e-15;1.0756e-14;5.42982e-15;-9.990E+02;2.97154e-14;1.05019e-14;-9.990E+02;3.35808e-14;1.39394e-14;-9.990E+02
22:13:27.964;+00:35:45.453;3.62E+20;0.8;-999/-999;9554.9;5.9083e-14;9.76695e-15;6.20935e-14;1.36137e-14;-9.990E+02;4.27476e-14;1.32722e-14;-9.990E+02;3.21758e-14;1.41079e-14;-9.990E+02
01:22:24.232;+00:56:49.819;3.19E+20;0.8;-999/-999;18885.5;2.42259e-14;5.16335e-15;1.45801e-14;5.35731e-15;-9.990E+02;3.09398e-14;9.26161e-15;-9.990E+02;1.55973e-14;8.06553e-15;-9.990E+02
01:22:26.640;+00:56:03.014;3.19E+20;0.8;-999/-999;19181.2;2.16023e-14;4.88425e-15;1.23173e-14;4.96168e-15;-9.990E+02;2.3236e-14;8.05667e-15;-9.990E+02;2.19646e-14;9.43495e-15;-9.990E+02
01:22:20.975;+00:59:05.707;3.17E+20;0.8;-999/-999;17885.4;1.59391e-14;4.32295e-15;5.22825e-15;3.39912e-15;-9.990E+02;7.4062e-15;4.8151e-15;-9.990E+02;3.92156e-14;1.32839e-14;-9.990E+02
01:22:41.100;+00:54:11.236;3.20E+20;0.8;-999/-999;15796.3;2.43724e-14;5.44401e-15;2.371e-14;7.19217e-15;-9.990E+02;4.78833e-15;3.73654e-15;-9.990E+02;3.61985e-14;1.28695e-14;-9.990E+02
01:22:30.783;+01:03:07.829;3.16E+20;0.8;-999/-999;17759.4;1.45126e-14;4.32171e-15;1.52732e-14;5.88048e-15;-9.990E+02;9.27631e-15;5.42752e-15;-9.990E+02;9.35356e-15;6.74427e-15;-9.990E+02
01:21:54.113;+01:01:22.701;3.14E+20;0.8;-999/-999;18710.0;9.59149e-15;3.62206e-15;7.40538e-15;4.29763e-15;-9.990E+02;7.00803e-15;4.97011e-15;-9.990E+02;1.06041e-14;7.52044e-15;-9.990E+02
01:22:31.162;+00:48:09.066;3.22E+20;0.8;-999/-999;13908.3;2.90555e-14;6.14636e-15;1.57578e-14;6.13745e-15;-9.990E+02;3.70885e-14;1.12407e-14;-9.990E+02;2.24291e-14;1.06215e-14;-9.990E+02
01:21:39.242;+00:57:56.260;3.14E+20;0.8;-999/-999;18906.9;1.96148e-14;5.01516e-15;1.96331e-14;6.63974e-15;-9.990E+02;1.11444e-14;6.02113e-15;-9.990E+02;1.6863e-14;9.11079e-15;-9.990E+02
01:22:54.482;+01:01:08.702;3.18E+20;0.8;-999/-999;10178.2;5.31216e-14;8.37e-15;5.47895e-14;1.13784e-14;-9.990E+02;3.87818e-14;1.13529e-14;-9.990E+02;2.93341e-14;1.23784e-14;-9.990E+02
01:21:59.471;+01:06:49.610;3.12E+20;0.8;-999/-999;17655.1;1.38385e-14;4.45504e-15;1.42338e-14;-8.01296e-12;2.34248e-14;2.0225e-14;8.73046e-15;-9.990E+02;2.29594e-14;1.138e-14;-9.990E+02
01:21:34.148;+00:52:38.139;3.19E+20;0.8;-999/-999;16348.8;4.06509e-14;7.39615e-15;2.59046e-14;7.98052e-15;-9.990E+02;3.66472e-14;1.129e-14;-9.990E+02;4.61935e-14;1.56836e-14;-9.990E+02
01:21:15.929;+00:52:34.862;3.18E+20;0.386;+0.16/-0.14;4808.4;3.09192e-13;2.98736e-14;7.59141e-14;1.67868e-14;-9.990E+02;2.43638e-13;3.71745e-14;-9.990E+02;3.94234e-13;6.01525e-14;-9.990E+02
20:41:53.296;+00:29:11.890;5.57E+20;0.8;-999/-999;3581.7;1.35787e-13;2.70522e-14;1.20488e-13;3.60024e-14;-9.990E+02;1.10487e-13;3.79901e-14;-9.990E+02;1.08667e-13;4.42785e-14;-9.990E+02
21:11:18.574;-01:13:50.673;4.78E+20;0.8;-999/-999;4222.1;6.62599e-14;1.76184e-14;9.59952e-14;2.9777e-14;-9.990E+02;4.10143e-14;2.17968e-14;-9.990E+02;0;-6.48048e-11;4.03584e-13
21:11:25.778;-01:04:00.924;5.06E+20;0.8;-999/-999;4617.1;3.9606e-14;1.40657e-14;2.57984e-14;1.63107e-14;-9.990E+02;1.62526e-14;1.45432e-14;-9.990E+02;7.22956e-14;3.76727e-14;-9.990E+02
21:11:23.058;-01:20:59.584;4.61E+20;0.8;-999/-999;4790.8;4.27956e-14;1.4606e-14;3.51843e-14;1.81272e-14;-9.990E+02;6.07271e-14;2.77242e-14;-9.990E+02;7.91613e-14;-5.3981e-11;1.49461e-13
21:11:56.765;-01:15:47.143;4.68E+20;0.8;-999/-999;3705.2;5.29713e-14;1.75644e-14;4.36966e-14;-3.37578e-11;2.24508e-13;1.31315e-13;4.3542e-14;-9.990E+02;9.78142e-14;-6.47952e-11;4.30923e-13
00:00:11.977;+00:02:27.101;2.83E+20;0.8;-999/-999;965.4;1.47902e-13;5.5136e-14;2.19144e-13;8.87997e-14;-9.990E+02;0;-1.41846e-10;4.1993e-13;9.62889e-14;8.94458e-14;-9.990E+02
23:59:40.175;-00:03:06.684;3.30E+20;0.8;-999/-999;952.6;2.03507e-13;6.58282e-14;1.67853e-13;8.08388e-14;-9.990E+02;2.82962e-13;1.23722e-13;-9.990E+02;1.30548e-13;-2.53168e-10;4.71233e-13
02:39:22.946;-00:01:21.204;2.99E+20;0.901;+0.18/-0.15;1156.0;1.45518e-12;1.39799e-13;1.13871e-12;1.76377e-13;-9.990E+02;1.44186e-12;2.32729e-13;-9.990E+02;1.50043e-12;2.9217e-13;-9.990E+02
00:32:37.979;-01:00:36.525;2.44E+20;0.8;-999/-999;951.5;1.52977e-13;5.16724e-14;0;-9.02499e-11;2.95286e-13;1.98748e-13;9.62824e-14;-9.990E+02;3.02906e-13;1.46741e-13;-9.990E+02
03:06:39.652;+00:03:43.013;6.31E+20;0.836;+0.10/-0.09;7725.2;7.22555e-13;3.8831e-14;4.83422e-13;4.47731e-14;-9.990E+02;6.99765e-13;5.9611e-14;-9.990E+02;7.63568e-13;7.53909e-14;-9.990E+02
03:06:07.485;+00:09:24.729;6.34E+20;0.8;-999/-999;7755.4;1.73557e-14;7.37232e-15;8.94056e-15;7.69679e-15;-9.990E+02;1.04539e-14;8.99962e-15;-9.990E+02;3.06128e-14;1.83785e-14;-9.990E+02
03:06:37.389;+00:10:43.884;6.32E+20;0.8;-999/-999;7932.2;4.7803e-14;1.18203e-14;4.92074e-14;1.62223e-14;-9.990E+02;2.16057e-14;1.21532e-14;-9.990E+02;5.27235e-14;2.28048e-14;-9.990E+02
03:05:59.115;+00:12:06.597;6.34E+20;0.8;-999/-999;7567.3;4.60924e-14;1.198e-14;4.7472e-14;-2.46601e-11;5.71563e-14;6.05772e-14;2.13149e-14;-9.990E+02;7.39042e-14;2.86081e-14;-9.990E+02
03:06:15.885;+00:16:07.547;6.32E+20;0.8;-999/-999;7593.9;2.23971e-14;9.36411e-15;1.97493e-14;1.29703e-14;-9.990E+02;2.31188e-14;1.51832e-14;-9.990E+02;1.12859e-14;1.29222e-14;-9.990E+02
03:04:35.360;+00:45:32.469;6.38E+20;0.8;-999/-999;21643.8;2.18954e-14;4.92032e-15;2.12688e-14;6.9341e-15;-9.990E+02;2.48121e-14;8.08931e-15;-9.990E+02;4.5397e-15;4.22922e-15;-9.990E+02
03:04:48.258;+00:44:09.483;6.36E+20;0.8;-999/-999;22772.7;1.48393e-14;4.14936e-15;7.06392e-15;4.14835e-15;-9.990E+02;1.37503e-14;6.05533e-15;-9.990E+02;2.01294e-14;8.8645e-15;-9.990E+02
03:04:51.478;+00:44:32.203;6.36E+20;0.8;-999/-999;23079.8;1.46088e-14;4.14936e-15;8.61044e-15;4.52864e-15;-9.990E+02;1.7596e-14;7.05468e-15;-9.990E+02;1.10427e-14;6.88679e-15;-9.990E+02
03:04:53.173;+00:45:32.353;6.35E+20;0.8;-999/-999;23555.0;1.18679e-14;3.84075e-15;1.11222e-14;5.45974e-15;-9.990E+02;5.19606e-15;3.82673e-15;-9.990E+02;1.522e-14;8.4092e-15;-9.990E+02
03:04:47.322;+00:42:06.188;6.36E+20;0.8;-999/-999;23203.5;1.76578e-14;4.45672e-15;2.42816e-14;7.35231e-15;-9.990E+02;8.50929e-15;4.90792e-15;-9.990E+02;8.30099e-15;5.83562e-15;-9.990E+02
03:05:00.858;+00:49:13.573;6.34E+20;0.8;-999/-999;24146.3;1.95981e-14;4.6077e-15;1.57101e-14;5.95615e-15;-9.990E+02;1.3122e-14;5.87639e-15;-9.990E+02;2.30544e-14;9.24345e-15;-9.990E+02
03:05:04.908;+00:43:41.360;6.34E+20;0.8;-999/-999;23053.6;1.55433e-14;4.30052e-15;1.33491e-14;5.63967e-15;-9.990E+02;1.56087e-14;6.59429e-15;-9.990E+02;9.1405e-15;6.20384e-15;-9.990E+02
03:04:23.561;+00:38:55.186;6.41E+20;0.8;-999/-999;23762.3;1.2402e-14;3.84725e-15;1.424e-14;5.85756e-15;-9.990E+02;1.32659e-14;6.09226e-15;-9.990E+02;7.27745e-15;-1.35307e-11;3.20685e-14
03:05:09.891;+00:49:09.023;6.32E+20;0.8;-999/-999;24081.0;1.43593e-14;4.14477e-15;4.54782e-15;3.22361e-15;-9.990E+02;5.32372e-15;3.77359e-15;-9.990E+02;3.50714e-14;1.20282e-14;-9.990E+02
03:04:02.327;+00:45:51.992;6.43E+20;1.131;+0.05/-0.05;22444.1;8.47971e-13;2.3402e-14;8.78488e-13;4.07045e-14;-9.990E+02;1.1113e-12;4.5842e-14;-9.990E+02;7.9315e-13;4.47859e-14;-9.990E+02
03:04:10.410;+00:52:22.324;6.44E+20;0.8;-999/-999;23387.9;1.36261e-14;4.15854e-15;5.63692e-15;3.776e-15;-9.990E+02;9.83254e-15;5.36826e-15;-9.990E+02;2.39741e-14;1.03505e-14;-9.990E+02
03:05:03.768;+00:38:26.464;6.34E+20;0.8;-999/-999;14805.0;3.88276e-14;6.75796e-15;8.88676e-15;4.64276e-15;-9.990E+02;4.15566e-14;1.08536e-14;-9.990E+02;6.08464e-14;1.58916e-14;-9.990E+02
03:04:00.011;+00:48:29.993;6.44E+20;0.8;-999/-999;21777.6;2.318e-14;5.23668e-15;1.59867e-14;6.3029e-15;-9.990E+02;2.23029e-14;8.01719e-15;-9.990E+02;2.17468e-14;9.38046e-15;-9.990E+02
03:05:16.346;+00:39:12.515;6.32E+20;0.144;+0.26/-0.19;11252.5;9.96221e-14;1.35707e-14;3.52914e-14;8.77422e-15;-9.990E+02;3.46245e-14;1.0428e-14;-9.990E+02;1.40094e-13;2.69176e-14;-9.990E+02
00:03:40.934;+00:04:30.576;2.92E+20;0.8;-999/-999;8428.3;2.43632e-14;7.46658e-15;3.10734e-14;1.12767e-14;-9.990E+02;8.94771e-15;7.38062e-15;-9.990E+02;1.35698e-14;1.11932e-14;-9.990E+02
00:03:17.866;+00:08:52.398;2.91E+20;0.8;-999/-999;8802.4;2.22672e-14;7.18744e-15;2.48346e-14;1.01829e-14;-9.990E+02;7.15594e-15;6.51994e-15;-9.990E+02;2.17069e-14;1.40114e-14;-9.990E+02
00:03:35.700;+00:02:04.675;2.91E+20;0.8;-999/-999;9235.2;1.59229e-14;6.2199e-15;4.7351e-15;4.64139e-15;-9.990E+02;1.36439e-14;9.30202e-15;-9.990E+02;3.1046e-14;1.71963e-14;-9.990E+02
00:03:26.322;+00:11:56.461;2.92E+20;0.8;-999/-999;8673.0;2.64372e-14;7.74312e-15;1.17926e-14;6.98472e-15;-9.990E+02;3.39644e-14;1.41216e-14;-9.990E+02;2.57491e-14;1.52512e-14;-9.990E+02
00:03:55.132;+00:07:34.380;2.92E+20;0.8;-999/-999;9179.6;4.74957e-14;1.00937e-14;5.08675e-14;1.44137e-14;-9.990E+02;4.06876e-14;1.55643e-14;-9.990E+02;1.2341e-14;1.04926e-14;-9.990E+02
00:03:15.062;+00:02:16.602;2.90E+20;0.8;-999/-999;9321.0;2.68484e-14;7.73808e-15;2.87337e-14;-1.37853e-11;3.96259e-14;4.31653e-14;1.59161e-14;-9.990E+02;3.92689e-14;1.84624e-14;-9.990E+02
00:03:30.149;-00:00:08.863;2.92E+20;0.8;-999/-999;9174.8;6.38393e-14;1.17529e-14;8.68278e-14;1.79826e-14;-9.990E+02;2.34389e-14;1.16519e-14;-9.990E+02;2.36959e-14;1.43943e-14;-9.990E+02
00:04:02.764;+00:09:45.528;2.93E+20;0.8;-999/-999;9582.8;2.66958e-14;7.88424e-15;2.64795e-14;1.04461e-14;-9.990E+02;2.28693e-14;1.17634e-14;-9.990E+02;1.15598e-14;1.02395e-14;-9.990E+02
00:03:37.810;-00:01:34.554;2.93E+20;0.8;-999/-999;8710.0;1.91712e-14;7.05432e-15;5.70593e-15;5.22426e-15;-9.990E+02;3.2838e-14;1.48091e-14;-9.990E+02;1.24491e-14;1.13982e-14;-9.990E+02
00:02:51.385;+00:07:57.497;2.89E+20;0.8;-999/-999;7672.8;5.95202e-14;1.18792e-14;3.85858e-14;1.28685e-14;-9.990E+02;6.95876e-14;2.06809e-14;-9.990E+02;4.22212e-14;1.99655e-14;-9.990E+02
00:39:50.052;-00:23:27.046;2.14E+20;0.8;-999/-999;4226.0;3.29305e-14;1.3183e-14;4.73627e-14;1.92515e-14;-9.990E+02;0;-3.44667e-11;9.48098e-14;2.19602e-14;2.06953e-14;-9.990E+02
00:39:12.177;-00:19:39.940;2.16E+20;0.8;-999/-999;4270.0;4.94055e-14;1.61544e-14;2.13309e-14;1.39524e-14;-9.990E+02;8.07832e-14;3.38064e-14;-9.990E+02;2.469e-14;2.29299e-14;-9.990E+02
21:56:14.861;-00:37:04.922;6.34E+20;0.750;+0.18/-0.15;15945.7;1.21633e-13;1.19483e-14;6.73728e-14;1.23621e-14;-9.990E+02;1.13499e-13;1.7454e-14;-9.990E+02;1.33128e-13;2.30736e-14;-9.990E+02
21:56:06.675;-00:40:58.716;6.55E+20;0.8;-999/-999;15964.0;1.1257e-14;4.17096e-15;6.60721e-15;-8.65872e-12;2.57578e-14;4.50716e-15;4.19927e-15;-9.990E+02;3.29157e-14;1.36909e-14;-9.990E+02
21:56:15.232;-00:30:58.952;6.13E+20;0.8;-999/-999;15862.7;1.76216e-14;5.0391e-15;1.20035e-14;5.88319e-15;-9.990E+02;9.46818e-15;5.65507e-15;-9.990E+02;2.77861e-14;1.18078e-14;-9.990E+02
21:56:18.621;-00:30:48.355;6.09E+20;0.8;-999/-999;15723.3;1.95696e-14;5.33855e-15;1.33049e-14;6.29004e-15;-9.990E+02;1.57804e-14;7.46037e-15;-9.990E+02;2.31647e-14;1.09514e-14;-9.990E+02
21:55:37.104;-00:38:56.342;6.80E+20;0.8;-999/-999;14621.0;3.58963e-14;6.99885e-15;2.15301e-14;7.83744e-15;-9.990E+02;2.45299e-14;8.92944e-15;-9.990E+02;5.3631e-14;1.59413e-14;-9.990E+02
21:55:50.135;-00:30:22.949;6.37E+20;0.8;-999/-999;16428.4;1.15674e-14;4.30416e-15;4.77281e-15;3.89753e-15;-9.990E+02;1.11424e-14;6.5744e-15;-9.990E+02;1.63097e-14;9.62326e-15;-9.990E+02
21:56:13.731;-00:28:00.165;6.04E+20;0.8;-999/-999;15885.5;1.12831e-14;4.41699e-15;5.74139e-15;4.49514e-15;-9.990E+02;1.09295e-14;-1.06824e-11;4.49494e-14;3.00896e-14;1.36367e-14;-9.990E+02
21:56:13.068;-00:46:26.040;6.67E+20;0.8;-999/-999;12482.6;1.89696e-14;5.73426e-15;4.40205e-15;4.046e-15;-9.990E+02;3.5377e-14;1.20734e-14;-9.990E+02;7.37256e-15;6.77625e-15;-9.990E+02
21:56:28.850;-00:28:55.727;5.96E+20;0.8;-999/-999;15869.6;1.30223e-14;4.71107e-15;1.13269e-14;6.3109e-15;-9.990E+02;4.50909e-15;4.31016e-15;-9.990E+02;1.98947e-14;1.10845e-14;-9.990E+02
21:56:26.579;-00:27:38.133;5.94E+20;0.8;-999/-999;16563.1;2.00647e-14;5.77182e-15;1.1619e-14;6.31749e-15;-9.990E+02;2.7803e-14;1.06365e-14;-9.990E+02;1.02177e-14;7.81897e-15;-9.990E+02
21:56:28.740;-00:27:53.554;5.93E+20;0.8;-999/-999;16509.8;1.246e-14;4.70704e-15;1.00974e-14;5.99014e-15;-9.990E+02;1.20863e-14;7.17002e-15;-9.990E+02;8.89094e-15;7.41814e-15;-9.990E+02
21:55:37.226;-00:28:44.613;6.44E+20;0.8;-999/-999;8166.9;5.0534e-14;9.70326e-15;5.22586e-14;1.41258e-14;-9.990E+02;6.07587e-14;1.64234e-14;-9.990E+02;3.55601e-14;-3.41078e-11;2.93553e-13
01:48:33.809;+01:29:00.908;2.33E+20;1.179;+0.27/-0.20;4806.5;1.54369e-13;1.886e-14;2.32215e-13;3.69039e-14;-9.990E+02;1.43131e-13;3.4095e-14;-9.990E+02;1.41573e-13;4.17637e-14;-9.990E+02
01:48:31.803;+01:22:56.674;2.34E+20;0.8;-999/-999;5178.0;2.53231e-14;9.89077e-15;4.4086e-14;1.72192e-14;-9.990E+02;1.6911e-14;-2.5737e-11;5.4523e-14;1.80586e-14;-3.9267e-11;8.31859e-14
01:49:04.318;+01:24:29.684;2.36E+20;0.8;-999/-999;5164.3;4.81751e-14;1.32878e-14;1.8648e-14;1.06766e-14;-9.990E+02;4.1794e-14;1.92168e-14;-9.990E+02;8.50181e-14;3.51756e-14;-9.990E+02
01:47:56.929;+01:32:10.953;2.31E+20;0.140;+0.16/-0.13;2518.2;7.82624e-13;7.0788e-14;8.96011e-14;2.38437e-14;-9.990E+02;5.72404e-13;7.97964e-14;-9.990E+02;1.1018e-12;1.46617e-13;-9.990E+02
21:54:29.997;+00:38:13.869;5.34E+20;0.8;-999/-999;4613.0;6.91511e-14;1.64219e-14;1.70874e-14;1.1488e-14;-9.990E+02;1.0587e-13;3.09455e-14;-9.990E+02;6.26443e-14;2.97534e-14;-9.990E+02
21:54:27.355;+00:38:39.429;5.35E+20;0.8;-999/-999;4635.8;5.99112e-14;1.64263e-14;2.37042e-14;1.44027e-14;-9.990E+02;8.80702e-14;3.11062e-14;-9.990E+02;4.34136e-14;2.63782e-14;-9.990E+02
21:54:36.006;+00:41:04.796;5.31E+20;0.665;+0.27/-0.20;4852.1;2.08118e-13;2.9637e-14;1.10092e-13;2.76212e-14;-9.990E+02;1.68654e-13;3.83489e-14;-9.990E+02;2.35997e-13;5.81311e-14;-9.990E+02
21:54:28.070;+00:37:59.411;5.35E+20;0.8;-999/-999;4659.2;3.51224e-14;1.2693e-14;2.12319e-14;-2.50807e-11;7.64443e-14;7.1685e-14;2.82607e-14;-9.990E+02;2.12064e-14;1.92318e-14;-9.990E+02
21:54:29.425;+00:37:13.372;5.34E+20;0.8;-999/-999;4588.7;7.00021e-14;1.64219e-14;2.30675e-14;1.27159e-14;-9.990E+02;8.57567e-14;2.74897e-14;-9.990E+02;8.45536e-14;3.32264e-14;-9.990E+02
21:54:25.401;+00:43:13.045;5.36E+20;0.8;-999/-999;4272.8;1.0352e-13;2.09132e-14;1.86222e-14;1.24148e-14;-9.990E+02;1.38232e-13;3.75666e-14;-9.990E+02;1.36275e-13;4.59463e-14;-9.990E+02
21:54:23.363;+00:46:55.174;5.37E+20;0.8;-999/-999;4681.2;5.10269e-14;1.4942e-14;9.18459e-15;-2.95504e-11;1.33435e-13;7.49586e-14;2.87433e-14;-9.990E+02;7.39006e-14;3.36177e-14;-9.990E+02
21:54:19.609;+00:48:27.744;5.38E+20;0.8;-999/-999;4576.2;3.80974e-14;1.36009e-14;6.85855e-15;-2.69103e-11;1.6618e-13;9.32603e-14;3.32942e-14;-9.990E+02;5.51279e-14;-4.91823e-11;3.03717e-13
21:55:16.139;+00:32:51.832;5.11E+20;0.8;-999/-999;2409.5;2.96412e-13;4.00356e-14;2.63761e-13;5.38964e-14;-9.990E+02;3.97534e-13;7.38538e-14;-9.990E+02;4.32183e-13;-1.45846e-10;6.48924e-13
22:10:46.663;-00:13:26.665;4.47E+20;0.8;-999/-999;9735.0;4.24074e-14;9.59838e-15;1.90276e-14;8.99806e-15;-9.990E+02;3.72808e-14;1.45323e-14;-9.990E+02;6.48816e-14;2.3473e-14;-9.990E+02
22:11:08.400;-00:03:02.350;4.22E+20;1.372;+0.08/-0.07;8926.9;6.32449e-13;2.51604e-14;9.04192e-13;5.69869e-14;-9.990E+02;1.15923e-12;6.74107e-14;-9.990E+02;5.34924e-13;5.53072e-14;-9.990E+02
22:10:38.876;-00:10:53.847;4.42E+20;0.8;-999/-999;9751.9;1.40902e-14;5.808e-15;1.91462e-14;9.37142e-15;-9.990E+02;1.5761e-14;-1.44551e-11;3.30558e-14;1.49741e-14;1.14898e-14;-9.990E+02
22:10:55.602;-00:17:05.966;4.57E+20;0.8;-999/-999;9677.0;1.34574e-14;5.8352e-15;4.29579e-15;4.46896e-15;-9.990E+02;1.50098e-14;-1.44807e-11;3.67816e-14;4.15498e-14;1.9597e-14;-9.990E+02
22:11:15.076;-00:00:33.428;4.17E+20;0.8;-999/-999;9474.5;1.12158e-13;1.58477e-14;9.96807e-14;2.04135e-14;-9.990E+02;7.79769e-14;2.04644e-14;-9.990E+02;1.05078e-13;2.9072e-14;-9.990E+02
22:11:35.833;-00:01:13.951;4.20E+20;0.8;-999/-999;9716.2;1.50555e-14;6.34524e-15;1.34017e-14;-1.19501e-11;6.23873e-14;2.51189e-14;1.30898e-14;-9.990E+02;1.87974e-14;1.37538e-14;-9.990E+02
22:11:55.900;-00:10:43.208;4.47E+20;0.504;+0.16/-0.14;5162.0;3.33782e-13;3.22668e-14;1.50244e-13;2.5824e-14;-9.990E+02;2.15365e-13;3.7017e-14;-9.990E+02;4.05668e-13;6.19948e-14;-9.990E+02
22:41:50.717;+01:03:34.767;5.40E+20;0.8;-999/-999;10375.8;1.80656e-14;6.2811e-15;2.04589e-14;9.45283e-15;-9.990E+02;6.31647e-15;5.69434e-15;-9.990E+02;1.86706e-14;1.22054e-14;-9.990E+02
22:41:44.552;+01:03:43.334;5.40E+20;0.8;-999/-999;10984.5;1.64355e-14;5.83245e-15;1.22125e-14;7.06369e-15;-9.990E+02;5.02463e-15;5.02097e-15;-9.990E+02;2.97182e-14;1.48456e-14;-9.990E+02
22:41:41.201;+00:58:53.479;5.36E+20;0.8;-999/-999;11377.6;2.3841e-14;6.87148e-15;1.57283e-14;7.89521e-15;-9.990E+02;2.91974e-14;1.1943e-14;-9.990E+02;1.43903e-14;1.00354e-14;-9.990E+02
22:41:23.005;+01:06:09.274;5.41E+20;0.8;-999/-999;11434.0;3.18776e-14;8.22745e-15;1.40514e-14;7.74798e-15;-9.990E+02;5.20452e-14;1.63565e-14;-9.990E+02;1.2817e-14;1.00415e-14;-9.990E+02
22:42:24.227;+00:55:17.506;5.37E+20;0.8;-999/-999;10633.2;2.27716e-14;7.32158e-15;2.00493e-14;9.60758e-15;-9.990E+02;6.19716e-15;6.04351e-15;-9.990E+02;3.6669e-14;1.75717e-14;-9.990E+02
22:42:26.787;+01:11:46.356;5.50E+20;-1.296;+0.11/-0.11;2488.7;1.22471e-12;6.51196e-14;4.61602e-14;1.01752e-14;-9.990E+02;2.3435e-13;-1.12028e-10;8.19885e-13;3.41398e-12;1.8812e-13;-9.990E+02
01:31:28.359;+00:32:27.861;2.43E+20;0.880;+0.21/-0.16;11197.3;1.32126e-13;1.3948e-14;8.59396e-14;1.61411e-14;-9.990E+02;1.49062e-13;2.54122e-14;-9.990E+02;1.37144e-13;2.9942e-14;-9.990E+02
01:31:21.983;+00:32:35.264;2.44E+20;0.8;-999/-999;11124.6;2.49523e-14;6.93498e-15;3.96567e-15;3.65659e-15;-9.990E+02;2.35706e-14;1.08684e-14;-9.990E+02;5.39038e-14;2.00537e-14;-9.990E+02
01:31:32.495;+00:33:20.877;2.42E+20;0.8;-999/-999;10574.3;6.44479e-14;1.05986e-14;5.63065e-14;1.30701e-14;-9.990E+02;4.6557e-14;1.45853e-14;-9.990E+02;5.67558e-14;1.97676e-14;-9.990E+02
01:31:32.336;+00:33:46.037;2.42E+20;0.8;-999/-999;10156.2;3.12116e-14;8.01692e-15;4.09006e-14;1.20731e-14;-9.990E+02;1.01415e-14;7.54521e-15;-9.990E+02;1.54598e-14;1.15019e-14;-9.990E+02
01:31:32.932;+00:34:13.342;2.42E+20;0.8;-999/-999;9659.4;2.21484e-14;7.06576e-15;1.28992e-14;7.2211e-15;-9.990E+02;3.83972e-14;1.52494e-14;-9.990E+02;1.09688e-14;-2.7974e-11;9.6711e-14
01:31:37.157;+00:33:17.481;2.42E+20;0.8;-999/-999;10578.3;3.49076e-14;8.28868e-15;1.82949e-14;7.94036e-15;-9.990E+02;4.53913e-14;1.52918e-14;-9.990E+02;2.76671e-14;1.48351e-14;-9.990E+02
01:31:29.468;+00:28:09.825;2.44E+20;0.8;-999/-999;11228.7;1.63856e-14;5.84714e-15;3.58052e-15;3.53772e-15;-9.990E+02;2.12917e-14;1.08119e-14;-9.990E+02;2.43348e-14;1.42487e-14;-9.990E+02
01:31:45.817;+00:30:42.243;2.42E+20;1.752;+0.26/-0.18;10768.6;7.09233e-14;6.21296e-15;2.27112e-13;2.64937e-14;-9.990E+02;1.66467e-13;2.4768e-14;-9.990E+02;5.10746e-14;1.53578e-14;-9.990E+02
01:31:36.326;+00:38:59.441;2.41E+20;0.8;-999/-999;11201.6;9.46192e-14;1.26322e-14;7.08249e-14;1.42741e-14;-9.990E+02;9.96024e-14;2.12556e-14;-9.990E+02;6.25164e-14;2.09142e-14;-9.990E+02
01:31:32.269;+00:26:01.188;2.44E+20;0.8;-999/-999;11345.3;2.08321e-14;6.52704e-15;2.02373e-14;8.52096e-15;-9.990E+02;1.20274e-14;8.14072e-15;-9.990E+02;1.83305e-14;1.2407e-14;-9.990E+02
01:31:30.723;+00:39:51.425;2.41E+20;1.309;+0.20/-0.16;10780.7;1.16433e-13;1.0682e-14;1.91602e-13;2.46066e-14;-9.990E+02;1.53449e-13;2.48179e-14;-9.990E+02;1.01308e-13;2.362e-14;-9.990E+02
01:31:47.723;+00:38:31.072;2.40E+20;0.8;-999/-999;11657.7;1.57641e-14;5.97432e-15;1.83343e-14;8.50593e-15;-9.990E+02;9.108e-15;7.35985e-15;-9.990E+02;6.94088e-15;7.79166e-15;-9.990E+02
01:31:17.926;+00:25:00.518;2.45E+20;0.8;-999/-999;11654.6;1.76962e-14;5.98488e-15;8.84185e-15;5.6249e-15;-9.990E+02;1.31312e-14;8.35367e-15;-9.990E+02;3.00219e-14;1.55629e-14;-9.990E+02
01:31:39.657;+00:25:05.875;2.43E+20;0.8;-999/-999;11658.9;2.14905e-14;6.38871e-15;1.40826e-14;6.82272e-15;-9.990E+02;1.39652e-14;8.30208e-15;-9.990E+02;3.19217e-14;1.54654e-14;-9.990E+02
01:32:09.796;+00:37:57.478;2.36E+20;0.8;-999/-999;11008.8;7.77202e-14;1.26099e-14;9.02749e-14;1.75777e-14;-9.990E+02;4.2147e-14;1.51009e-14;-9.990E+02;3.85785e-14;1.80266e-14;-9.990E+02
01:32:00.998;+00:23:23.998;2.41E+20;0.8;-999/-999;6309.1;7.40817e-14;1.33113e-14;9.70107e-14;2.09202e-14;-9.990E+02;4.81765e-14;1.79355e-14;-9.990E+02;3.67075e-14;-5.27162e-11;4.85592e-13
01:58:28.312;+01:04:38.256;2.36E+20;0.8;-999/-999;5582.8;3.40873e-14;1.07116e-14;6.59874e-15;6.44754e-15;-9.990E+02;2.95806e-14;1.67317e-14;-9.990E+02;7.52187e-14;3.28712e-14;-9.990E+02
01:58:52.544;+01:01:32.184;2.35E+20;0.8;-999/-999;5395.2;6.04508e-14;1.3554e-14;2.42916e-14;1.16359e-14;-9.990E+02;7.26371e-14;2.44559e-14;-9.990E+02;7.38712e-14;3.0383e-14;-9.990E+02
01:58:55.157;+01:04:44.517;2.30E+20;0.8;-999/-999;5795.9;3.15249e-14;1.02828e-14;3.28726e-14;1.38098e-14;-9.990E+02;1.64377e-14;1.19402e-14;-9.990E+02;2.50885e-14;1.82242e-14;-9.990E+02
01:59:02.410;+01:04:13.531;2.30E+20;0.8;-999/-999;5688.5;2.1878e-14;8.9298e-15;1.62976e-14;1.03861e-14;-9.990E+02;2.44484e-14;1.55805e-14;-9.990E+02;1.24366e-14;1.36641e-14;-9.990E+02
01:58:09.102;+01:06:04.999;2.38E+20;0.8;-999/-999;5152.4;3.35426e-14;1.08552e-14;2.34051e-14;1.16493e-14;-9.990E+02;5.23603e-14;2.12937e-14;-9.990E+02;1.90181e-14;-4.30329e-11;1.75804e-13
01:58:09.417;+01:06:40.022;2.38E+20;0.8;-999/-999;4842.8;3.80068e-14;1.15336e-14;6.62801e-14;2.01135e-14;-9.990E+02;5.93158e-14;-2.99792e-11;2.17809e-13;2.15434e-14;-4.57198e-11;3.3217e-13
01:58:57.380;+01:09:36.485;2.30E+20;0.8;-999/-999;5576.2;2.5044e-14;9.7416e-15;1.74145e-14;1.04402e-14;-9.990E+02;1.30584e-14;1.10055e-14;-9.990E+02;3.98724e-14;2.39041e-14;-9.990E+02
01:58:56.127;+01:10:44.449;2.30E+20;0.8;-999/-999;5335.0;4.98039e-14;1.32594e-14;4.32658e-14;1.58414e-14;-9.990E+02;4.87134e-14;2.09563e-14;-9.990E+02;2.47709e-14;1.84664e-14;-9.990E+02
01:59:09.933;+01:05:14.907;2.30E+20;1.382;+0.25/-0.19;5708.2;1.53773e-13;1.65348e-14;2.97612e-13;4.25898e-14;-9.990E+02;2.0201e-13;3.90329e-14;-9.990E+02;1.29818e-13;3.71745e-14;-9.990E+02
22:28:33.210;+00:43:45.009;4.73E+20;0.8;-999/-999;7694.0;5.2318e-14;1.1434e-14;1.77991e-14;9.21743e-15;-9.990E+02;5.33713e-14;1.80228e-14;-9.990E+02;7.94461e-14;2.68279e-14;-9.990E+02
22:28:29.986;+00:46:18.309;4.73E+20;0.8;-999/-999;7179.8;2.67527e-14;8.50222e-15;7.36943e-15;6.27305e-15;-9.990E+02;3.78682e-14;1.58589e-14;-9.990E+02;2.81899e-14;1.66405e-14;-9.990E+02
22:28:44.931;+00:47:05.117;4.78E+20;0.8;-999/-999;8194.2;3.52955e-14;9.69012e-15;9.74132e-15;-1.86971e-11;5.00253e-14;4.85342e-14;1.87017e-14;-9.990E+02;5.77243e-14;2.46139e-14;-9.990E+02
22:28:23.980;+00:51:44.850;4.74E+20;0.8;-999/-999;8164.7;3.38738e-14;1.01182e-14;9.33424e-15;-1.94913e-11;1.07877e-13;6.28907e-14;2.20081e-14;-9.990E+02;3.1217e-14;1.86459e-14;-9.990E+02
22:28:01.309;+00:48:40.581;4.67E+20;0.8;-999/-999;7576.1;4.4338e-14;1.15601e-14;1.70498e-14;9.91759e-15;-9.990E+02;3.29794e-14;1.58729e-14;-9.990E+02;8.18706e-14;3.02138e-14;-9.990E+02
22:27:51.565;+00:44:19.308;4.63E+20;0.8;-999/-999;6804.6;6.74044e-14;1.41766e-14;8.08487e-14;2.09331e-14;-9.990E+02;2.09026e-14;1.27178e-14;-9.990E+02;6.23035e-14;2.66127e-14;-9.990E+02
23:47:00.864;+00:15:56.791;3.27E+20;0.8;-999/-999;78748.2;7.67181e-15;1.53912e-15;2.89554e-15;1.28727e-15;-9.990E+02;7.33642e-15;2.41538e-15;-9.990E+02;1.23209e-14;3.8327e-15;-9.990E+02
23:47:10.406;+00:19:08.244;3.28E+20;0.989;+0.04/-0.04;81163.8;3.00515e-13;6.99976e-15;2.60565e-13;9.74617e-15;-9.990E+02;3.3719e-13;1.26407e-14;-9.990E+02;2.98681e-13;1.43203e-14;-9.990E+02
23:47:06.154;+00:12:34.566;3.27E+20;0.8;-999/-999;81594.8;4.06887e-15;1.18932e-15;5.26623e-16;5.67191e-16;-9.990E+02;3.7039e-15;1.81983e-15;-9.990E+02;8.96167e-15;3.47359e-15;-9.990E+02
23:47:28.805;+00:14:13.931;3.28E+20;0.8;-999/-999;82069.8;4.06193e-15;1.23174e-15;4.33134e-16;5.58228e-16;-9.990E+02;6.09194e-15;2.51244e-15;-9.990E+02;5.52151e-15;2.94193e-15;-9.990E+02
23:47:29.942;+00:16:14.671;3.28E+20;0.8;-999/-999;77913.5;1.22208e-14;1.81961e-15;5.98826e-16;5.56706e-16;-9.990E+02;2.52635e-15;1.33366e-15;-9.990E+02;4.19883e-14;6.57297e-15;-9.990E+02
23:47:26.456;+00:13:02.505;3.27E+20;0.8;-999/-999;84044.0;8.60088e-15;1.53912e-15;3.63591e-15;1.31491e-15;-9.990E+02;7.31145e-15;2.21484e-15;-9.990E+02;1.43592e-14;3.81275e-15;-9.990E+02
23:47:28.038;+00:19:04.583;3.28E+20;0.8;-999/-999;83683.0;3.65462e-15;1.20374e-15;2.89771e-15;1.44023e-15;-9.990E+02;2.91143e-15;1.71873e-15;-9.990E+02;3.51888e-15;2.3186e-15;-9.990E+02
23:47:32.211;+00:17:01.182;3.28E+20;0.8;-999/-999;81796.0;8.76632e-15;1.67964e-15;4.70688e-15;1.68636e-15;-9.990E+02;6.62012e-15;2.37182e-15;-9.990E+02;1.37606e-14;4.23064e-15;-9.990E+02
23:46:53.345;+00:15:42.385;3.27E+20;1.188;+0.16/-0.14;83534.1;2.59183e-14;2.04926e-15;3.5007e-14;3.96419e-15;-9.990E+02;3.03188e-14;4.17667e-15;-9.990E+02;2.37079e-14;4.27617e-15;-9.990E+02
23:47:25.838;+00:20:25.832;3.29E+20;0.8;-999/-999;83880.5;3.63212e-15;1.17617e-15;2.63579e-15;1.33796e-15;-9.990E+02;2.77934e-15;1.60792e-15;-9.990E+02;4.19891e-15;2.42919e-15;-9.990E+02
23:46:53.436;+00:19:01.107;3.28E+20;0.8;-999/-999;79362.3;4.23129e-15;1.24573e-15;1.91675e-15;1.09895e-15;-9.990E+02;2.69587e-15;1.54565e-15;-9.990E+02;8.14746e-15;3.19913e-15;-9.990E+02
23:47:24.227;+00:21:09.295;3.29E+20;0.8;-999/-999;84004.3;5.16954e-15;1.34419e-15;3.12588e-15;1.42506e-15;-9.990E+02;3.51352e-15;1.79245e-15;-9.990E+02;7.96428e-15;3.34478e-15;-9.990E+02
23:46:54.968;+00:20:31.331;3.28E+20;0.8;-999/-999;83599.5;5.5946e-15;1.3997e-15;4.82867e-15;1.74446e-15;-9.990E+02;2.71586e-15;1.53887e-15;-9.990E+02;7.18228e-15;3.06703e-15;-9.990E+02
23:47:38.066;+00:18:28.781;3.29E+20;0.8;-999/-999;85271.2;9.03129e-15;1.68024e-15;6.3e-16;6.09432e-16;-9.990E+02;5.31097e-15;2.09119e-15;-9.990E+02;2.54188e-14;5.71034e-15;-9.990E+02
23:47:28.642;+00:10:18.371;3.27E+20;0.8;-999/-999;83995.8;3.02507e-15;1.07738e-15;2.95132e-15;1.38159e-15;-9.990E+02;2.37399e-15;1.45836e-15;-9.990E+02;1.79395e-15;1.56479e-15;-9.990E+02
23:47:37.179;+00:12:18.261;3.28E+20;0.8;-999/-999;79895.5;5.28247e-15;1.32972e-15;1.19715e-15;8.91896e-16;-9.990E+02;5.04985e-15;2.13593e-15;-9.990E+02;1.01803e-14;3.73942e-15;-9.990E+02
23:46:58.438;+00:22:30.056;3.29E+20;0.8;-999/-999;82591.3;1.26214e-14;1.96028e-15;1.06447e-14;2.47302e-15;-9.990E+02;1.19711e-14;3.04167e-15;-9.990E+02;7.91575e-15;3.08542e-15;-9.990E+02
23:46:53.717;+00:10:37.426;3.27E+20;0.8;-999/-999;84667.1;7.75856e-15;1.53912e-15;4.01877e-15;1.48175e-15;-9.990E+02;6.59779e-15;2.25695e-15;-9.990E+02;1.13881e-14;3.63266e-15;-9.990E+02
23:47:12.201;+00:08:42.109;3.27E+20;1.674;+0.26/-0.19;82321.7;1.03987e-14;1.00471e-15;3.13739e-14;4.14719e-15;-9.990E+02;1.95443e-14;3.41067e-15;-9.990E+02;7.76148e-15;2.34835e-15;-9.990E+02
23:46:49.898;+00:20:33.934;3.29E+20;0.8;-999/-999;81983.2;4.77048e-15;1.33019e-15;3.56264e-15;1.51165e-15;-9.990E+02;5.72143e-15;2.26037e-15;-9.990E+02;2.16065e-15;1.70771e-15;-9.990E+02
23:47:39.819;+00:12:12.227;3.28E+20;0.8;-999/-999;73815.0;1.16973e-14;1.95958e-15;7.0692e-15;2.09919e-15;-9.990E+02;1.39183e-14;3.40642e-15;-9.990E+02;9.0102e-15;3.39702e-15;-9.990E+02
23:46:51.939;+00:10:28.384;3.27E+20;0.8;-999/-999;84198.0;1.00798e-14;1.81896e-15;7.17546e-15;2.19752e-15;-9.990E+02;9.18124e-15;2.83466e-15;-9.990E+02;9.71117e-15;3.58251e-15;-9.990E+02
23:46:54.606;+00:22:17.024;3.29E+20;0.535;+0.24/-0.19;84288.9;1.92403e-14;2.55855e-15;8.44265e-15;1.94545e-15;-9.990E+02;1.37036e-14;3.18815e-15;-9.990E+02;2.30203e-14;5.03947e-15;-9.990E+02
23:47:29.542;+00:09:24.499;3.27E+20;0.722;+0.28/-0.20;81103.6;1.49824e-14;2.08502e-15;7.5216e-15;1.97342e-15;-9.990E+02;1.44442e-14;3.06051e-15;-9.990E+02;1.65977e-14;4.35468e-15;-9.990E+02
23:46:42.413;+00:15:10.819;3.28E+20;0.8;-999/-999;84393.7;4.39086e-15;1.28772e-15;1.76831e-15;1.08931e-15;-9.990E+02;3.73296e-15;1.86042e-15;-9.990E+02;7.51659e-15;3.27408e-15;-9.990E+02
23:47:26.860;+00:23:15.165;3.30E+20;0.8;-999/-999;85452.5;3.90347e-15;1.20452e-15;1.77129e-15;1.09276e-15;-9.990E+02;4.97245e-15;2.1489e-15;-9.990E+02;3.75843e-15;2.31869e-15;-9.990E+02
23:47:03.783;+00:08:14.994;3.27E+20;0.607;+0.18/-0.15;74597.7;3.46523e-14;3.40683e-15;1.53864e-14;2.78361e-15;-9.990E+02;2.86623e-14;4.49627e-15;-9.990E+02;4.03177e-14;7.02729e-15;-9.990E+02
23:46:46.854;+00:21:01.975;3.29E+20;0.8;-999/-999;79823.4;5.66521e-15;1.4002e-15;2.41843e-15;1.26965e-15;-9.990E+02;5.94629e-15;2.35567e-15;-9.990E+02;7.70006e-15;3.30704e-15;-9.990E+02
23:47:23.181;+00:24:16.735;3.30E+20;0.8;-999/-999;84903.8;6.40214e-15;1.54066e-15;3.05718e-15;1.47218e-15;-9.990E+02;9.44516e-15;3.14125e-15;-9.990E+02;3.89001e-15;2.41198e-15;-9.990E+02
23:46:55.815;+00:23:33.781;3.30E+20;0.8;-999/-999;82049.2;7.9414e-15;1.68072e-15;6.00509e-15;1.86354e-15;-9.990E+02;6.74654e-15;2.37985e-15;-9.990E+02;7.64089e-15;3.19925e-15;-9.990E+02
23:47:47.263;+00:13:34.355;3.29E+20;0.701;+0.13/-0.12;83325.7;4.57833e-14;3.48335e-15;2.40475e-14;3.21727e-15;-9.990E+02;4.06192e-14;5.17004e-15;-9.990E+02;5.12789e-14;7.15957e-15;-9.990E+02
23:47:49.309;+00:11:49.461;3.29E+20;0.8;-999/-999;64619.7;9.00329e-15;1.82026e-15;5.22334e-15;-3.29855e-12;5.99529e-15;1.27492e-14;3.47997e-15;-9.990E+02;1.54109e-14;4.9069e-15;-9.990E+02
23:47:52.121;+00:18:34.790;3.29E+20;0.8;-999/-999;85472.2;8.78626e-15;1.68024e-15;6.70883e-15;1.90447e-15;-9.990E+02;4.71491e-15;1.92737e-15;-9.990E+02;1.24668e-14;3.88238e-15;-9.990E+02
23:46:40.817;+00:22:11.907;3.30E+20;0.8;-999/-999;76530.4;5.78588e-15;1.54066e-15;6.99874e-16;7.16392e-16;-9.990E+02;3.93013e-15;1.98791e-15;-9.990E+02;1.48504e-14;4.8191e-15;-9.990E+02
23:46:42.596;+00:23:01.592;3.30E+20;0.8;-999/-999;80868.2;3.9623e-15;1.30256e-15;2.39568e-15;1.41805e-15;-9.990E+02;3.36506e-15;1.99184e-15;-9.990E+02;5.08332e-15;3.0089e-15;-9.990E+02
23:47:08.498;+00:27:08.628;3.31E+20;0.8;-999/-999;83460.0;1.31745e-14;2.10165e-15;6.46481e-16;6.46736e-16;-9.990E+02;1.17953e-14;3.25941e-15;-9.990E+02;3.1524e-14;6.33068e-15;-9.990E+02
23:47:00.420;+00:05:36.755;3.26E+20;1.369;+0.07/-0.07;14701.1;1.33782e-13;4.81518e-15;2.33524e-13;1.19102e-14;-9.990E+02;1.97355e-13;1.21249e-14;-9.990E+02;1.13393e-13;1.05776e-14;-9.990E+02
23:47:21.828;+00:27:21.153;3.31E+20;0.8;-999/-999;79958.5;1.01776e-14;1.96154e-15;5.27714e-15;1.87383e-15;-9.990E+02;1.23486e-14;3.4197e-15;-9.990E+02;9.32885e-15;3.65551e-15;-9.990E+02
23:47:51.407;+00:09:37.744;3.29E+20;0.873;+0.17/-0.14;40100.3;4.02252e-14;3.55509e-15;3.20899e-14;4.49e-15;-9.990E+02;3.61136e-14;5.56248e-15;-9.990E+02;4.18667e-14;7.36896e-15;-9.990E+02
23:47:14.134;+00:27:45.224;3.31E+20;0.8;-999/-999;82686.4;1.87327e-14;2.52198e-15;1.33747e-14;2.78735e-15;-9.990E+02;2.03419e-14;4.19118e-15;-9.990E+02;1.29957e-14;4.13597e-15;-9.990E+02
23:47:57.027;+00:21:20.588;3.30E+20;0.8;-999/-999;81488.9;9.73277e-15;1.96084e-15;5.88819e-15;2.08387e-15;-9.990E+02;1.03376e-14;3.28403e-15;-9.990E+02;9.37182e-15;3.82853e-15;-9.990E+02
23:46:24.280;+00:19:15.459;3.29E+20;1.695;+0.10/-0.09;15697.7;8.34833e-14;3.48301e-15;3.14475e-13;1.56739e-14;-9.990E+02;1.00171e-13;9.44883e-15;-9.990E+02;6.18447e-14;8.12771e-15;-9.990E+02
23:47:09.826;+00:28:54.315;3.32E+20;0.8;-999/-999;71070.0;1.0847e-14;2.1024e-15;6.15405e-15;2.09971e-15;-9.990E+02;1.38143e-14;3.74903e-15;-9.990E+02;7.82452e-15;3.43772e-15;-9.990E+02
23:47:30.560;+00:30:55.978;3.32E+20;1.084;+0.08/-0.08;17914.1;1.85312e-13;8.25056e-15;1.53025e-13;1.18446e-14;-9.990E+02;2.72521e-13;1.80474e-14;-9.990E+02;1.76843e-13;1.71772e-14;-9.990E+02
00:09:11.631;-00:36:57.360;3.25E+20;0.8;-999/-999;23126.7;8.27654e-14;7.69065e-15;9.25047e-15;3.43032e-15;-9.990E+02;1.82478e-14;5.6866e-15;-9.990E+02;2.71806e-13;2.75041e-14;-9.990E+02
00:09:28.212;-00:39:49.586;3.26E+20;0.8;-999/-999;24716.5;1.20968e-14;3.35712e-15;1.99158e-15;1.84591e-15;-9.990E+02;1.1221e-14;5.19843e-15;-9.990E+02;2.54341e-14;9.7056e-15;-9.990E+02
00:09:09.367;-00:36:57.698;3.25E+20;0.8;-999/-999;24136.7;1.18268e-14;3.35592e-15;9.734e-15;4.12398e-15;-9.990E+02;5.48682e-15;3.67096e-15;-9.990E+02;1.65801e-14;7.856e-15;-9.990E+02
00:09:48.736;-00:34:55.387;3.26E+20;0.8;-999/-999;25953.6;2.19751e-14;4.47616e-15;9.95159e-15;3.98013e-15;-9.990E+02;2.56924e-14;7.68169e-15;-9.990E+02;2.47115e-14;9.40904e-15;-9.990E+02
00:09:04.333;-00:43:33.332;3.26E+20;0.8;-999/-999;24508.4;3.17248e-14;5.17556e-15;1.36784e-14;4.60084e-15;-9.990E+02;3.85333e-14;9.11955e-15;-9.990E+02;3.49348e-14;1.05198e-14;-9.990E+02
00:09:53.175;-00:42:13.965;3.27E+20;0.8;-999/-999;21720.8;2.19115e-14;4.61736e-15;9.92902e-15;4.18358e-15;-9.990E+02;2.32903e-14;7.60405e-15;-9.990E+02;2.81522e-14;1.03798e-14;-9.990E+02
00:09:02.329;-00:44:59.412;3.27E+20;0.8;-999/-999;24556.6;2.11559e-14;4.47744e-15;1.27815e-14;4.59179e-15;-9.990E+02;2.09887e-14;7.10805e-15;-9.990E+02;2.26522e-14;9.11804e-15;-9.990E+02
00:08:44.801;-00:44:45.025;3.25E+20;0.8;-999/-999;20235.9;1.52694e-14;4.33473e-15;3.95183e-15;3.03286e-15;-9.990E+02;1.66995e-14;7.2884e-15;-9.990E+02;2.52395e-14;1.10157e-14;-9.990E+02
00:08:42.712;-00:44:04.099;3.24E+20;0.8;-999/-999;19997.9;2.94097e-14;5.73098e-15;3.54917e-15;2.67136e-15;-9.990E+02;2.50161e-14;8.42192e-15;-9.990E+02;6.80445e-14;1.70812e-14;-9.990E+02
00:08:52.062;-00:27:39.406;3.23E+20;0.695;+0.25/-0.19;15999.2;6.53345e-14;8.80846e-15;3.27293e-14;7.98456e-15;-9.990E+02;5.95303e-14;1.29384e-14;-9.990E+02;7.33602e-14;1.78968e-14;-9.990E+02
00:11:30.273;+00:57:52.640;2.66E+20;0.8;-999/-999;9490.1;5.48805e-14;1.02772e-14;3.63304e-14;1.12136e-14;-9.990E+02;4.72924e-14;1.54595e-14;-9.990E+02;6.2919e-14;2.20378e-14;-9.990E+02
00:11:44.783;+00:59:56.811;2.63E+20;0.8;-999/-999;10142.9;2.96914e-14;7.52895e-15;2.01309e-14;8.18075e-15;-9.990E+02;3.54484e-14;1.33401e-14;-9.990E+02;1.79751e-14;1.17697e-14;-9.990E+02
00:11:16.446;+01:00:49.682;2.67E+20;0.8;-999/-999;9606.3;2.71967e-14;7.5394e-15;4.80267e-15;4.30643e-15;-9.990E+02;4.91755e-14;1.63328e-14;-9.990E+02;2.13648e-14;1.35052e-14;-9.990E+02
00:11:33.826;+01:06:08.370;2.64E+20;0.8;-999/-999;10341.2;1.54742e-14;5.75148e-15;2.72906e-14;1.01434e-14;-9.990E+02;2.80148e-14;-1.4861e-11;3.77899e-14;1.21739e-14;-2.26026e-11;5.74761e-14
00:11:03.409;+01:00:32.131;2.69E+20;0.8;-999/-999;9465.2;2.25798e-14;7.13336e-15;1.33032e-14;7.37775e-15;-9.990E+02;2.59264e-14;1.23501e-14;-9.990E+02;1.9706e-14;1.34085e-14;-9.990E+02
00:11:03.031;+00:59:28.775;2.69E+20;0.8;-999/-999;9724.8;3.66819e-14;8.77952e-15;4.32046e-14;1.25541e-14;-9.990E+02;2.36868e-14;1.11346e-14;-9.990E+02;1.20025e-14;9.71833e-15;-9.990E+02
00:11:10.238;+01:05:52.710;2.67E+20;0.8;-999/-999;9638.5;2.96504e-14;8.08772e-15;3.05492e-14;1.03872e-14;-9.990E+02;3.19322e-14;1.2921e-14;-9.990E+02;9.70737e-15;-3.1751e-11;6.41592e-14
00:10:55.350;+00:59:48.718;2.70E+20;0.8;-999/-999;10375.9;2.00478e-14;6.99822e-15;2.06802e-14;-1.23625e-11;3.34601e-14;1.4797e-14;9.73237e-15;-9.990E+02;5.62424e-14;2.32458e-14;-9.990E+02
00:11:14.232;+01:09:28.541;2.66E+20;0.8;-999/-999;10159.5;4.68643e-14;1.02772e-14;3.8604e-14;1.28632e-14;-9.990E+02;4.03845e-14;1.59413e-14;-9.990E+02;3.6841e-14;1.87303e-14;-9.990E+02
00:10:48.568;+01:04:15.761;2.70E+20;0.8;-999/-999;10180.9;2.04321e-14;7.40988e-15;3.01116e-14;1.20689e-14;-9.990E+02;1.75899e-14;-1.9121e-11;5.81603e-14;1.33656e-14;1.1868e-14;-9.990E+02
03:03:40.071;-01:02:13.924;6.14E+20;0.8;-999/-999;42759.5;6.31274e-15;1.98562e-15;1.43344e-15;1.35259e-15;-9.990E+02;5.08716e-15;2.78354e-15;-9.990E+02;1.24363e-14;5.16355e-15;-9.990E+02
03:03:36.504;-01:01:57.588;6.17E+20;0.8;-999/-999;45029.5;1.06596e-14;2.44592e-15;6.41553e-15;2.63409e-15;-9.990E+02;1.21204e-14;4.04384e-15;-9.990E+02;8.88897e-15;4.24244e-15;-9.990E+02
03:03:49.101;-01:06:12.985;6.03E+20;-0.526;+0.10/-0.09;45427.9;2.24824e-13;1.20104e-14;1.45166e-14;2.70201e-15;-9.990E+02;7.816e-14;8.85893e-15;-9.990E+02;4.16475e-13;2.67268e-14;-9.990E+02
03:03:41.468;-01:00:54.561;6.17E+20;0.8;-999/-999;43180.2;5.68676e-15;1.83444e-15;4.85153e-15;2.42889e-15;-9.990E+02;5.72784e-15;2.86761e-15;-9.990E+02;3.35896e-15;2.63852e-15;-9.990E+02
03:03:29.231;-01:05:06.376;6.14E+20;0.8;-999/-999;46083.8;1.82372e-14;2.90206e-15;8.2816e-15;2.8366e-15;-9.990E+02;2.12236e-14;4.88043e-15;-9.990E+02;1.91636e-14;5.81732e-15;-9.990E+02
03:03:42.647;-01:08:09.957;6.03E+20;0.8;-999/-999;45530.6;5.24266e-15;1.82724e-15;4.26581e-15;2.30484e-15;-9.990E+02;3.80857e-15;2.35962e-15;-9.990E+02;5.59431e-15;3.46598e-15;-9.990E+02
03:03:26.080;-01:03:01.853;6.19E+20;0.8;-999/-999;43802.2;7.64953e-15;2.14144e-15;4.27246e-15;2.24743e-15;-9.990E+02;6.7192e-15;3.07037e-15;-9.990E+02;9.85334e-15;4.50253e-15;-9.990E+02
03:03:25.726;-01:05:14.225;6.15E+20;0.8;-999/-999;44841.2;8.45943e-15;2.13892e-15;5.76635e-15;2.54175e-15;-9.990E+02;6.8158e-15;3.00434e-15;-9.990E+02;9.99904e-15;4.40749e-15;-9.990E+02
03:04:00.594;-01:06:51.905;5.96E+20;0.8;-999/-999;44947.2;1.42046e-14;2.73546e-15;7.58418e-15;2.7747e-15;-9.990E+02;1.44961e-14;4.26227e-15;-9.990E+02;1.59797e-14;5.57203e-15;-9.990E+02
03:03:57.301;-01:09:06.862;5.93E+20;0.999;+0.27/-0.20;45101.0;2.70775e-14;3.49137e-15;2.60846e-14;5.46587e-15;-9.990E+02;2.75802e-14;5.91522e-15;-9.990E+02;2.68131e-14;7.07334e-15;-9.990E+02
03:03:18.539;-01:03:47.523;6.21E+20;0.8;-999/-999;38137.8;7.15003e-15;2.14256e-15;9.15916e-15;3.55388e-15;-9.990E+02;2.15739e-15;1.87216e-15;-9.990E+02;6.32717e-15;3.97236e-15;-9.990E+02
03:03:33.138;-00:57:58.548;6.29E+20;0.8;-999/-999;35453.8;9.07703e-15;2.45408e-15;2.66631e-15;1.88099e-15;-9.990E+02;1.87615e-14;5.38103e-15;-9.990E+02;8.01834e-15;-8.65764e-12;3.02909e-14
03:03:56.924;-00:58:30.502;6.03E+20;0.8;-999/-999;45377.2;7.33485e-15;2.13178e-15;4.97523e-15;2.51085e-15;-9.990E+02;7.89365e-15;3.53168e-15;-9.990E+02;5.80011e-15;3.63116e-15;-9.990E+02
03:03:17.118;-01:03:51.550;6.22E+20;0.8;-999/-999;37772.0;1.24301e-14;2.60236e-15;8.49673e-15;-5.32968e-12;2.10708e-14;1.50025e-14;4.28274e-15;-9.990E+02;2.19938e-14;6.27853e-15;-9.990E+02
03:03:41.064;-00:57:04.892;6.28E+20;0.8;-999/-999;39336.7;6.67949e-15;2.14676e-15;5.88441e-15;2.86814e-15;-9.990E+02;6.90379e-15;3.365e-15;-9.990E+02;3.37143e-15;2.80637e-15;-9.990E+02
03:04:04.852;-00:59:21.312;6.00E+20;0.8;-999/-999;47144.2;4.83805e-15;1.82568e-15;2.18507e-15;1.71826e-15;-9.990E+02;2.60498e-15;2.04846e-15;-9.990E+02;9.56884e-15;4.78821e-15;-9.990E+02
03:03:54.810;-00:57:14.283;6.06E+20;0.8;-999/-999;44892.6;7.70077e-15;2.1336e-15;1.96074e-15;1.56958e-15;-9.990E+02;6.98914e-15;3.15562e-15;-9.990E+02;1.36803e-14;5.47537e-15;-9.990E+02
03:03:49.273;-00:56:19.081;6.10E+20;0.8;-999/-999;43162.8;2.20311e-14;3.50911e-15;8.32105e-15;3.06848e-15;-9.990E+02;2.95901e-14;6.30621e-15;-9.990E+02;2.02674e-14;6.40736e-15;-9.990E+02
03:03:40.100;-01:11:33.156;5.97E+20;0.8;-999/-999;45813.9;5.26597e-15;1.82424e-15;2.67108e-15;1.87173e-15;-9.990E+02;3.18987e-15;2.23526e-15;-9.990E+02;9.37895e-15;4.69327e-15;-9.990E+02
03:03:40.637;-01:12:01.343;5.96E+20;0.8;-999/-999;45785.2;4.89647e-15;1.82364e-15;1.4188e-15;1.41448e-15;-9.990E+02;6.78206e-15;3.38035e-15;-9.990E+02;4.98288e-15;3.5165e-15;-9.990E+02
03:04:17.833;-01:05:41.380;5.92E+20;0.8;-999/-999;42893.4;2.29066e-14;3.4914e-15;8.28551e-15;3.0578e-15;-9.990E+02;1.78624e-14;4.80527e-15;-9.990E+02;4.0864e-14;8.74999e-15;-9.990E+02
03:03:25.627;-01:12:14.249;6.03E+20;0.8;-999/-999;36874.6;8.86516e-15;2.43632e-15;8.01427e-15;3.37052e-15;-9.990E+02;4.77085e-15;2.83154e-15;-9.990E+02;1.05063e-14;4.85238e-15;-9.990E+02
03:03:17.444;-01:11:09.681;6.09E+20;0.8;-999/-999;30982.8;2.8996e-14;4.11831e-15;2.43576e-14;5.32569e-15;-9.990E+02;3.71543e-14;7.29065e-15;-9.990E+02;6.06062e-15;3.5313e-15;-9.990E+02
03:03:52.743;-01:14:07.258;5.86E+20;0.8;-999/-999;40964.9;1.30567e-14;2.87926e-15;7.91424e-15;3.15039e-15;-9.990E+02;1.26796e-14;4.36757e-15;-9.990E+02;1.39954e-14;5.57111e-15;-9.990E+02
03:03:18.154;-00:55:12.747;6.43E+20;0.327;+0.12/-0.10;21589.9;1.57359e-13;1.07047e-14;1.7815e-14;4.08878e-15;-9.990E+02;1.38263e-13;1.36922e-14;-9.990E+02;2.05491e-13;2.11359e-14;-9.990E+02
03:04:04.360;-01:13:26.108;5.85E+20;0.8;-999/-999;44092.6;8.11282e-15;2.2725e-15;4.91356e-15;2.39436e-15;-9.990E+02;5.90863e-15;2.87926e-15;-9.990E+02;1.1597e-14;4.94307e-15;-9.990E+02
03:04:28.268;-01:00:54.836;5.96E+20;0.8;-999/-999;33712.9;2.39201e-14;3.95122e-15;2.26508e-14;5.48466e-15;-9.990E+02;1.16006e-14;4.28438e-15;-9.990E+02;2.84179e-14;8.14957e-15;-9.990E+02
03:04:36.253;-01:04:06.546;5.92E+20;0.8;-999/-999;29677.6;2.12368e-14;4.0986e-15;2.58188e-14;6.38553e-15;-9.990E+02;1.54616e-14;5.35392e-15;-9.990E+02;7.57503e-15;4.49845e-15;-9.990E+02
03:04:41.977;-01:03:13.829;5.92E+20;0.8;-999/-999;22119.3;1.35982e-13;1.03224e-14;8.10104e-15;3.70465e-15;-9.990E+02;3.88104e-14;8.55743e-15;-9.990E+02;4.13621e-13;3.40253e-14;-9.990E+02
03:04:33.718;-00:54:04.451;6.02E+20;0.844;+0.01/-0.01;2241.0;2.4656e-11;1.38368e-13;1.57847e-11;1.60444e-13;-9.990E+02;2.52053e-11;2.19761e-13;-9.990E+02;2.59241e-11;2.6866e-13;-9.990E+02
03:04:23.327;-01:16:51.606;5.77E+20;-0.422;+0.09/-0.08;12477.7;5.85262e-13;3.04032e-14;4.06175e-14;7.23519e-15;-9.990E+02;2.27537e-13;2.36484e-14;-9.990E+02;1.03884e-12;6.36052e-14;-9.990E+02
23:18:56.737;+00:14:38.725;3.82E+20;0.958;+0.01/-0.01;20968.4;3.28937e-11;1.13341e-13;2.97963e-11;1.60343e-13;-9.990E+02;3.23009e-11;1.90743e-13;-9.990E+02;3.30166e-11;2.3249e-13;-9.990E+02
23:19:10.486;+00:18:58.675;3.87E+20;0.8;-999/-999;21470.0;2.94961e-14;4.7091e-15;1.61231e-14;4.70058e-15;-9.990E+02;1.3107e-14;5.05302e-15;-9.990E+02;5.90454e-14;1.28615e-14;-9.990E+02
23:18:33.200;+00:16:45.404;3.81E+20;0.8;-999/-999;21356.2;1.80459e-14;3.84561e-15;7.43677e-15;3.38827e-15;-9.990E+02;1.51732e-14;5.5737e-15;-9.990E+02;3.03942e-14;9.83279e-15;-9.990E+02
23:18:34.019;+00:13:56.631;3.79E+20;0.8;-999/-999;22111.4;1.46183e-14;3.5585e-15;1.20427e-14;4.39571e-15;-9.990E+02;1.63974e-14;5.9852e-15;-9.990E+02;6.15741e-15;4.4969e-15;-9.990E+02
23:18:39.398;+00:20:37.898;3.84E+20;0.8;-999/-999;21857.7;2.03733e-14;3.99196e-15;8.40094e-15;3.52024e-15;-9.990E+02;1.7108e-14;5.78409e-15;-9.990E+02;3.42649e-14;9.82236e-15;-9.990E+02
23:19:16.743;+00:18:03.341;3.87E+20;0.336;+0.22/-0.17;21131.0;6.12533e-14;7.60305e-15;2.7477e-14;5.55235e-15;-9.990E+02;2.45959e-14;6.52544e-15;-9.990E+02;7.96036e-14;1.52528e-14;-9.990E+02
23:18:56.535;+00:22:29.058;3.88E+20;0.8;-999/-999;22151.0;1.98422e-14;3.997e-15;5.27223e-15;2.883e-15;-9.990E+02;1.07038e-14;4.72291e-15;-9.990E+02;4.82303e-14;1.20306e-14;-9.990E+02
23:19:12.958;+00:20:51.730;3.88E+20;0.8;-999/-999;21016.8;2.87784e-14;4.71075e-15;1.91112e-14;5.22179e-15;-9.990E+02;3.10512e-14;7.7565e-15;-9.990E+02;2.33163e-14;8.22009e-15;-9.990E+02
23:19:21.250;+00:14:55.039;3.86E+20;0.8;-999/-999;21376.3;1.49793e-14;3.70916e-15;1.85522e-14;5.54792e-15;-9.990E+02;1.61739e-14;-9.33206e-12;2.77123e-14;1.88898e-14;8.21439e-15;-9.990E+02
23:18:29.060;+00:12:49.578;3.78E+20;0.8;-999/-999;21980.9;1.44851e-14;3.55725e-15;1.15018e-14;4.32931e-15;-9.990E+02;5.22345e-15;3.33367e-15;-9.990E+02;2.35553e-14;8.86629e-15;-9.990E+02
23:19:04.548;+00:23:35.280;3.90E+20;0.8;-999/-999;21170.9;2.74538e-14;4.71372e-15;1.57262e-14;4.81756e-15;-9.990E+02;3.72093e-14;8.60667e-15;-9.990E+02;1.59655e-14;6.98424e-15;-9.990E+02
23:18:21.740;+00:13:57.520;3.78E+20;0.8;-999/-999;20792.1;3.10477e-14;4.83786e-15;1.6424e-14;4.82469e-15;-9.990E+02;2.23765e-14;6.57329e-15;-9.990E+02;5.04563e-14;1.19962e-14;-9.990E+02
23:18:49.536;+00:06:36.235;3.76E+20;0.8;-999/-999;21173.6;2.00786e-14;4.1238e-15;1.85749e-14;5.53036e-15;-9.990E+02;1.90012e-14;6.50363e-15;-9.990E+02;9.52429e-15;5.47714e-15;-9.990E+02
23:18:15.763;+00:15:43.103;3.79E+20;0.926;+0.07/-0.06;13482.3;4.56064e-13;1.664e-14;3.56822e-13;2.15068e-14;-9.990E+02;4.80995e-13;2.82203e-14;-9.990E+02;4.6433e-13;3.3506e-14;-9.990E+02
23:18:43.046;+00:06:40.949;3.76E+20;0.8;-999/-999;20961.3;1.47746e-14;3.6972e-15;1.01162e-14;-6.83271e-12;1.80618e-14;1.11911e-14;5.16127e-15;-9.990E+02;3.9252e-14;1.16396e-14;-9.990E+02
23:18:58.163;+00:06:19.888;3.77E+20;1.344;+0.15/-0.12;17894.4;8.74156e-14;5.92361e-15;1.42592e-13;1.40931e-14;-9.990E+02;1.29899e-13;1.45364e-14;-9.990E+02;7.4646e-14;1.25493e-14;-9.990E+02
23:19:14.869;+00:07:15.680;3.80E+20;0.260;+0.13/-0.11;16305.1;1.87235e-13;1.45771e-14;2.97388e-14;6.27407e-15;-9.990E+02;1.43836e-13;1.73925e-14;-9.990E+02;2.50973e-13;2.89688e-14;-9.990E+02
23:19:40.168;+00:10:08.722;3.86E+20;0.883;+0.09/-0.08;12323.3;2.75396e-13;1.46487e-14;1.99294e-13;1.73826e-14;-9.990E+02;2.81178e-13;2.38353e-14;-9.990E+02;2.8577e-13;2.9437e-14;-9.990E+02
01:10:59.447;+00:26:00.919;2.89E+20;0.8;-999/-999;6177.3;3.77509e-14;1.0636e-14;0;-1.89408e-11;4.93465e-14;2.15761e-14;1.31289e-14;-9.990E+02;1.14566e-13;3.77593e-14;-9.990E+02
01:10:39.145;+00:21:58.545;2.89E+20;0.8;-999/-999;6603.1;3.77095e-14;1.04979e-14;6.72235e-14;1.87142e-14;-9.990E+02;2.15512e-14;-2.69683e-11;9.17178e-14;1.14458e-13;-4.09118e-11;1.39139e-13
01:10:40.524;+00:21:22.899;2.89E+20;0.8;-999/-999;6574.8;1.97802e-14;7.87341e-15;2.82191e-14;1.24597e-14;-9.990E+02;1.13067e-14;-2.02262e-11;6.71366e-14;1.54389e-14;1.37899e-14;-9.990E+02
01:10:42.918;+00:20:15.166;2.90E+20;0.8;-999/-999;6617.7;5.78698e-14;1.27126e-14;1.03205e-13;2.26716e-14;-9.990E+02;3.3065e-14;-3.26529e-11;1.09423e-13;4.51374e-14;-4.95294e-11;1.65978e-13
01:10:29.955;+00:26:22.375;2.86E+20;0.8;-999/-999;6503.3;2.04087e-14;8.00342e-15;3.63346e-14;1.42489e-14;-9.990E+02;1.16721e-14;-2.05745e-11;6.94221e-14;1.59395e-14;-3.12215e-11;1.05347e-13
01:10:27.911;+00:27:21.209;2.86E+20;0.8;-999/-999;6537.2;4.51503e-14;1.15912e-14;8.03832e-14;2.06363e-14;-9.990E+02;2.58229e-14;-2.98e-11;1.27978e-13;3.52684e-14;-4.52211e-11;1.94205e-13
01:11:19.970;+00:25:27.566;2.89E+20;0.8;-999/-999;4866.7;4.33452e-14;1.1741e-14;1.93126e-14;1.04652e-14;-9.990E+02;4.18094e-14;1.7761e-14;-9.990E+02;6.34262e-14;2.6944e-14;-9.990E+02
01:10:26.733;+00:27:54.309;2.85E+20;0.8;-999/-999;6191.6;4.30097e-14;1.1449e-14;7.65407e-14;2.03748e-14;-9.990E+02;4.15408e-14;-2.94407e-11;1.46494e-13;6.30455e-14;-4.46814e-11;2.2233e-13
01:10:25.515;+00:28:25.484;2.85E+20;0.8;-999/-999;5945.6;3.26228e-14;1.02076e-14;4.64448e-14;1.65134e-14;-9.990E+02;3.14965e-14;-2.62488e-11;1.10882e-13;2.54822e-14;1.84879e-14;-9.990E+02
01:11:14.018;+00:19:59.607;2.90E+20;0.8;-999/-999;5730.0;3.16294e-14;1.00871e-14;3.76052e-14;1.3837e-14;-9.990E+02;2.71035e-14;1.47615e-14;-9.990E+02;2.46758e-14;-3.93012e-11;1.35962e-13
01:11:24.523;+00:26:43.804;2.89E+20;0.8;-999/-999;4650.8;9.01022e-14;1.65756e-14;7.41429e-14;2.05561e-14;-9.990E+02;7.13282e-14;2.40946e-14;-9.990E+02;8.11014e-14;3.09263e-14;-9.990E+02
01:09:50.417;+00:23:36.859;2.89E+20;0.897;+0.22/-0.17;1777.8;3.69265e-13;4.19331e-14;1.82387e-13;4.14117e-14;-9.990E+02;5.11921e-13;8.27247e-14;-9.990E+02;3.81343e-13;8.65854e-14;-9.990E+02
00:20:04.450;-00:04:19.085;2.78E+20;0.8;-999/-999;2066.2;5.98741e-14;2.33937e-14;7.96661e-14;3.52797e-14;-9.990E+02;3.85979e-14;3.01546e-14;-9.990E+02;0;-9.14865e-11;3.87174e-13
00:20:22.942;+00:10:13.117;2.81E+20;0.8;-999/-999;1677.5;1.09787e-13;3.5815e-14;1.95042e-13;6.36272e-14;-9.990E+02;7.06941e-14;-9.21649e-11;3.73344e-13;0;-1.39929e-10;5.66828e-13
02:28:07.876;-01:15:39.431;2.62E+20;0.587;+0.27/-0.20;7630.8;1.23595e-13;1.77672e-14;5.88388e-14;1.48608e-14;-9.990E+02;9.18666e-14;2.32025e-14;-9.990E+02;1.45004e-13;3.66233e-14;-9.990E+02
02:28:28.034;-01:10:42.058;2.60E+20;0.8;-999/-999;8319.3;3.122e-14;8.88875e-15;5.49632e-15;4.97871e-15;-9.990E+02;4.8498e-14;1.77814e-14;-9.990E+02;3.69022e-14;1.90948e-14;-9.990E+02
02:27:43.032;-01:14:59.887;2.74E+20;0.8;-999/-999;8251.0;3.67599e-14;9.6194e-15;4.55888e-14;1.42511e-14;-9.990E+02;9.48528e-15;7.89672e-15;-9.990E+02;2.88231e-14;1.67982e-14;-9.990E+02
02:28:16.160;-01:06:35.723;2.61E+20;0.8;-999/-999;8319.9;2.91636e-14;8.75456e-15;3.08403e-14;1.20566e-14;-9.990E+02;1.50998e-14;1.0299e-14;-9.990E+02;2.2973e-14;1.5669e-14;-9.990E+02
02:27:37.885;-01:14:02.660;2.74E+20;0.8;-999/-999;8309.1;2.30041e-14;7.83294e-15;1.16394e-14;7.37989e-15;-9.990E+02;1.69565e-14;1.07512e-14;-9.990E+02;3.86607e-14;1.99284e-14;-9.990E+02
02:27:37.335;-01:09:18.761;2.74E+20;0.8;-999/-999;8057.4;7.04552e-14;1.31923e-14;1.7829e-14;8.67964e-15;-9.990E+02;7.79034e-14;2.16406e-14;-9.990E+02;1.18363e-13;3.28799e-14;-9.990E+02
02:28:07.417;-01:26:02.295;2.72E+20;0.8;-999/-999;7579.6;3.5305e-14;1.0711e-14;8.92612e-15;-1.89361e-11;8.26754e-14;5.47009e-14;2.18449e-14;-9.990E+02;5.53825e-14;2.68939e-14;-9.990E+02
02:27:19.009;-01:18:13.291;2.76E+20;0.8;-999/-999;7978.5;2.51231e-14;9.48819e-15;1.11354e-14;8.31499e-15;-9.990E+02;1.62013e-14;1.20978e-14;-9.990E+02;4.9222e-14;2.63135e-14;-9.990E+02
03:52:03.495;-00:56:02.982;1.07E+21;0.8;-999/-999;1334.1;3.07404e-13;6.66783e-14;3.42354e-13;1.11156e-13;-9.990E+02;2.54545e-13;9.11453e-14;-9.990E+02;1.78286e-13;8.93611e-14;-9.990E+02
23:47:00.864;+00:15:56.791;3.27E+20;0.8;-999/-999;78748.2;7.67181e-15;1.53912e-15;2.89554e-15;1.28727e-15;-9.990E+02;7.33642e-15;2.41538e-15;-9.990E+02;1.23209e-14;3.8327e-15;-9.990E+02
23:47:10.406;+00:19:08.244;3.28E+20;0.989;+0.04/-0.04;81163.8;3.00515e-13;6.99976e-15;2.60565e-13;9.74617e-15;-9.990E+02;3.3719e-13;1.26407e-14;-9.990E+02;2.98681e-13;1.43203e-14;-9.990E+02
23:47:06.154;+00:12:34.566;3.27E+20;0.8;-999/-999;81594.8;4.06887e-15;1.18932e-15;5.26623e-16;5.67191e-16;-9.990E+02;3.7039e-15;1.81983e-15;-9.990E+02;8.96167e-15;3.47359e-15;-9.990E+02
23:47:28.805;+00:14:13.931;3.28E+20;0.8;-999/-999;82069.8;4.06193e-15;1.23174e-15;4.33134e-16;5.58228e-16;-9.990E+02;6.09194e-15;2.51244e-15;-9.990E+02;5.52151e-15;2.94193e-15;-9.990E+02
23:47:29.942;+00:16:14.671;3.28E+20;0.8;-999/-999;77913.5;1.22208e-14;1.81961e-15;5.98826e-16;5.56706e-16;-9.990E+02;2.52635e-15;1.33366e-15;-9.990E+02;4.19883e-14;6.57297e-15;-9.990E+02
23:47:26.456;+00:13:02.505;3.27E+20;0.8;-999/-999;84044.0;8.60088e-15;1.53912e-15;3.63591e-15;1.31491e-15;-9.990E+02;7.31145e-15;2.21484e-15;-9.990E+02;1.43592e-14;3.81275e-15;-9.990E+02
23:47:28.038;+00:19:04.583;3.28E+20;0.8;-999/-999;83683.0;3.65462e-15;1.20374e-15;2.89771e-15;1.44023e-15;-9.990E+02;2.91143e-15;1.71873e-15;-9.990E+02;3.51888e-15;2.3186e-15;-9.990E+02
23:47:32.211;+00:17:01.182;3.28E+20;0.8;-999/-999;81796.0;8.76632e-15;1.67964e-15;4.70688e-15;1.68636e-15;-9.990E+02;6.62012e-15;2.37182e-15;-9.990E+02;1.37606e-14;4.23064e-15;-9.990E+02
23:46:53.345;+00:15:42.385;3.27E+20;1.188;+0.16/-0.14;83534.1;2.59183e-14;2.04926e-15;3.5007e-14;3.96419e-15;-9.990E+02;3.03188e-14;4.17667e-15;-9.990E+02;2.37079e-14;4.27617e-15;-9.990E+02
23:47:25.838;+00:20:25.832;3.29E+20;0.8;-999/-999;83880.5;3.63212e-15;1.17617e-15;2.63579e-15;1.33796e-15;-9.990E+02;2.77934e-15;1.60792e-15;-9.990E+02;4.19891e-15;2.42919e-15;-9.990E+02
23:46:53.436;+00:19:01.107;3.28E+20;0.8;-999/-999;79362.3;4.23129e-15;1.24573e-15;1.91675e-15;1.09895e-15;-9.990E+02;2.69587e-15;1.54565e-15;-9.990E+02;8.14746e-15;3.19913e-15;-9.990E+02
23:47:24.227;+00:21:09.295;3.29E+20;0.8;-999/-999;84004.3;5.16954e-15;1.34419e-15;3.12588e-15;1.42506e-15;-9.990E+02;3.51352e-15;1.79245e-15;-9.990E+02;7.96428e-15;3.34478e-15;-9.990E+02
23:46:54.968;+00:20:31.331;3.28E+20;0.8;-999/-999;83599.5;5.5946e-15;1.3997e-15;4.82867e-15;1.74446e-15;-9.990E+02;2.71586e-15;1.53887e-15;-9.990E+02;7.18228e-15;3.06703e-15;-9.990E+02
23:47:38.066;+00:18:28.781;3.29E+20;0.8;-999/-999;85271.2;9.03129e-15;1.68024e-15;6.3e-16;6.09432e-16;-9.990E+02;5.31097e-15;2.09119e-15;-9.990E+02;2.54188e-14;5.71034e-15;-9.990E+02
23:47:28.642;+00:10:18.371;3.27E+20;0.8;-999/-999;83995.8;3.02507e-15;1.07738e-15;2.95132e-15;1.38159e-15;-9.990E+02;2.37399e-15;1.45836e-15;-9.990E+02;1.79395e-15;1.56479e-15;-9.990E+02
23:47:37.179;+00:12:18.261;3.28E+20;0.8;-999/-999;79895.5;5.28247e-15;1.32972e-15;1.19715e-15;8.91896e-16;-9.990E+02;5.04985e-15;2.13593e-15;-9.990E+02;1.01803e-14;3.73942e-15;-9.990E+02
23:46:58.438;+00:22:30.056;3.29E+20;0.8;-999/-999;82591.3;1.26214e-14;1.96028e-15;1.06447e-14;2.47302e-15;-9.990E+02;1.19711e-14;3.04167e-15;-9.990E+02;7.91575e-15;3.08542e-15;-9.990E+02
23:46:53.717;+00:10:37.426;3.27E+20;0.8;-999/-999;84667.1;7.75856e-15;1.53912e-15;4.01877e-15;1.48175e-15;-9.990E+02;6.59779e-15;2.25695e-15;-9.990E+02;1.13881e-14;3.63266e-15;-9.990E+02
23:47:12.201;+00:08:42.109;3.27E+20;1.674;+0.26/-0.19;82321.7;1.03987e-14;1.00471e-15;3.13739e-14;4.14719e-15;-9.990E+02;1.95443e-14;3.41067e-15;-9.990E+02;7.76148e-15;2.34835e-15;-9.990E+02
23:46:49.898;+00:20:33.934;3.29E+20;0.8;-999/-999;81983.2;4.77048e-15;1.33019e-15;3.56264e-15;1.51165e-15;-9.990E+02;5.72143e-15;2.26037e-15;-9.990E+02;2.16065e-15;1.70771e-15;-9.990E+02
23:47:39.819;+00:12:12.227;3.28E+20;0.8;-999/-999;73815.0;1.16973e-14;1.95958e-15;7.0692e-15;2.09919e-15;-9.990E+02;1.39183e-14;3.40642e-15;-9.990E+02;9.0102e-15;3.39702e-15;-9.990E+02
23:46:51.939;+00:10:28.384;3.27E+20;0.8;-999/-999;84198.0;1.00798e-14;1.81896e-15;7.17546e-15;2.19752e-15;-9.990E+02;9.18124e-15;2.83466e-15;-9.990E+02;9.71117e-15;3.58251e-15;-9.990E+02
23:46:54.606;+00:22:17.024;3.29E+20;0.535;+0.24/-0.19;84288.9;1.92403e-14;2.55855e-15;8.44265e-15;1.94545e-15;-9.990E+02;1.37036e-14;3.18815e-15;-9.990E+02;2.30203e-14;5.03947e-15;-9.990E+02
23:47:29.542;+00:09:24.499;3.27E+20;0.722;+0.28/-0.20;81103.6;1.49824e-14;2.08502e-15;7.5216e-15;1.97342e-15;-9.990E+02;1.44442e-14;3.06051e-15;-9.990E+02;1.65977e-14;4.35468e-15;-9.990E+02
23:46:42.413;+00:15:10.819;3.28E+20;0.8;-999/-999;84393.7;4.39086e-15;1.28772e-15;1.76831e-15;1.08931e-15;-9.990E+02;3.73296e-15;1.86042e-15;-9.990E+02;7.51659e-15;3.27408e-15;-9.990E+02
23:47:26.860;+00:23:15.165;3.30E+20;0.8;-999/-999;85452.5;3.90347e-15;1.20452e-15;1.77129e-15;1.09276e-15;-9.990E+02;4.97245e-15;2.1489e-15;-9.990E+02;3.75843e-15;2.31869e-15;-9.990E+02
23:47:03.783;+00:08:14.994;3.27E+20;0.607;+0.18/-0.15;74597.7;3.46523e-14;3.40683e-15;1.53864e-14;2.78361e-15;-9.990E+02;2.86623e-14;4.49627e-15;-9.990E+02;4.03177e-14;7.02729e-15;-9.990E+02
23:46:46.854;+00:21:01.975;3.29E+20;0.8;-999/-999;79823.4;5.66521e-15;1.4002e-15;2.41843e-15;1.26965e-15;-9.990E+02;5.94629e-15;2.35567e-15;-9.990E+02;7.70006e-15;3.30704e-15;-9.990E+02
23:47:23.181;+00:24:16.735;3.30E+20;0.8;-999/-999;84903.8;6.40214e-15;1.54066e-15;3.05718e-15;1.47218e-15;-9.990E+02;9.44516e-15;3.14125e-15;-9.990E+02;3.89001e-15;2.41198e-15;-9.990E+02
23:46:55.815;+00:23:33.781;3.30E+20;0.8;-999/-999;82049.2;7.9414e-15;1.68072e-15;6.00509e-15;1.86354e-15;-9.990E+02;6.74654e-15;2.37985e-15;-9.990E+02;7.64089e-15;3.19925e-15;-9.990E+02
23:47:47.263;+00:13:34.355;3.29E+20;0.701;+0.13/-0.12;83325.7;4.57833e-14;3.48335e-15;2.40475e-14;3.21727e-15;-9.990E+02;4.06192e-14;5.17004e-15;-9.990E+02;5.12789e-14;7.15957e-15;-9.990E+02
23:47:49.309;+00:11:49.461;3.29E+20;0.8;-999/-999;64619.7;9.00329e-15;1.82026e-15;5.22334e-15;-3.29855e-12;5.99529e-15;1.27492e-14;3.47997e-15;-9.990E+02;1.54109e-14;4.9069e-15;-9.990E+02
23:47:52.121;+00:18:34.790;3.29E+20;0.8;-999/-999;85472.2;8.78626e-15;1.68024e-15;6.70883e-15;1.90447e-15;-9.990E+02;4.71491e-15;1.92737e-15;-9.990E+02;1.24668e-14;3.88238e-15;-9.990E+02
23:46:40.817;+00:22:11.907;3.30E+20;0.8;-999/-999;76530.4;5.78588e-15;1.54066e-15;6.99874e-16;7.16392e-16;-9.990E+02;3.93013e-15;1.98791e-15;-9.990E+02;1.48504e-14;4.8191e-15;-9.990E+02
23:46:42.596;+00:23:01.592;3.30E+20;0.8;-999/-999;80868.2;3.9623e-15;1.30256e-15;2.39568e-15;1.41805e-15;-9.990E+02;3.36506e-15;1.99184e-15;-9.990E+02;5.08332e-15;3.0089e-15;-9.990E+02
23:47:08.498;+00:27:08.628;3.31E+20;0.8;-999/-999;83460.0;1.31745e-14;2.10165e-15;6.46481e-16;6.46736e-16;-9.990E+02;1.17953e-14;3.25941e-15;-9.990E+02;3.1524e-14;6.33068e-15;-9.990E+02
23:47:00.420;+00:05:36.755;3.26E+20;1.369;+0.07/-0.07;14701.1;1.33782e-13;4.81518e-15;2.33524e-13;1.19102e-14;-9.990E+02;1.97355e-13;1.21249e-14;-9.990E+02;1.13393e-13;1.05776e-14;-9.990E+02
23:47:21.828;+00:27:21.153;3.31E+20;0.8;-999/-999;79958.5;1.01776e-14;1.96154e-15;5.27714e-15;1.87383e-15;-9.990E+02;1.23486e-14;3.4197e-15;-9.990E+02;9.32885e-15;3.65551e-15;-9.990E+02
23:47:51.407;+00:09:37.744;3.29E+20;0.873;+0.17/-0.14;40100.3;4.02252e-14;3.55509e-15;3.20899e-14;4.49e-15;-9.990E+02;3.61136e-14;5.56248e-15;-9.990E+02;4.18667e-14;7.36896e-15;-9.990E+02
23:47:14.134;+00:27:45.224;3.31E+20;0.8;-999/-999;82686.4;1.87327e-14;2.52198e-15;1.33747e-14;2.78735e-15;-9.990E+02;2.03419e-14;4.19118e-15;-9.990E+02;1.29957e-14;4.13597e-15;-9.990E+02
23:47:57.027;+00:21:20.588;3.30E+20;0.8;-999/-999;81488.9;9.73277e-15;1.96084e-15;5.88819e-15;2.08387e-15;-9.990E+02;1.03376e-14;3.28403e-15;-9.990E+02;9.37182e-15;3.82853e-15;-9.990E+02
23:46:24.280;+00:19:15.459;3.29E+20;1.695;+0.10/-0.09;15697.7;8.34833e-14;3.48301e-15;3.14475e-13;1.56739e-14;-9.990E+02;1.00171e-13;9.44883e-15;-9.990E+02;6.18447e-14;8.12771e-15;-9.990E+02
23:47:09.826;+00:28:54.315;3.32E+20;0.8;-999/-999;71070.0;1.0847e-14;2.1024e-15;6.15405e-15;2.09971e-15;-9.990E+02;1.38143e-14;3.74903e-15;-9.990E+02;7.82452e-15;3.43772e-15;-9.990E+02
23:47:30.560;+00:30:55.978;3.32E+20;1.084;+0.08/-0.08;17914.1;1.85312e-13;8.25056e-15;1.53025e-13;1.18446e-14;-9.990E+02;2.72521e-13;1.80474e-14;-9.990E+02;1.76843e-13;1.71772e-14;-9.990E+02
02:35:52.659;+00:39:33.256;2.32E+20;0.8;-999/-999;6928.4;2.26795e-14;7.7178e-15;7.88959e-15;6.03141e-15;-9.990E+02;3.54584e-14;1.54465e-14;-9.990E+02;1.80364e-14;1.37884e-14;-9.990E+02
02:35:18.335;+00:39:07.656;2.27E+20;0.8;-999/-999;7158.0;2.26647e-14;8.109e-15;1.96601e-14;9.85236e-15;-9.990E+02;2.21686e-14;1.28703e-14;-9.990E+02;1.12786e-14;1.13056e-14;-9.990E+02
02:35:21.383;+00:49:21.229;2.22E+20;0.8;-999/-999;6521.4;2.67931e-14;9.71352e-15;2.31898e-14;-1.68064e-11;1.02292e-13;4.66578e-14;2.06506e-14;-9.990E+02;3.56307e-14;2.20815e-14;-9.990E+02
01:26:50.378;+01:16:11.311;2.84E+20;0.8;-999/-999;12434.5;2.06146e-14;5.92927e-15;2.13942e-14;8.00136e-15;-9.990E+02;4.42342e-15;4.47313e-15;-9.990E+02;2.68504e-14;1.35842e-14;-9.990E+02
01:26:59.117;+01:12:47.423;2.82E+20;0.8;-999/-999;11868.3;2.87175e-14;6.7522e-15;1.09352e-14;5.63783e-15;-9.990E+02;3.16917e-14;1.13294e-14;-9.990E+02;4.01044e-14;1.6003e-14;-9.990E+02
01:27:13.375;+01:14:23.941;2.78E+20;0.8;-999/-999;12248.8;3.25448e-14;7.29333e-15;1.64948e-14;6.87526e-15;-9.990E+02;2.39676e-14;9.99004e-15;-9.990E+02;5.45794e-14;1.87391e-14;-9.990E+02
01:27:13.860;+01:13:19.311;2.78E+20;0.8;-999/-999;12444.9;3.99619e-14;7.84377e-15;1.32964e-14;5.93529e-15;-9.990E+02;7.08456e-14;1.66524e-14;-9.990E+02;1.95581e-14;1.08405e-14;-9.990E+02
01:27:11.462;+01:20:23.510;2.79E+20;0.8;-999/-999;12542.0;1.31951e-14;4.81775e-15;4.39079e-15;-8.54457e-12;2.21299e-14;1.94288e-14;9.3135e-15;-9.990E+02;2.21285e-14;1.22577e-14;-9.990E+02
01:26:36.971;+01:19:47.672;2.88E+20;0.8;-999/-999;11713.5;1.26316e-14;4.8328e-15;7.4996e-15;4.99974e-15;-9.990E+02;1.08294e-14;7.21726e-15;-9.990E+02;1.64248e-14;1.09498e-14;-9.990E+02
01:27:28.140;+01:21:39.220;2.75E+20;-0.683;+0.26/-0.20;12793.0;1.68885e-13;2.15396e-14;1.21633e-14;4.68704e-15;-9.990E+02;4.32628e-14;1.34753e-14;-9.990E+02;3.33498e-13;5.04766e-14;-9.990E+02
01:27:29.470;+01:08:32.852;2.75E+20;0.8;-999/-999;11644.4;2.99525e-14;7.42284e-15;3.09603e-14;1.00091e-14;-9.990E+02;2.57639e-14;1.10325e-14;-9.990E+02;9.78388e-15;8.53935e-15;-9.990E+02
01:26:38.909;+01:06:25.247;2.92E+20;0.8;-999/-999;12813.9;1.63159e-14;5.80734e-15;1.24886e-14;6.91068e-15;-9.990E+02;1.1986e-14;8.14107e-15;-9.990E+02;1.81774e-14;1.23464e-14;-9.990E+02
00:19:35.345;+00:38:18.755;2.89E+20;0.8;-999/-999;24513.3;2.01117e-14;4.1439e-15;1.07533e-14;4.08266e-15;-9.990E+02;1.03405e-14;4.76705e-15;-9.990E+02;3.92197e-14;1.14889e-14;-9.990E+02
00:19:57.573;+00:39:37.212;2.90E+20;0.8;-999/-999;24517.1;3.54155e-14;5.25084e-15;2.34527e-14;5.69993e-15;-9.990E+02;3.3811e-14;8.2174e-15;-9.990E+02;3.55021e-14;1.03898e-14;-9.990E+02
00:19:27.158;+00:35:39.164;2.89E+20;0.8;-999/-999;23315.0;1.7874e-14;4.00577e-15;1.17358e-14;4.28458e-15;-9.990E+02;1.93524e-14;6.74208e-15;-9.990E+02;1.46737e-14;7.10244e-15;-9.990E+02
00:20:08.798;+00:35:51.618;2.88E+20;0.8;-999/-999;23984.8;1.30651e-14;3.452e-15;7.75796e-15;3.51605e-15;-9.990E+02;8.40001e-15;4.43975e-15;-9.990E+02;2.12423e-14;8.65964e-15;-9.990E+02
00:19:52.703;+00:29:39.933;2.87E+20;0.8;-999/-999;23284.4;1.10258e-14;3.31272e-15;4.36402e-15;2.78559e-15;-9.990E+02;6.30373e-15;4.02374e-15;-9.990E+02;2.39097e-14;9.69966e-15;-9.990E+02
00:19:26.500;+00:37:57.538;2.89E+20;0.8;-999/-999;24664.8;7.1648e-15;2.7626e-15;4.64409e-15;3.03121e-15;-9.990E+02;5.02281e-15;3.64456e-15;-9.990E+02;1.01633e-14;6.63361e-15;-9.990E+02
00:19:49.764;+00:41:17.186;2.91E+20;0.8;-999/-999;25069.1;1.05877e-14;3.17906e-15;6.86837e-15;-5.66733e-12;9.60338e-15;2.09455e-15;2.19262e-15;-9.990E+02;3.81002e-14;1.20929e-14;-9.990E+02
00:19:27.037;+00:31:01.080;2.88E+20;0.8;-999/-999;25046.0;7.27405e-15;2.7616e-15;5.76003e-15;3.2331e-15;-9.990E+02;4.15916e-15;3.24741e-15;-9.990E+02;9.46256e-15;6.15928e-15;-9.990E+02
00:19:36.360;+00:41:35.119;2.91E+20;0.8;-999/-999;21872.6;1.05932e-14;3.31728e-15;8.10147e-15;3.8892e-15;-9.990E+02;3.89064e-15;3.16723e-15;-9.990E+02;1.77029e-14;8.49845e-15;-9.990E+02
00:19:17.157;+00:35:27.650;2.88E+20;0.8;-999/-999;24707.5;9.83268e-15;3.17584e-15;7.00504e-15;3.57511e-15;-9.990E+02;5.05776e-15;3.6548e-15;-9.990E+02;1.53416e-14;7.82978e-15;-9.990E+02
00:19:14.896;+00:34:35.222;2.88E+20;0.8;-999/-999;25096.5;1.57687e-14;3.86624e-15;5.26547e-15;2.93046e-15;-9.990E+02;2.53421e-14;7.82817e-15;-9.990E+02;1.15318e-14;6.41794e-15;-9.990E+02
00:19:16.324;+00:31:13.923;2.87E+20;0.8;-999/-999;25065.0;2.32581e-14;4.69302e-15;3.10767e-14;7.275e-15;-9.990E+02;1.49585e-14;6.03738e-15;-9.990E+02;1.70175e-14;-1.83054e-11;2.99827e-14
00:20:05.973;+00:27:41.040;2.86E+20;0.8;-999/-999;15056.3;4.12314e-14;6.34754e-15;1.83515e-14;5.7192e-15;-9.990E+02;5.30519e-14;1.1697e-14;-9.990E+02;4.02528e-14;1.25447e-14;-9.990E+02
00:20:16.045;+00:41:00.995;2.88E+20;0.8;-999/-999;23189.0;2.84307e-14;5.10896e-15;1.68913e-14;5.28023e-15;-9.990E+02;2.92597e-14;8.41066e-15;-9.990E+02;2.95947e-14;1.03679e-14;-9.990E+02
00:19:14.202;+00:31:26.745;2.87E+20;0.8;-999/-999;25108.7;8.74558e-15;3.03666e-15;5.19256e-15;-5.404e-12;1.28732e-14;1.68763e-14;6.66243e-15;-9.990E+02;8.5357e-15;5.92757e-15;-9.990E+02
00:19:06.902;+00:36:31.489;2.88E+20;0.8;-999/-999;25106.6;1.71357e-14;4.1424e-15;4.07213e-15;2.76806e-15;-9.990E+02;1.46973e-14;6.21565e-15;-9.990E+02;3.56786e-14;1.17851e-14;-9.990E+02
00:19:18.620;+00:27:53.542;2.87E+20;0.8;-999/-999;23254.6;9.19004e-15;3.31272e-15;3.63873e-15;2.73396e-15;-9.990E+02;1.57647e-14;7.06729e-15;-9.990E+02;3.9871e-15;4.41604e-15;-9.990E+02
00:19:04.878;+00:34:38.169;2.88E+20;0.8;-999/-999;18514.7;2.71741e-14;5.38512e-15;2.90585e-14;7.42333e-15;-9.990E+02;1.39763e-14;6.27248e-15;-9.990E+02;2.12045e-14;9.51644e-15;-9.990E+02
00:19:17.066;+00:27:38.612;2.87E+20;0.8;-999/-999;22258.7;1.02391e-14;3.45075e-15;8.10355e-15;4.09849e-15;-9.990E+02;8.77906e-15;5.07495e-15;-9.990E+02;8.88058e-15;6.41255e-15;-9.990E+02
00:19:04.440;+00:39:29.464;2.89E+20;0.8;-999/-999;19771.5;1.82608e-14;4.55829e-15;1.30236e-14;5.06023e-15;-9.990E+02;1.40916e-14;6.41527e-15;-9.990E+02;2.13774e-14;9.73217e-15;-9.990E+02
21:30:47.503;-00:14:41.396;3.53E+20;0.8;-999/-999;18847.9;2.18187e-14;5.50407e-15;4.70393e-15;3.5092e-15;-9.990E+02;2.92974e-14;1.00152e-14;-9.990E+02;2.94313e-14;1.23476e-14;-9.990E+02
21:31:01.735;-00:16:42.143;3.52E+20;0.8;-999/-999;11753.3;2.60734e-14;6.20796e-15;2.38762e-14;8.12151e-15;-9.990E+02;2.64552e-14;1.01247e-14;-9.990E+02;9.96848e-15;7.6274e-15;-9.990E+02
21:30:41.338;-00:20:58.929;3.53E+20;0.8;-999/-999;16981.3;1.78953e-14;5.22181e-15;2.2687e-14;8.04505e-15;-9.990E+02;1.04697e-14;6.32122e-15;-9.990E+02;5.25998e-15;5.44285e-15;-9.990E+02
21:30:56.261;-00:12:12.243;3.53E+20;0.8;-999/-999;19003.0;2.94256e-14;6.06859e-15;7.352e-15;4.07295e-15;-9.990E+02;3.05287e-14;9.75387e-15;-9.990E+02;5.1138e-14;1.56812e-14;-9.990E+02
21:31:01.578;-00:21:39.687;3.52E+20;1.884;+0.22/-0.17;4568.4;5.69139e-14;5.18184e-15;3.57518e-13;3.47137e-14;-9.990E+02;1.72652e-13;-3.84064e-11;3.0991e-13;5.48561e-14;1.46733e-14;-9.990E+02
21:30:24.529;-00:13:53.463;3.54E+20;0.803;+0.20/-0.16;17956.2;1.07419e-13;1.15489e-14;7.22471e-14;1.28828e-14;-9.990E+02;9.65229e-14;1.74758e-14;-9.990E+02;1.15346e-13;2.33387e-14;-9.990E+02
21:30:22.720;-00:25:52.419;3.54E+20;0.720;+0.12/-0.10;10993.3;2.91946e-13;1.95533e-14;1.64495e-13;1.92576e-14;-9.990E+02;2.54213e-13;2.75544e-14;-9.990E+02;3.23833e-13;3.95937e-14;-9.990E+02
21:30:04.071;-00:21:05.632;3.54E+20;0.8;-999/-999;18753.3;5.19119e-14;8.75316e-15;2.71988e-14;8.63841e-15;-9.990E+02;8.14762e-14;1.73585e-14;-9.990E+02;1.88912e-14;1.02925e-14;-9.990E+02
21:30:01.133;-00:16:40.228;3.55E+20;0.8;-999/-999;18791.1;1.86141e-14;5.93166e-15;2.19494e-14;8.83674e-15;-9.990E+02;1.01105e-14;7.04941e-15;-9.990E+02;1.01578e-14;8.49634e-15;-9.990E+02
21:30:02.399;-00:20:59.346;3.54E+20;0.8;-999/-999;18007.3;2.03158e-14;6.21192e-15;2.23362e-14;8.88685e-15;-9.990E+02;1.02991e-14;6.91617e-15;-9.990E+02;1.55197e-14;1.0422e-14;-9.990E+02
02:36:56.900;+00:43:36.179;2.46E+20;0.8;-999/-999;7910.6;1.45867e-14;6.25922e-15;3.64562e-15;4.10757e-15;-9.990E+02;1.08214e-14;8.63734e-15;-9.990E+02;3.29843e-14;1.88374e-14;-9.990E+02
02:36:55.404;+00:36:47.860;2.52E+20;0.8;-999/-999;7796.8;5.1135e-14;1.09088e-14;3.9237e-14;1.23764e-14;-9.990E+02;4.97246e-14;1.69757e-14;-9.990E+02;3.78776e-14;1.83814e-14;-9.990E+02
02:37:13.043;+00:40:19.169;2.53E+20;0.8;-999/-999;7915.6;1.86472e-14;7.36614e-15;3.27314e-14;1.29298e-14;-9.990E+02;1.81342e-14;-1.90821e-11;7.99008e-14;1.38092e-14;-2.90564e-11;1.21665e-13
02:36:51.115;+00:50:51.832;2.38E+20;0.8;-999/-999;7915.5;6.43713e-14;1.31619e-14;4.01088e-14;1.41008e-14;-9.990E+02;5.98454e-14;2.10394e-14;-9.990E+02;7.30138e-14;2.87263e-14;-9.990E+02
02:36:33.082;+00:31:40.626;2.51E+20;0.8;-999/-999;7826.9;1.7434e-14;7.22443e-15;7.64753e-15;6.41637e-15;-9.990E+02;2.26281e-14;1.32855e-14;-9.990E+02;1.72285e-14;1.4455e-14;-9.990E+02
02:36:35.166;+00:54:11.810;2.29E+20;0.576;+0.15/-0.12;3263.4;3.06498e-13;3.38583e-14;2.13304e-13;3.3871e-14;-9.990E+02;3.41258e-13;-7.53245e-11;5.63677e-13;5.4131e-13;8.59557e-14;-9.990E+02
02:06:15.882;-00:17:29.427;2.43E+20;0.906;+0.01/-0.01;30158.1;5.38835e-12;4.70706e-14;4.40126e-12;5.90389e-14;-9.990E+02;5.16047e-12;7.84574e-14;-9.990E+02;5.54433e-12;9.68166e-14;-9.990E+02
02:05:57.076;-00:21:56.802;2.46E+20;0.8;-999/-999;27992.3;1.22259e-14;2.85747e-15;8.91283e-15;3.26939e-15;-9.990E+02;1.58787e-14;5.13858e-15;-9.990E+02;4.03244e-15;3.26235e-15;-9.990E+02
02:05:47.018;-00:19:13.623;2.44E+20;0.8;-999/-999;25065.5;8.74487e-15;2.58362e-15;6.79727e-15;3.05509e-15;-9.990E+02;7.5754e-15;3.95023e-15;-9.990E+02;7.70055e-15;4.81473e-15;-9.990E+02
02:06:20.921;-00:23:47.761;2.47E+20;0.549;+0.25/-0.19;29872.5;4.2539e-14;5.782e-15;1.83862e-14;4.35397e-15;-9.990E+02;3.17618e-14;7.36182e-15;-9.990E+02;5.05157e-14;1.17086e-14;-9.990E+02
02:06:29.047;-00:22:07.016;2.46E+20;0.8;-999/-999;31220.1;7.53964e-15;2.44926e-15;2.93126e-15;1.98997e-15;-9.990E+02;6.52748e-15;3.63659e-15;-9.990E+02;1.32637e-14;6.57533e-15;-9.990E+02
02:06:18.546;-00:24:51.692;2.47E+20;0.8;-999/-999;29472.0;7.19394e-15;2.31404e-15;2.79776e-15;-4.0465e-12;1.18845e-14;2.66855e-15;2.28788e-15;-9.990E+02;2.43954e-14;8.44954e-15;-9.990E+02
02:06:01.851;-00:11:39.105;2.40E+20;0.440;+0.26/-0.20;19063.6;4.27398e-14;6.20445e-15;1.32327e-14;3.8416e-15;-9.990E+02;3.28261e-14;7.62384e-15;-9.990E+02;5.31245e-14;1.23381e-14;-9.990E+02
02:06:28.238;-00:13:19.653;2.42E+20;0.8;-999/-999;30797.0;1.56262e-14;3.26112e-15;7.28044e-15;2.92452e-15;-9.990E+02;1.89619e-14;5.72955e-15;-9.990E+02;1.65152e-14;6.63407e-15;-9.990E+02
02:05:52.315;-00:26:07.167;2.48E+20;0.8;-999/-999;18738.6;1.67489e-14;3.67659e-15;8.3785e-15;3.37239e-15;-9.990E+02;1.24181e-14;4.99835e-15;-9.990E+02;2.83805e-14;9.34888e-15;-9.990E+02
02:06:26.045;-00:26:27.027;2.48E+20;0.8;-999/-999;23612.3;1.37259e-14;3.26808e-15;1.71792e-14;4.85586e-15;-9.990E+02;1.0184e-14;4.62718e-15;-9.990E+02;2.32699e-14;-1.29139e-11;5.12519e-14
02:05:41.381;-00:12:53.756;2.39E+20;0.523;+0.24/-0.18;18538.4;2.65308e-14;5.20211e-15;2.52377e-14;-6.92303e-12;2.33376e-14;2.28129e-14;7.09792e-15;-9.990E+02;5.47009e-14;1.3756e-14;-9.990E+02
02:06:06.074;-00:09:42.290;2.39E+20;0.8;-999/-999;17251.0;2.93855e-14;4.88628e-15;2.05086e-14;5.36871e-15;-9.990E+02;3.82076e-14;9.18112e-15;-9.990E+02;1.16577e-14;6.10075e-15;-9.990E+02
02:06:34.541;-00:26:13.145;2.48E+20;0.8;-999/-999;22736.2;2.10246e-14;4.0851e-15;1.71887e-14;4.99419e-15;-9.990E+02;1.09158e-14;4.80039e-15;-9.990E+02;2.77181e-14;9.4512e-15;-9.990E+02
02:06:09.421;-00:09:05.701;2.39E+20;0.8;-999/-999;14227.3;2.94806e-14;5.15774e-15;6.42966e-15;3.24443e-15;-9.990E+02;3.83488e-14;9.46008e-15;-9.990E+02;4.3863e-14;1.24115e-14;-9.990E+02
02:06:50.998;-00:18:14.162;2.45E+20;0.8;-999/-999;23279.1;1.99541e-14;4.0806e-15;3.87604e-15;2.43651e-15;-9.990E+02;2.87891e-14;8.01443e-15;-9.990E+02;2.63224e-14;9.45624e-15;-9.990E+02
02:06:47.968;-00:14:40.107;2.44E+20;0.8;-999/-999;27227.0;1.03617e-14;3.12754e-15;6.58568e-15;3.36416e-15;-9.990E+02;1.22358e-14;5.41655e-15;-9.990E+02;7.45822e-15;5.40115e-15;-9.990E+02
02:06:53.253;-00:20:35.665;2.46E+20;0.8;-999/-999;20861.2;1.64645e-14;3.94603e-15;1.04773e-14;-6.89834e-12;2.71933e-14;1.83278e-14;6.58756e-15;-9.990E+02;3.72333e-14;1.15243e-14;-9.990E+02
02:07:00.383;-00:17:56.987;2.45E+20;0.8;-999/-999;17843.1;4.67229e-14;6.66498e-15;1.25704e-14;4.53514e-15;-9.990E+02;7.46671e-14;1.37072e-14;-9.990E+02;4.26769e-14;1.28273e-14;-9.990E+02
02:06:59.126;-00:22:13.609;2.47E+20;0.8;-999/-999;19940.6;2.50597e-14;5.03644e-15;1.31619e-14;4.7948e-15;-9.990E+02;1.9521e-14;7.11141e-15;-9.990E+02;3.96573e-14;1.25854e-14;-9.990E+02
02:07:00.636;-00:16:37.248;2.45E+20;0.8;-999/-999;17948.6;2.2933e-14;5.03274e-15;4.45662e-15;2.88621e-15;-9.990E+02;4.63268e-14;1.15729e-14;-9.990E+02;1.00863e-14;6.53213e-15;-9.990E+02
22:06:41.818;-00:31:57.577;5.15E+20;0.8;-999/-999;6040.9;2.34996e-14;9.2039e-15;9.2168e-15;8.07817e-15;-9.990E+02;1.15485e-14;1.01218e-14;-9.990E+02;5.13445e-14;2.60292e-14;-9.990E+02
22:06:43.216;-00:31:03.422;5.14E+20;0.8;-999/-999;6002.2;1.28182e-13;1.92933e-14;6.76598e-14;1.95471e-14;-9.990E+02;1.45462e-13;3.16207e-14;-9.990E+02;1.25736e-13;3.63255e-14;-9.990E+02
22:06:44.839;-00:39:03.202;5.24E+20;0.8;-999/-999;6068.5;3.24195e-14;1.0866e-14;1.71862e-14;-2.13743e-11;5.27837e-14;2.98426e-14;1.59988e-14;-9.990E+02;7.36138e-14;3.10249e-14;-9.990E+02
22:06:31.627;-00:39:59.011;5.24E+20;0.8;-999/-999;5952.0;5.24696e-14;1.36942e-14;2.78133e-14;-2.6937e-11;9.74784e-14;9.1975e-14;2.84363e-14;-9.990E+02;5.44666e-14;2.67952e-14;-9.990E+02
22:06:21.604;-00:24:24.088;5.08E+20;0.8;-999/-999;6140.7;3.46671e-14;1.14075e-14;9.68668e-15;8.73916e-15;-9.990E+02;2.43795e-14;1.544e-14;-9.990E+02;7.23523e-14;3.2618e-14;-9.990E+02
21:18:17.313;+00:13:16.884;5.82E+20;1.009;+0.20/-0.16;13263.6;1.23106e-13;1.20066e-14;1.01576e-13;1.77821e-14;-9.990E+02;1.47921e-13;2.2761e-14;-9.990E+02;1.2137e-13;2.44782e-14;-9.990E+02
21:18:12.757;+00:11:59.514;5.84E+20;0.8;-999/-999;13033.7;2.68236e-14;6.8157e-15;2.32148e-14;8.9429e-15;-9.990E+02;1.86216e-14;8.82888e-15;-9.990E+02;2.74057e-14;1.29936e-14;-9.990E+02
21:18:35.479;+00:14:12.923;5.75E+20;0.8;-999/-999;13532.5;1.89291e-14;5.89173e-15;2.07691e-14;8.82901e-15;-9.990E+02;8.37487e-15;6.18101e-15;-9.990E+02;1.85023e-14;1.11783e-14;-9.990E+02
21:18:16.741;+00:17:18.918;5.85E+20;0.8;-999/-999;13704.3;1.63923e-14;5.6055e-15;1.10326e-14;6.6024e-15;-9.990E+02;1.32668e-14;7.9395e-15;-9.990E+02;1.95232e-14;1.16836e-14;-9.990E+02
21:18:06.980;+00:16:15.176;5.91E+20;0.8;-999/-999;13999.6;3.84712e-14;8.04328e-15;1.29805e-14;6.55014e-15;-9.990E+02;3.62979e-14;1.21128e-14;-9.990E+02;6.10225e-14;1.91298e-14;-9.990E+02
21:18:41.250;+00:06:57.092;5.60E+20;0.8;-999/-999;13540.0;7.55259e-14;1.08302e-14;8.84813e-14;1.62351e-14;-9.990E+02;7.62273e-14;1.67274e-14;-9.990E+02;1.20739e-13;-3.89278e-11;6.21286e-14
21:18:01.594;+00:08:01.924;5.84E+20;0.8;-999/-999;13235.8;1.85841e-14;6.0584e-15;2.50126e-14;1.00405e-14;-9.990E+02;5.01775e-15;4.83013e-15;-9.990E+02;1.4764e-14;1.03407e-14;-9.990E+02
21:18:03.448;+00:18:05.395;5.95E+20;0.8;-999/-999;14233.7;1.5664e-14;5.62141e-15;2.11774e-14;-1.13866e-11;4.20837e-14;7.60274e-15;6.22143e-15;-9.990E+02;4.46838e-14;1.78583e-14;-9.990E+02
21:18:48.052;+00:18:48.940;5.68E+20;0.8;-999/-999;11300.0;3.38479e-14;7.68927e-15;2.90821e-14;1.00558e-14;-9.990E+02;3.53181e-14;1.22121e-14;-9.990E+02;1.73528e-14;1.0403e-14;-9.990E+02
21:17:51.727;+00:06:46.176;5.89E+20;0.8;-999/-999;13913.3;1.86402e-14;6.37014e-15;1.50823e-14;8.02896e-15;-9.990E+02;1.80948e-14;9.63265e-15;-9.990E+02;1.33086e-14;1.0217e-14;-9.990E+02
21:18:01.769;+00:04:31.728;5.79E+20;0.8;-999/-999;13158.0;3.53902e-14;8.3182e-15;3.96071e-14;1.25676e-14;-9.990E+02;1.91141e-14;9.70596e-15;-9.990E+02;2.81448e-14;1.42916e-14;-9.990E+02
21:17:49.836;+00:20:35.422;6.06E+20;0.8;-999/-999;12819.3;4.62534e-14;9.4488e-15;6.2802e-15;5.05396e-15;-9.990E+02;1.49225e-14;8.31689e-15;-9.990E+02;1.31496e-13;2.98465e-14;-9.990E+02
21:17:53.217;+00:01:59.372;5.78E+20;0.8;-999/-999;6910.4;8.70005e-14;1.45152e-14;8.75931e-14;2.08768e-14;-9.990E+02;5.28991e-14;1.78989e-14;-9.990E+02;7.79003e-14;2.63583e-14;-9.990E+02
02:59:28.535;-00:19:59.637;7.23E+20;0.626;+0.12/-0.11;7597.7;5.23714e-13;3.71805e-14;2.48199e-13;3.36703e-14;-9.990E+02;4.2361e-13;4.77414e-14;-9.990E+02;6.05032e-13;7.1447e-14;-9.990E+02
02:59:32.707;-00:12:42.603;7.12E+20;0.8;-999/-999;7675.7;2.60388e-14;8.94102e-15;1.10742e-14;8.41824e-15;-9.990E+02;4.96008e-14;1.88468e-14;-9.990E+02;3.24735e-14;-3.08894e-11;1.19294e-13
02:59:10.394;-00:18:49.374;6.95E+20;0.8;-999/-999;7116.1;2.35474e-14;8.58825e-15;9.95248e-15;8.04247e-15;-9.990E+02;1.12462e-14;9.08789e-15;-9.990E+02;4.90763e-14;2.30494e-14;-9.990E+02
02:59:51.682;-00:15:21.229;7.23E+20;-0.115;+0.26/-0.20;7716.5;1.60299e-13;2.6818e-14;3.35023e-14;-2.79992e-11;4.10434e-14;7.7057e-14;2.51899e-14;-9.990E+02;3.01393e-13;6.03633e-14;-9.990E+02
02:59:10.480;-00:22:38.314;7.02E+20;0.8;-999/-999;7160.0;1.45796e-13;2.03385e-14;1.69361e-13;3.18471e-14;-9.990E+02;1.45755e-13;3.1628e-14;-9.990E+02;1.63045e-14;1.25674e-14;-9.990E+02
02:59:33.377;-00:25:14.290;7.14E+20;0.8;-999/-999;7139.5;4.53243e-14;1.19274e-14;5.79013e-14;1.91412e-14;-9.990E+02;2.15786e-14;1.2448e-14;-9.990E+02;3.13354e-14;1.80764e-14;-9.990E+02
02:59:45.384;-00:24:52.400;7.28E+20;0.8;-999/-999;7164.1;6.06137e-14;1.35467e-14;5.19012e-14;1.86089e-14;-9.990E+02;8.64051e-14;2.54762e-14;-9.990E+02;4.17662e-14;-4.66173e-11;1.38208e-13
02:58:55.669;-00:15:50.890;6.84E+20;0.8;-999/-999;7677.2;2.50521e-14;9.0306e-15;2.63499e-14;1.3468e-14;-9.990E+02;2.99533e-14;1.53098e-14;-9.990E+02;1.7455e-14;-3.1418e-11;7.19566e-14
02:59:07.019;-00:24:26.749;7.03E+20;0.8;-999/-999;6407.5;2.65877e-14;9.70238e-15;2.81812e-14;-2.0543e-11;9.29643e-14;3.17032e-14;-2.31104e-11;1.04583e-13;9.21555e-14;3.36294e-14;-9.990E+02
02:59:38.143;-00:07:32.828;7.06E+20;0.8;-999/-999;5411.6;4.60433e-14;1.2842e-14;3.25541e-14;1.55725e-14;-9.990E+02;3.65626e-14;1.749e-14;-9.990E+02;5.31374e-14;2.54187e-14;-9.990E+02
02:59:25.989;-00:07:02.562;7.01E+20;-0.167;+0.20/-0.16;4656.6;1.13843e-13;2.4604e-14;3.81152e-14;-2.46933e-11;1.25913e-13;6.09892e-14;-3.95124e-11;2.01478e-13;3.03476e-13;6.5588e-14;-9.990E+02
02:58:49.191;-00:12:45.448;6.76E+20;0.8;-999/-999;6902.6;3.61523e-14;1.13413e-14;3.78766e-14;1.62449e-14;-9.990E+02;2.88393e-14;-2.71212e-11;9.52013e-14;6.30555e-14;2.70439e-14;-9.990E+02
02:58:52.252;-00:05:39.879;6.65E+20;0.008;+0.17/-0.15;4324.3;1.94505e-13;3.74768e-14;1.06544e-13;-4.10159e-11;2.34673e-13;1.0814e-13;-6.2453e-11;3.57327e-13;5.31373e-13;1.02384e-13;-9.990E+02
23:35:17.708;+01:03:07.056;3.97E+20;0.8;-999/-999;3575.9;3.06076e-13;3.72216e-14;1.38997e-13;3.37537e-14;-9.990E+02;4.78187e-13;7.48405e-14;-9.990E+02;1.55948e-13;5.21285e-14;-9.990E+02
23:35:21.678;+00:57:52.502;3.91E+20;0.8;-999/-999;4034.4;3.5008e-14;1.37174e-14;1.58519e-14;-2.55152e-11;8.61236e-14;5.28553e-14;2.58883e-14;-9.990E+02;5.28901e-14;3.2385e-14;-9.990E+02
00:02:06.611;+00:24:52.898;2.88E+20;0.8;-999/-999;3221.7;1.05079e-13;2.48544e-14;1.19162e-13;3.51359e-14;-9.990E+02;9.82783e-14;3.96736e-14;-9.990E+02;0;-9.68888e-11;2.46371e-13
00:02:57.191;+00:33:43.275;2.91E+20;0.8;-999/-999;3429.9;4.94689e-14;1.93508e-14;5.2974e-14;2.73255e-14;-9.990E+02;2.5426e-14;2.28002e-14;-9.990E+02;3.85637e-14;3.45812e-14;-9.990E+02
21:28:48.640;+00:40:09.559;3.74E+20;0.8;-999/-999;6529.8;2.72709e-14;9.37926e-15;7.20351e-15;6.35758e-15;-9.990E+02;1.96818e-14;1.24335e-14;-9.990E+02;5.91952e-14;2.64139e-14;-9.990E+02
21:29:40.443;+00:35:27.248;3.70E+20;1.003;+0.14/-0.12;6597.8;4.17319e-13;3.09478e-14;3.82718e-13;4.43593e-14;-9.990E+02;4.56449e-13;5.44214e-14;-9.990E+02;4.12398e-13;6.21324e-14;-9.990E+02
21:29:57.401;+00:31:27.444;3.68E+20;0.8;-999/-999;4284.4;8.62894e-14;1.98562e-14;4.54801e-14;1.91022e-14;-9.990E+02;3.11678e-14;1.87717e-14;-9.990E+02;1.87605e-13;5.58445e-14;-9.990E+02
23:52:29.961;-00:27:01.732;3.25E+20;0.8;-999/-999;4210.9;8.06819e-14;1.81779e-14;1.32808e-14;9.87324e-15;-9.990E+02;7.48818e-14;2.74055e-14;-9.990E+02;1.69737e-13;5.09804e-14;-9.990E+02
23:53:21.578;-00:28:40.219;3.20E+20;0.8;-999/-999;4345.1;1.67089e-13;2.7918e-14;1.09774e-13;2.99338e-14;-9.990E+02;1.74598e-13;4.45675e-14;-9.990E+02;1.46703e-13;5.05453e-14;-9.990E+02
02:25:08.082;+00:17:08.013;2.89E+20;0.8;-999/-999;5905.6;8.00878e-14;1.51943e-14;3.00659e-14;1.26395e-14;-9.990E+02;9.75434e-14;2.60483e-14;-9.990E+02;9.86689e-14;3.39872e-14;-9.990E+02
02:25:34.656;+00:18:22.272;2.84E+20;0.8;-999/-999;5942.5;4.32837e-14;1.15828e-14;4.19936e-14;1.5625e-14;-9.990E+02;2.0264e-14;1.29224e-14;-9.990E+02;4.61355e-14;2.414e-14;-9.990E+02
02:25:09.745;+00:19:05.284;2.90E+20;0.8;-999/-999;5378.5;1.0586e-13;1.79634e-14;8.58316e-14;2.17844e-14;-9.990E+02;7.42514e-14;2.40163e-14;-9.990E+02;1.12628e-13;3.6429e-14;-9.990E+02
02:25:08.834;+00:10:54.021;2.87E+20;0.8;-999/-999;6043.8;1.9407e-14;8.00574e-15;1.57129e-14;-1.42451e-11;3.80345e-14;2.49628e-14;1.44187e-14;-9.990E+02;3.78772e-14;2.18781e-14;-9.990E+02
02:25:45.962;+00:12:17.115;2.77E+20;0.8;-999/-999;6388.6;2.0634e-14;8.2536e-15;1.66356e-14;-1.4623e-11;4.02534e-14;2.6604e-14;1.50933e-14;-9.990E+02;4.04085e-14;2.29251e-14;-9.990E+02
02:25:56.426;+00:13:48.459;2.74E+20;0.8;-999/-999;4986.2;8.68082e-14;1.64904e-14;7.68657e-14;1.9915e-14;-9.990E+02;9.33281e-14;2.70765e-14;-9.990E+02;2.83544e-14;1.85114e-14;-9.990E+02
02:25:05.294;+00:05:38.697;2.85E+20;0.8;-999/-999;6375.1;6.24868e-14;1.51734e-14;3.70675e-14;1.56322e-14;-9.990E+02;6.43351e-14;2.46653e-14;-9.990E+02;6.50931e-14;3.05743e-14;-9.990E+02
02:24:51.255;+00:21:21.399;2.93E+20;0.8;-999/-999;6388.6;2.44826e-14;9.54408e-15;7.2868e-15;6.96074e-15;-9.990E+02;2.0968e-14;1.41019e-14;-9.990E+02;4.76944e-14;2.60298e-14;-9.990E+02
02:25:16.430;+00:04:21.138;2.84E+20;0.8;-999/-999;3741.2;5.95685e-14;1.51679e-14;2.11955e-14;1.2213e-14;-9.990E+02;5.11214e-14;-3.90156e-11;2.02675e-13;1.86223e-13;5.30326e-14;-9.990E+02
02:24:38.754;+00:16:51.384;2.91E+20;0.8;-999/-999;6333.5;2.25851e-14;9.39896e-15;1.6124e-14;1.08242e-14;-9.990E+02;1.16115e-14;1.09826e-14;-9.990E+02;3.52333e-14;2.36523e-14;-9.990E+02
02:25:01.065;+00:25:06.029;2.93E+20;0.8;-999/-999;5824.9;1.50907e-13;2.35144e-14;1.7965e-13;3.50013e-14;-9.990E+02;1.07683e-13;3.27243e-14;-9.990E+02;3.26639e-14;2.17616e-14;-9.990E+02
02:39:04.027;-00:44:08.827;3.09E+20;0.8;-999/-999;7492.2;3.42832e-14;9.45744e-15;0;-1.69873e-11;8.14728e-14;7.02526e-14;2.18698e-14;-9.990E+02;2.65806e-14;1.65542e-14;-9.990E+02
02:38:58.548;-00:40:59.562;3.09E+20;0.8;-999/-999;7597.1;2.15713e-14;7.6494e-15;6.46181e-15;5.61907e-15;-9.990E+02;2.76061e-14;1.38974e-14;-9.990E+02;2.78527e-14;1.68938e-14;-9.990E+02
02:39:13.857;-00:49:56.789;3.10E+20;0.8;-999/-999;7371.8;3.65746e-14;1.00166e-14;2.46756e-14;1.13017e-14;-9.990E+02;2.34035e-14;1.30514e-14;-9.990E+02;5.31513e-14;2.43439e-14;-9.990E+02
02:39:13.488;-00:51:24.402;3.10E+20;0.8;-999/-999;6542.8;4.96102e-14;1.19643e-14;8.92427e-15;6.88716e-15;-9.990E+02;8.88851e-14;2.65409e-14;-9.990E+02;3.84458e-14;2.10179e-14;-9.990E+02
02:38:20.179;-00:52:39.947;3.09E+20;0.8;-999/-999;7166.4;1.87341e-14;7.78848e-15;3.36844e-15;-1.39889e-11;3.17589e-14;2.73996e-14;1.44564e-14;-9.990E+02;3.11194e-14;1.91201e-14;-9.990E+02
20:40:09.208;-00:52:15.269;5.93E+20;1.670;+0.02/-0.02;36690.1;2.11673e-12;1.9533e-14;6.35713e-12;7.81428e-14;-9.990E+02;3.83826e-12;5.90137e-14;-9.990E+02;1.57979e-12;4.35649e-14;-9.990E+02
20:40:20.665;-00:56:02.141;5.90E+20;-0.002;+0.26/-0.20;36669.7;2.05104e-14;4.653e-15;1.14945e-14;-4.88951e-12;1.18836e-14;5.70081e-15;3.14126e-15;-9.990E+02;4.70335e-14;1.15247e-14;-9.990E+02
20:40:25.962;-00:55:14.336;5.85E+20;0.8;-999/-999;37723.8;1.13852e-14;2.8785e-15;3.2859e-15;2.15909e-15;-9.990E+02;1.38261e-14;4.99254e-15;-9.990E+02;1.45314e-14;5.87971e-15;-9.990E+02
20:40:04.115;-00:47:19.133;5.89E+20;0.8;-999/-999;36440.4;7.39846e-15;2.42672e-15;1.04742e-14;4.12339e-15;-9.990E+02;1.79549e-15;1.86101e-15;-9.990E+02;5.28337e-15;3.81174e-15;-9.990E+02
20:40:24.658;-00:56:53.059;5.88E+20;0.8;-999/-999;35794.0;1.51266e-14;3.33586e-15;1.64731e-14;4.88398e-15;-9.990E+02;5.64941e-15;3.07129e-15;-9.990E+02;1.66165e-14;6.57296e-15;-9.990E+02
20:40:07.727;-00:57:54.664;6.03E+20;0.8;-999/-999;37902.3;1.78917e-14;3.50221e-15;7.28316e-15;3.18774e-15;-9.990E+02;1.9065e-14;5.57828e-15;-9.990E+02;2.29134e-14;7.53852e-15;-9.990E+02
20:39:55.830;-00:56:36.062;6.10E+20;0.8;-999/-999;36326.1;9.0352e-15;2.74626e-15;3.9504e-15;2.61492e-15;-9.990E+02;6.24348e-15;3.5424e-15;-9.990E+02;1.60374e-14;6.82441e-15;-9.990E+02
20:39:45.425;-00:52:56.576;6.12E+20;0.8;-999/-999;37585.4;7.91389e-15;2.59522e-15;5.38669e-15;3.13912e-15;-9.990E+02;6.37788e-15;3.71674e-15;-9.990E+02;9.35954e-15;5.45431e-15;-9.990E+02
20:40:36.641;-00:48:39.434;5.70E+20;0.8;-999/-999;38119.0;7.74162e-15;2.4136e-15;6.21566e-15;3.0276e-15;-9.990E+02;1.88478e-15;1.88515e-15;-9.990E+02;1.38892e-14;6.1327e-15;-9.990E+02
20:40:38.758;-00:48:05.253;5.69E+20;0.8;-999/-999;39138.9;8.08945e-15;2.56377e-15;4.42631e-15;2.67454e-15;-9.990E+02;1.07449e-14;4.49477e-15;-9.990E+02;5.27847e-15;4.0487e-15;-9.990E+02
20:39:45.264;-00:48:25.290;6.05E+20;0.8;-999/-999;37901.4;7.16092e-15;2.43776e-15;4.86115e-15;2.80532e-15;-9.990E+02;1.92577e-15;1.97555e-15;-9.990E+02;1.41407e-14;6.40689e-15;-9.990E+02
20:40:30.711;-00:58:07.660;5.85E+20;0.8;-999/-999;35486.5;8.86123e-15;2.727e-15;1.02279e-14;4.25576e-15;-9.990E+02;3.07426e-15;2.49848e-15;-9.990E+02;9.04696e-15;5.31556e-15;-9.990E+02
20:39:48.288;-00:46:58.149;6.01E+20;0.8;-999/-999;39314.6;6.15761e-15;2.28285e-15;9.73278e-15;4.21981e-15;-9.990E+02;1.6569e-15;1.88507e-15;-9.990E+02;2.43422e-15;2.76944e-15;-9.990E+02
20:40:41.455;-00:48:18.096;5.68E+20;0.8;-999/-999;37425.2;7.41638e-15;2.56309e-15;3.43156e-15;2.56989e-15;-9.990E+02;6.94686e-15;4.01317e-15;-9.990E+02;1.02406e-14;5.91597e-15;-9.990E+02
20:39:38.560;-00:52:11.945;6.17E+20;0.8;-999/-999;39343.6;8.20453e-15;2.59879e-15;3.35634e-15;2.43734e-15;-9.990E+02;3.96259e-15;2.87759e-15;-9.990E+02;1.74421e-14;7.29101e-15;-9.990E+02
20:40:45.739;-00:50:37.034;5.70E+20;0.8;-999/-999;38607.2;1.22747e-14;3.017e-15;7.24505e-15;3.21834e-15;-9.990E+02;1.05477e-14;4.35938e-15;-9.990E+02;1.55456e-14;6.42499e-15;-9.990E+02
20:39:42.933;-00:46:53.068;6.05E+20;0.8;-999/-999;37480.7;7.69418e-15;2.59012e-15;7.83306e-15;3.65129e-15;-9.990E+02;1.86234e-15;1.95306e-15;-9.990E+02;1.09399e-14;5.66493e-15;-9.990E+02
20:40:04.110;-01:01:00.558;6.11E+20;0.8;-999/-999;38346.1;1.12519e-14;2.89959e-15;1.14823e-14;-5.91246e-12;1.01116e-14;1.45107e-14;5.14073e-15;-9.990E+02;1.86375e-14;7.20368e-15;-9.990E+02
20:39:49.763;-00:59:20.377;6.19E+20;0.8;-999/-999;39118.5;1.48325e-14;3.36512e-15;1.62003e-14;5.0524e-15;-9.990E+02;9.55243e-15;4.06329e-15;-9.990E+02;1.05034e-14;5.16393e-15;-9.990E+02
20:40:43.510;-00:45:49.979;5.65E+20;0.449;+0.19/-0.15;27319.4;8.77491e-14;8.93846e-15;5.08279e-15;2.63341e-15;-9.990E+02;9.73315e-14;1.32023e-14;-9.990E+02;1.08694e-13;1.7833e-14;-9.990E+02
20:39:33.074;-00:51:26.534;6.20E+20;0.8;-999/-999;38078.5;8.11665e-15;2.754e-15;5.5418e-15;3.29123e-15;-9.990E+02;2.17742e-15;2.24429e-15;-9.990E+02;1.59639e-14;7.31295e-15;-9.990E+02
20:40:21.693;-01:01:49.450;5.99E+20;0.8;-999/-999;38234.9;1.29863e-14;3.1941e-15;5.65051e-15;3.02761e-15;-9.990E+02;1.34878e-14;5.15928e-15;-9.990E+02;1.65109e-14;6.82315e-15;-9.990E+02
20:39:32.759;-00:53:13.896;6.23E+20;0.8;-999/-999;39081.0;8.19552e-15;2.60321e-15;1.30728e-14;4.67381e-15;-9.990E+02;8.47794e-15;-6.2753e-12;1.45204e-14;6.44117e-15;4.22116e-15;-9.990E+02
20:39:49.271;-01:01:03.049;6.22E+20;0.8;-999/-999;28441.3;2.80289e-14;4.74548e-15;2.30011e-14;6.19285e-15;-9.990E+02;4.51184e-15;2.86378e-15;-9.990E+02;5.2926e-14;1.22158e-14;-9.990E+02
20:40:47.493;-00:58:54.739;5.80E+20;1.131;+0.27/-0.20;27139.8;3.85461e-14;4.68958e-15;3.37339e-14;7.33202e-15;-9.990E+02;5.7608e-14;1.00242e-14;-9.990E+02;3.6052e-14;9.55678e-15;-9.990E+02
20:40:27.403;-01:02:41.257;5.96E+20;0.8;-999/-999;35978.0;8.49816e-15;2.88743e-15;1.3408e-14;5.20719e-15;-9.990E+02;2.28918e-15;2.30723e-15;-9.990E+02;3.36488e-15;3.39141e-15;-9.990E+02
01:08:47.396;-00:32:19.261;3.52E+20;0.8;-999/-999;2266.5;7.02064e-14;2.39853e-14;2.14291e-14;1.81707e-14;-9.990E+02;1.18712e-13;4.97825e-14;-9.990E+02;4.47341e-14;3.7932e-14;-9.990E+02
01:08:26.690;-00:37:22.704;3.76E+20;0.8;-999/-999;2292.1;2.32213e-13;4.266e-14;1.22789e-13;4.19908e-14;-9.990E+02;2.09358e-13;6.4139e-14;-9.990E+02;3.1476e-13;9.64301e-14;-9.990E+02
03:49:00.557;-00:54:48.415;9.74E+20;0.650;+0.15/-0.12;92661.5;4.3137e-14;3.31398e-15;2.26981e-14;3.56284e-15;-9.990E+02;3.39159e-14;4.3378e-15;-9.990E+02;4.92881e-14;6.3039e-15;-9.990E+02
03:49:03.825;-00:53:49.550;9.75E+20;0.8;-999/-999;86840.2;5.00574e-15;1.30541e-15;3.1541e-15;1.60631e-15;-9.990E+02;2.30471e-15;1.34592e-15;-9.990E+02;8.69405e-15;3.09794e-15;-9.990E+02
03:48:55.997;-00:54:40.088;9.73E+20;0.8;-999/-999;94507.0;4.66711e-15;1.30478e-15;1.83605e-15;1.26431e-15;-9.990E+02;6.5663e-15;2.33999e-15;-9.990E+02;3.37672e-15;2.01274e-15;-9.990E+02
03:48:51.445;-00:55:34.763;9.70E+20;0.8;-999/-999;93593.8;3.42845e-15;1.18684e-15;1.46928e-15;1.20995e-15;-9.990E+02;1.43524e-15;1.18192e-15;-9.990E+02;7.1082e-15;3.08349e-15;-9.990E+02
03:48:51.472;-00:54:10.607;9.72E+20;0.8;-999/-999;92399.5;4.87672e-15;1.33792e-15;2.46592e-15;1.44861e-15;-9.990E+02;5.61447e-15;2.17455e-15;-9.990E+02;4.53798e-15;2.30685e-15;-9.990E+02
03:48:53.230;-00:53:35.420;9.73E+20;0.8;-999/-999;92724.1;4.31917e-15;1.27133e-15;5.09751e-15;2.116e-15;-9.990E+02;1.65717e-15;1.2008e-15;-9.990E+02;4.68732e-15;2.3886e-15;-9.990E+02
03:48:50.109;-00:54:00.706;9.70E+20;0.8;-999/-999;91948.2;6.27351e-15;1.47101e-15;1.13782e-15;9.72688e-16;-9.990E+02;8.88942e-15;2.64411e-15;-9.990E+02;6.29117e-15;2.63031e-15;-9.990E+02
03:48:46.911;-00:54:27.186;9.67E+20;0.835;+0.26/-0.19;89827.6;1.73365e-14;2.12017e-15;6.75943e-15;2.13075e-15;-9.990E+02;2.1217e-14;3.74215e-15;-9.990E+02;1.83572e-14;4.07722e-15;-9.990E+02
03:48:50.007;-00:58:34.154;9.67E+20;0.8;-999/-999;88879.3;5.06496e-15;1.41993e-15;1.08416e-14;3.34373e-15;-9.990E+02;6.06908e-15;-3.26815e-12;3.49675e-15;1.50111e-15;1.38891e-15;-9.990E+02
03:49:20.559;-00:55:03.118;9.81E+20;0.8;-999/-999;66270.0;1.30888e-14;2.01108e-15;4.42851e-15;1.83688e-15;-9.990E+02;1.43399e-14;3.27118e-15;-9.990E+02;1.6213e-14;4.1562e-15;-9.990E+02
03:49:09.415;-00:50:44.040;9.80E+20;0.8;-999/-999;61092.5;1.81624e-14;2.3457e-15;1.07473e-14;2.85022e-15;-9.990E+02;2.08831e-14;3.95847e-15;-9.990E+02;1.47635e-14;3.91533e-15;-9.990E+02
03:48:58.122;-01:00:59.192;9.67E+20;0.8;-999/-999;94516.4;4.71081e-15;1.3364e-15;2.33471e-15;1.47675e-15;-9.990E+02;5.1416e-15;2.17902e-15;-9.990E+02;4.8492e-15;2.51365e-15;-9.990E+02
03:48:57.273;-01:01:52.001;9.66E+20;0.8;-999/-999;91795.4;9.73501e-15;1.83711e-15;3.81975e-15;1.80609e-15;-9.990E+02;8.97377e-15;2.73908e-15;-9.990E+02;1.37581e-14;3.87689e-15;-9.990E+02
03:49:04.148;-01:02:20.654;9.67E+20;0.8;-999/-999;89474.7;4.23472e-15;1.31969e-15;3.62696e-15;1.86462e-15;-9.990E+02;1.77339e-15;1.27154e-15;-9.990E+02;6.2746e-15;2.8557e-15;-9.990E+02
03:48:34.769;-00:57:39.538;9.55E+20;0.8;-999/-999;86123.9;1.46974e-14;2.16554e-15;1.2795e-14;3.04551e-15;-9.990E+02;1.06569e-14;2.74782e-15;-9.990E+02;1.51006e-14;3.8936e-15;-9.990E+02
03:48:32.390;-00:53:59.790;9.56E+20;0.931;+0.22/-0.18;87784.3;2.16149e-14;2.42864e-15;1.95441e-14;3.77826e-15;-9.990E+02;1.99259e-14;3.58042e-15;-9.990E+02;2.20204e-14;4.54961e-15;-9.990E+02
03:48:39.686;-01:00:24.776;9.57E+20;0.8;-999/-999;92755.2;4.30149e-15;1.34995e-15;1.55242e-15;1.29558e-15;-9.990E+02;3.81709e-15;2.00964e-15;-9.990E+02;6.49139e-15;3.12807e-15;-9.990E+02
03:48:47.044;-00:48:02.181;9.74E+20;0.8;-999/-999;60822.0;9.41175e-15;1.84052e-15;9.8775e-15;2.98024e-15;-9.990E+02;7.22194e-15;2.54212e-15;-9.990E+02;6.80913e-15;2.91049e-15;-9.990E+02
03:49:18.973;-01:02:35.153;9.71E+20;0.8;-999/-999;77446.4;1.00437e-14;1.8392e-15;3.3844e-15;1.59045e-15;-9.990E+02;6.61097e-15;2.20237e-15;-9.990E+02;1.86996e-14;4.39409e-15;-9.990E+02
03:48:47.672;-00:47:34.536;9.75E+20;0.899;+0.19/-0.16;50100.5;3.11207e-14;2.96685e-15;2.46647e-14;4.26264e-15;-9.990E+02;2.97972e-14;4.50685e-15;-9.990E+02;3.2158e-14;5.55765e-15;-9.990E+02
03:48:29.068;-00:53:45.911;9.54E+20;0.8;-999/-999;88290.3;4.42523e-15;1.38236e-15;5.18199e-15;2.23785e-15;-9.990E+02;1.02101e-15;9.85653e-16;-9.990E+02;5.78867e-15;2.79414e-15;-9.990E+02
03:48:27.869;-00:54:57.744;9.52E+20;0.8;-999/-999;87077.2;8.89449e-15;1.83117e-15;2.19179e-15;1.37181e-15;-9.990E+02;9.7236e-15;2.81719e-15;-9.990E+02;1.22521e-14;3.87331e-15;-9.990E+02
03:49:34.192;-00:50:56.998;9.94E+20;0.796;+0.07/-0.07;13895.2;2.29214e-13;9.10116e-15;1.20747e-13;1.03047e-14;-9.990E+02;2.3349e-13;1.40071e-14;-9.990E+02;2.47316e-13;1.71441e-14;-9.990E+02
03:48:30.611;-00:50:34.616;9.58E+20;0.218;+0.25/-0.19;68359.6;2.5396e-14;3.40125e-15;5.61543e-15;1.89158e-15;-9.990E+02;1.54809e-14;3.38527e-15;-9.990E+02;3.47334e-14;6.4691e-15;-9.990E+02
03:48:26.426;-00:56:54.351;9.49E+20;0.8;-999/-999;89680.4;5.33983e-15;1.48051e-15;6.24329e-15;2.36039e-15;-9.990E+02;3.70023e-15;1.8023e-15;-9.990E+02;3.49575e-15;2.11488e-15;-9.990E+02
03:48:26.561;-00:52:47.093;9.53E+20;0.669;+0.07/-0.07;81719.8;1.4852e-13;6.34235e-15;7.68785e-14;6.38966e-15;-9.990E+02;1.2235e-13;8.44114e-15;-9.990E+02;1.6853e-13;1.17177e-14;-9.990E+02
03:48:55.967;-01:04:38.423;9.63E+20;0.614;+0.13/-0.12;86850.3;5.19415e-14;3.94065e-15;2.67337e-14;3.89813e-15;-9.990E+02;3.86186e-14;4.9711e-15;-9.990E+02;6.03822e-14;7.27668e-15;-9.990E+02
03:48:49.244;-01:04:36.865;9.62E+20;0.745;+0.21/-0.17;85932.9;2.67378e-14;2.94202e-15;1.77017e-14;3.74873e-15;-9.990E+02;2.14413e-14;4.06272e-15;-9.990E+02;2.93427e-14;5.36689e-15;-9.990E+02
03:48:24.661;-00:57:10.514;9.48E+20;0.030;+0.28/-0.20;84019.9;2.40689e-14;3.37302e-15;5.05844e-15;1.73992e-15;-9.990E+02;1.11795e-14;3.07517e-15;-9.990E+02;3.55345e-14;6.51551e-15;-9.990E+02
03:48:44.670;-01:04:38.651;9.59E+20;0.8;-999/-999;85148.2;4.66872e-15;1.48399e-15;4.70107e-15;2.29848e-15;-9.990E+02;2.99133e-15;-3.4185e-12;1.01621e-14;8.7136e-15;3.69783e-15;-9.990E+02
03:48:48.175;-01:05:09.482;9.61E+20;0.8;-999/-999;84189.9;1.19076e-14;2.16866e-15;8.95122e-15;2.94951e-15;-9.990E+02;1.09798e-14;3.15779e-15;-9.990E+02;1.08815e-14;3.65168e-15;-9.990E+02
03:48:32.280;-01:02:56.593;9.49E+20;-0.082;+0.28/-0.21;81662.3;1.27986e-14;2.72679e-15;4.82615e-15;-3.21062e-12;1.1075e-14;4.64722e-15;2.04105e-15;-9.990E+02;2.61261e-14;5.96359e-15;-9.990E+02
03:48:26.727;-01:01:55.507;9.46E+20;0.8;-999/-999;80919.5;8.88054e-15;1.99488e-15;2.5928e-15;1.63069e-15;-9.990E+02;1.28188e-14;3.74312e-15;-9.990E+02;7.26894e-15;3.2261e-15;-9.990E+02
03:48:34.820;-01:03:59.063;9.51E+20;0.8;-999/-999;83372.4;6.75207e-15;1.6643e-15;7.90235e-15;2.82366e-15;-9.990E+02;4.67486e-15;2.1446e-15;-9.990E+02;4.41941e-15;2.49558e-15;-9.990E+02
03:48:45.799;-01:06:02.040;9.58E+20;0.8;-999/-999;77339.3;7.47983e-15;1.8337e-15;1.95003e-15;1.39025e-15;-9.990E+02;3.83258e-15;1.95185e-15;-9.990E+02;1.62887e-14;4.60832e-15;-9.990E+02
03:48:42.300;-01:05:44.178;9.56E+20;0.8;-999/-999;78837.6;1.72618e-14;2.4993e-15;7.59501e-15;2.51643e-15;-9.990E+02;2.24082e-14;4.40861e-15;-9.990E+02;1.41044e-14;4.03635e-15;-9.990E+02
03:48:19.524;-00:50:55.751;9.49E+20;0.8;-999/-999;47413.8;1.58132e-14;2.6616e-15;8.21547e-15;2.90459e-15;-9.990E+02;1.62257e-14;4.09771e-15;-9.990E+02;1.72555e-14;4.97845e-15;-9.990E+02
03:49:24.359;-01:05:57.651;9.69E+20;0.534;+0.13/-0.11;42205.1;7.98773e-14;5.6985e-15;1.1977e-14;2.92828e-15;-9.990E+02;8.1906e-14;8.21413e-15;-9.990E+02;9.58328e-14;1.07754e-14;-9.990E+02
03:48:23.297;-00:48:37.563;9.54E+20;0.604;+0.22/-0.18;33386.4;3.83414e-14;4.52184e-15;2.30621e-14;4.90691e-15;-9.990E+02;2.44185e-14;5.1955e-15;-9.990E+02;4.47876e-14;8.39124e-15;-9.990E+02
03:48:57.474;-01:07:25.334;9.59E+20;0.8;-999/-999;67229.1;1.44964e-14;2.5011e-15;7.56243e-15;2.79598e-15;-9.990E+02;1.11425e-14;3.29546e-15;-9.990E+02;2.10433e-14;5.446e-15;-9.990E+02
03:49:06.126;-01:07:36.452;9.60E+20;0.843;+0.13/-0.11;45162.1;7.05442e-14;5.01921e-15;6.32101e-14;7.51066e-15;-9.990E+02;5.29268e-14;6.59957e-15;-9.990E+02;7.43503e-14;9.2709e-15;-9.990E+02
03:48:15.056;-00:51:44.133;9.45E+20;0.8;-999/-999;44956.7;2.0642e-14;3.1578e-15;7.41487e-15;2.89611e-15;-9.990E+02;1.46673e-14;3.90769e-15;-9.990E+02;3.64148e-14;7.38859e-15;-9.990E+02
03:48:19.380;-01:02:49.244;9.40E+20;0.580;+0.26/-0.20;72313.8;2.78321e-14;3.6195e-15;1.54937e-14;3.89153e-15;-9.990E+02;1.80585e-14;4.18624e-15;-9.990E+02;3.27939e-14;7.12586e-15;-9.990E+02
03:48:13.264;-01:00:14.854;9.37E+20;0.8;-999/-999;67671.4;1.73687e-14;2.82013e-15;1.347e-14;3.77383e-15;-9.990E+02;1.78443e-14;4.48312e-15;-9.990E+02;1.26739e-14;4.3384e-15;-9.990E+02
03:49:17.718;-01:08:38.211;9.61E+20;1.587;+0.14/-0.13;17851.0;6.91725e-14;4.21835e-15;1.20837e-13;1.34438e-14;-9.990E+02;1.58092e-13;1.31917e-14;-9.990E+02;5.35648e-14;8.57206e-15;-9.990E+02
03:48:57.873;-01:09:38.831;9.56E+20;0.744;+0.11/-0.10;32542.1;1.29809e-13;7.7823e-15;1.08236e-13;1.05122e-14;-9.990E+02;8.1474e-14;9.19333e-15;-9.990E+02;1.42566e-13;1.46268e-14;-9.990E+02
03:48:31.365;-01:09:39.318;9.33E+20;0.085;+0.28/-0.21;44989.1;4.58787e-14;6.62508e-15;9.16139e-15;3.39368e-15;-9.990E+02;2.39173e-14;6.20285e-15;-9.990E+02;6.62282e-14;1.30871e-14;-9.990E+02
02:04:31.458;+00:23:58.420;2.20E+20;0.8;-999/-999;6913.5;7.14628e-14;1.3481e-14;6.80244e-14;1.71064e-14;-9.990E+02;5.60189e-14;1.87892e-14;-9.990E+02;4.28056e-14;2.00947e-14;-9.990E+02
02:04:24.092;+00:25:10.453;2.19E+20;0.8;-999/-999;6740.5;5.42409e-14;1.15894e-14;5.8648e-14;1.58508e-14;-9.990E+02;1.77262e-14;1.09204e-14;-9.990E+02;5.4152e-14;2.31465e-14;-9.990E+02
02:04:42.517;+00:25:39.320;2.21E+20;0.8;-999/-999;6747.4;2.44636e-14;8.22646e-15;2.11874e-14;1.01069e-14;-9.990E+02;7.99152e-15;-2.14728e-11;1.05708e-13;4.88507e-14;2.3303e-14;-9.990E+02
02:04:37.653;+00:20:34.703;2.21E+20;0.8;-999/-999;6793.6;2.59471e-14;8.49618e-15;3.37131e-14;1.26564e-14;-9.990E+02;8.47426e-15;7.74487e-15;-9.990E+02;1.29461e-14;1.18318e-14;-9.990E+02
02:04:29.776;+00:18:17.605;2.21E+20;0.8;-999/-999;7184.6;2.60954e-14;8.49618e-15;7.53174e-15;5.9138e-15;-9.990E+02;3.40979e-14;1.55602e-14;-9.990E+02;3.47311e-14;1.9578e-14;-9.990E+02
02:04:02.088;+00:25:45.112;2.18E+20;0.8;-999/-999;7305.4;2.46672e-14;8.21792e-15;1.59963e-14;8.65261e-15;-9.990E+02;2.41912e-14;1.30853e-14;-9.990E+02;2.46371e-14;1.64175e-14;-9.990E+02
00:11:30.273;+00:57:52.640;2.66E+20;0.8;-999/-999;9490.1;5.48805e-14;1.02772e-14;3.63304e-14;1.12136e-14;-9.990E+02;4.72924e-14;1.54595e-14;-9.990E+02;6.2919e-14;2.20378e-14;-9.990E+02
00:11:44.783;+00:59:56.811;2.63E+20;0.8;-999/-999;10142.9;2.96914e-14;7.52895e-15;2.01309e-14;8.18075e-15;-9.990E+02;3.54484e-14;1.33401e-14;-9.990E+02;1.79751e-14;1.17697e-14;-9.990E+02
00:11:16.446;+01:00:49.682;2.67E+20;0.8;-999/-999;9606.3;2.71967e-14;7.5394e-15;4.80267e-15;4.30643e-15;-9.990E+02;4.91755e-14;1.63328e-14;-9.990E+02;2.13648e-14;1.35052e-14;-9.990E+02
00:11:33.826;+01:06:08.370;2.64E+20;0.8;-999/-999;10341.2;1.54742e-14;5.75148e-15;2.72906e-14;1.01434e-14;-9.990E+02;2.80148e-14;-1.4861e-11;3.77899e-14;1.21739e-14;-2.26026e-11;5.74761e-14
00:11:03.409;+01:00:32.131;2.69E+20;0.8;-999/-999;9465.2;2.25798e-14;7.13336e-15;1.33032e-14;7.37775e-15;-9.990E+02;2.59264e-14;1.23501e-14;-9.990E+02;1.9706e-14;1.34085e-14;-9.990E+02
00:11:03.031;+00:59:28.775;2.69E+20;0.8;-999/-999;9724.8;3.66819e-14;8.77952e-15;4.32046e-14;1.25541e-14;-9.990E+02;2.36868e-14;1.11346e-14;-9.990E+02;1.20025e-14;9.71833e-15;-9.990E+02
00:11:10.238;+01:05:52.710;2.67E+20;0.8;-999/-999;9638.5;2.96504e-14;8.08772e-15;3.05492e-14;1.03872e-14;-9.990E+02;3.19322e-14;1.2921e-14;-9.990E+02;9.70737e-15;-3.1751e-11;6.41592e-14
00:10:55.350;+00:59:48.718;2.70E+20;0.8;-999/-999;10375.9;2.00478e-14;6.99822e-15;2.06802e-14;-1.23625e-11;3.34601e-14;1.4797e-14;9.73237e-15;-9.990E+02;5.62424e-14;2.32458e-14;-9.990E+02
00:11:14.232;+01:09:28.541;2.66E+20;0.8;-999/-999;10159.5;4.68643e-14;1.02772e-14;3.8604e-14;1.28632e-14;-9.990E+02;4.03845e-14;1.59413e-14;-9.990E+02;3.6841e-14;1.87303e-14;-9.990E+02
00:10:48.568;+01:04:15.761;2.70E+20;0.8;-999/-999;10180.9;2.04321e-14;7.40988e-15;3.01116e-14;1.20689e-14;-9.990E+02;1.75899e-14;-1.9121e-11;5.81603e-14;1.33656e-14;1.1868e-14;-9.990E+02
